 $GENNBO  NATOMS=3    NBAS=19    UPPER  BODM  $END
 $NBO BNDIDX NLMO $END
 $COORD
 Molden2AIM, Version 3.1.0 (02/25/2015)           Time: Wed May 25 16:41:56 2016
     1    1       0.000000000       0.000000000      -0.066575001
     1    1       0.000000000       0.754175001       0.528381001
     1    1       0.000000000      -0.754174001       0.528382001
 $END
 $BASIS
  CENTER =      1      1      1      1      1      1      1      1      1      1
                1      1      1      2      2      2      3      3      3
   LABEL =      1      1    101    102    103      1    101    102    103      1
              101    102    103      1      1      1      1      1      1
 $END
 $CONTRACT
  NSHELL =     13
    NEXP =     26
   NCOMP =      1      1      3      1      3      1      3      1      1      1
                1      1      1
   NPRIM =      6      3      3      1      1      1      1      3      1      1
                3      1      1
    NPTR =      1      7     10     13     14     15     16     17     20     21
               22     25     26
     EXP =   0.8588500E+04   0.1297230E+04   0.2992960E+03   0.8737710E+02
             0.2567890E+02   0.3740040E+01   0.4211750E+02   0.9628370E+01
             0.2853320E+01   0.4211750E+02   0.9628370E+01   0.2853320E+01
             0.9056610E+00   0.9056610E+00   0.2556110E+00   0.2556110E+00
             0.3386500E+02   0.5094790E+01   0.1158790E+01   0.3258400E+00
             0.1027410E+00   0.3386500E+02   0.5094790E+01   0.1158790E+01
             0.3258400E+00   0.1027410E+00
      CS =   0.1205013E+01   0.2216205E+01   0.3627452E+01   0.4888452E+01
             0.4835721E+01   0.5382295E+00   0.1341958E+01   0.3587114E+01
            -0.5123468E-02   0.0000000E+00   0.0000000E+00   0.0000000E+00
             0.6616592E+00   0.0000000E+00   0.2562092E+00   0.0000000E+00
             0.2550693E+00   0.4601087E+00   0.6783214E+00   0.3073714E+00
             0.1293356E+00   0.2550693E+00   0.4601087E+00   0.6783214E+00
             0.3073714E+00   0.1293356E+00
      CP =   0.0000000E+00   0.0000000E+00   0.0000000E+00   0.0000000E+00
             0.0000000E+00   0.0000000E+00   0.0000000E+00   0.0000000E+00
             0.0000000E+00   0.5584018E+01   0.5733366E+01   0.4332955E+01
             0.0000000E+00   0.1259352E+01   0.0000000E+00   0.2590684E+00
             0.0000000E+00   0.0000000E+00   0.0000000E+00   0.0000000E+00
             0.0000000E+00   0.0000000E+00   0.0000000E+00   0.0000000E+00
             0.0000000E+00   0.0000000E+00
 $END
 $OVERLAP
    0.1000000E+01  0.9019787E+00  0.1000000E+01  0.0000000E+00  0.0000000E+00
    0.1000000E+01  0.0000000E+00  0.0000000E+00  0.0000000E+00  0.1000000E+01
    0.1152676E-16  0.0000000E+00  0.0000000E+00  0.0000000E+00  0.1000000E+01
    0.3524809E+00  0.4014864E+00  0.0000000E+00  0.0000000E+00  0.6079787E-16
    0.1000000E+01  0.0000000E+00  0.0000000E+00  0.6119923E+00  0.0000000E+00
    0.0000000E+00  0.0000000E+00  0.1000000E+01  0.0000000E+00  0.0000000E+00
    0.0000000E+00  0.6119923E+00  0.0000000E+00  0.0000000E+00  0.0000000E+00
    0.1000000E+01  0.1357389E-18 -0.1368299E-18  0.0000000E+00  0.0000000E+00
    0.6119923E+00  0.0000000E+00  0.0000000E+00  0.0000000E+00  0.1000000E+01
    0.1579450E+00  0.1702975E+00  0.0000000E+00  0.0000000E+00  0.3129949E-16
    0.7543154E+00  0.0000000E+00  0.0000000E+00  0.3984887E-16  0.1000000E+01
    0.0000000E+00  0.0000000E+00  0.1971949E+00  0.0000000E+00  0.0000000E+00
    0.0000000E+00  0.6250599E+00  0.0000000E+00  0.0000000E+00  0.0000000E+00
    0.1000000E+01  0.0000000E+00  0.0000000E+00  0.0000000E+00  0.1971949E+00
    0.0000000E+00  0.0000000E+00  0.0000000E+00  0.6250599E+00  0.0000000E+00
    0.0000000E+00  0.0000000E+00  0.1000000E+01 -0.1465999E-17 -0.3742286E-19
    0.0000000E+00  0.0000000E+00  0.1971949E+00  0.2117010E-16  0.0000000E+00
    0.0000000E+00  0.6250599E+00  0.0000000E+00  0.0000000E+00  0.0000000E+00
    0.1000000E+01  0.1418058E-01  0.1293282E-01  0.0000000E+00  0.5973162E-01
    0.4712128E-01  0.1671948E+00  0.0000000E+00  0.2619934E+00  0.2066822E+00
    0.3131119E+00  0.0000000E+00  0.3744312E+00  0.2953825E+00  0.1000000E+01
    0.6740009E-01  0.7146788E-01  0.0000000E+00  0.7819415E-01  0.6168605E-01
    0.3762207E+00  0.0000000E+00  0.2700201E+00  0.2130143E+00  0.6169085E+00
    0.0000000E+00  0.4981989E+00  0.3930207E+00  0.7063772E+00  0.1000000E+01
    0.5945333E-01  0.6286822E-01  0.0000000E+00  0.2343536E-01  0.1848776E-01
    0.3471963E+00  0.0000000E+00  0.9595531E-01  0.7569754E-01  0.6756093E+00
    0.0000000E+00  0.2791389E+00  0.2202080E+00  0.3736640E+00  0.7889632E+00
    0.1000000E+01  0.1418059E-01  0.1293284E-01  0.0000000E+00 -0.5973160E-01
    0.4712140E-01  0.1671949E+00  0.0000000E+00 -0.2619932E+00  0.2066827E+00
    0.3131119E+00  0.0000000E+00 -0.3744308E+00  0.2953830E+00  0.6661191E-02
    0.8662756E-01  0.1728959E+00  0.1000000E+01  0.6740011E-01  0.7146790E-01
    0.0000000E+00 -0.7819407E-01  0.6168618E-01  0.3762208E+00  0.0000000E+00
   -0.2700198E+00  0.2130148E+00  0.6169086E+00  0.0000000E+00 -0.4981983E+00
    0.3930214E+00  0.8662756E-01  0.2661599E+00  0.4182568E+00  0.7063772E+00
    0.1000000E+01  0.5945334E-01  0.6286823E-01  0.0000000E+00 -0.2343533E-01
    0.1848779E-01  0.3471964E+00  0.0000000E+00 -0.9595520E-01  0.7569767E-01
    0.6756094E+00  0.0000000E+00 -0.2791385E+00  0.2202084E+00  0.1728959E+00
    0.4182568E+00  0.6587810E+00  0.3736640E+00  0.7889632E+00  0.1000000E+01
 $END
 $DENSITY
    0.6372268E+00  0.5689720E+00  0.5268454E+00  0.0000000E+00  0.0000000E+00
    0.1723409E+00  0.0000000E+00  0.0000000E+00  0.0000000E+00  0.9803769E-01
    0.1405173E-01  0.2154088E-01  0.0000000E+00  0.0000000E+00  0.1292983E+00
   -0.1344269E+00 -0.2307489E+00  0.0000000E+00  0.0000000E+00 -0.6136754E-01
    0.6800786E+00  0.0000000E+00  0.0000000E+00  0.2588330E+00  0.0000000E+00
    0.0000000E+00  0.0000000E+00  0.3887327E+00  0.0000000E+00  0.0000000E+00
    0.0000000E+00  0.1628978E+00  0.0000000E+00  0.0000000E+00  0.0000000E+00
    0.2706684E+00  0.9246758E-02  0.1678812E-01  0.0000000E+00  0.0000000E+00
    0.1985708E+00 -0.6069223E-01  0.0000000E+00  0.0000000E+00  0.3067402E+00
   -0.1237376E+00 -0.2078164E+00  0.0000000E+00  0.0000000E+00 -0.1069818E+00
    0.6013449E+00  0.0000000E+00  0.0000000E+00 -0.1358808E+00  0.5542101E+00
    0.0000000E+00  0.0000000E+00  0.2855952E+00  0.0000000E+00  0.0000000E+00
    0.0000000E+00  0.4289259E+00  0.0000000E+00  0.0000000E+00  0.0000000E+00
    0.4732750E+00  0.0000000E+00  0.0000000E+00  0.0000000E+00  0.1000569E+00
    0.0000000E+00  0.0000000E+00  0.0000000E+00  0.1662529E+00  0.0000000E+00
    0.0000000E+00  0.0000000E+00  0.1021177E+00  0.1887770E-01  0.3176993E-01
    0.0000000E+00  0.0000000E+00  0.1944203E+00 -0.9995242E-01  0.0000000E+00
    0.0000000E+00  0.2982222E+00 -0.1673319E+00  0.0000000E+00  0.0000000E+00
    0.2924552E+00 -0.1452998E-01 -0.2446985E-01  0.0000000E+00  0.7018665E-01
    0.5302691E-01  0.6812210E-01  0.0000000E+00  0.1166210E+00  0.8626379E-01
    0.3504208E-01  0.0000000E+00  0.7163221E-01  0.7864636E-01  0.8537074E-01
    0.2579589E-03  0.6639637E-03  0.0000000E+00  0.8896198E-01  0.5863413E-01
   -0.5174007E-02  0.0000000E+00  0.1478178E+00  0.9123128E-01 -0.2934169E-01
    0.0000000E+00  0.9079424E-01  0.8790876E-01  0.9098799E-01  0.1081088E+00
    0.3569406E-02  0.5933190E-02  0.0000000E+00  0.2317725E-01  0.1542706E-01
   -0.1752806E-01  0.0000000E+00  0.3851094E-01  0.2316720E-01 -0.2139586E-01
    0.0000000E+00  0.2365461E-01  0.2331806E-01  0.2145748E-01  0.2767261E-01
    0.7480069E-02 -0.1452998E-01 -0.2446985E-01  0.0000000E+00 -0.7018665E-01
    0.5302691E-01  0.6812210E-01  0.0000000E+00 -0.1166210E+00  0.8626379E-01
    0.3504208E-01  0.0000000E+00 -0.7163221E-01  0.7864636E-01 -0.1512460E-01
   -0.3639043E-01 -0.1172840E-01  0.8537074E-01  0.2579589E-03  0.6639637E-03
    0.0000000E+00 -0.8896198E-01  0.5863413E-01 -0.5174007E-02  0.0000000E+00
   -0.1478178E+00  0.9123128E-01 -0.2934169E-01  0.0000000E+00 -0.9079424E-01
    0.8790876E-01 -0.3639043E-01 -0.5334404E-01 -0.1439068E-01  0.9098799E-01
    0.1081088E+00  0.3569406E-02  0.5933190E-02  0.0000000E+00 -0.2317725E-01
    0.1542706E-01 -0.1752806E-01  0.0000000E+00 -0.3851094E-01  0.2316720E-01
   -0.2139586E-01  0.0000000E+00 -0.2365461E-01  0.2331806E-01 -0.1172840E-01
   -0.1439068E-01 -0.3478671E-02  0.2145748E-01  0.2767261E-01  0.7480069E-02
 $END
