 Elements                             References 
  H - Ne: J.S. Binkley, J.A. Pople, W.J. Hehre, J. Am. Chem. Soc 102 939 (1980) 
 Na - Ar: M.S. Gordon, J.S. Binkley, J.A. Pople, W.J. Pietro and W.J. Hehre,  
          J. Am. Chem. Soc. 104, 2797 (1983). 
  K - Ca: K.D. Dobbs, W.J. Hehre, J. Comput. Chem. 7, 359 (1986).  
 Ga - Kr: K.D. Dobbs, W.J. Hehre, J. Comput. Chem. 7, 359 (1986). 
 Sc - Zn: K.D. Dobbs, W.J. Hehre, J. Comput. Chem. 8, 861 (1987).  
  Y - Cd: K.D. Dobbs, W.J. Hehre, J. Comput. Chem. 8, 880 (1987).  
 Cs     : A 3-21G quality set derived from the Huzinage MIDI basis sets. 
          E.D. Glendening and D. Feller, J. Phys. Chem. 99, 3060 (1995) 
    
 Elements                             Reference 
 H, Li-Cl: T. Clark, J. Chandrasekhar,  G.W. Spitznagel, P.V.R. Schleyer,  
           J. Comp. Chem. 4, 294 (1983). 
    
O-HYDROGEN H (3-21++G) BASIS TYPE: 1
# 
3
1 0 2
5.44717800 0.15628500
0.82454700 0.90469100
2 0 1
0.18319200 1.00000000
3 0 1
0.03600000 1.00000000

O-LITHIUM LI (3-21++G) BASIS TYPE: 1
# 
7
1 0 3
36.83820000 0.06966860
5.48172000 0.38134600
1.11327000 0.68170200
2 0 2
0.54020500 -0.26312700
0.10225500 1.14339000
3 1 2
0.54020500 0.16154600
0.10225500 0.91566300
4 0 1
0.02856500 1.00000000
5 1 1
0.02856500 1.00000000
6 0 1
0.00740000 1.00000000
7 1 1
0.00740000 1.00000000

O-BERYLLIUM BE (3-21++G) BASIS TYPE: 1
# 
7
1 0 3
71.88760000 0.06442630
10.72890000 0.36609600
2.22205000 0.69593400
2 0 2
1.29548000 -0.42106400
0.26888100 1.22407000
3 1 2
1.29548000 0.20513200
0.26888100 0.88252800
4 0 1
0.07735000 1.00000000
5 1 1
0.07735000 1.00000000
6 0 1
0.02070000 1.00000000
7 1 1
0.02070000 1.00000000

O-BORON B (3-21++G) BASIS TYPE: 1
# 
7
1 0 3
116.43400000 0.06296050
17.43140000 0.36330400
3.68016000 0.69725500
2 0 2
2.28187000 -0.36866200
0.46524800 1.19944000
3 1 2
2.28187000 0.23115200
0.46524800 0.86676400
4 0 1
0.12432800 1.00000000
5 1 1
0.12432800 1.00000000
6 0 1
0.03150000 1.00000000
7 1 1
0.03150000 1.00000000

O-CARBON C (3-21++G) BASIS TYPE: 1
# 
7
1 0 3
172.25600000 0.06176690
25.91090000 0.35879400
5.53335000 0.70071300
2 0 2
3.66498000 -0.39589700
0.77054500 1.21584000
3 1 2
3.66498000 0.23646000
0.77054500 0.86061900
4 0 1
0.19585700 1.00000000
5 1 1
0.19585700 1.00000000
6 0 1
0.04380000 1.00000000
7 1 1
0.04380000 1.00000000

O-NITROGEN N (3-21++G) BASIS TYPE: 1
# 
7
1 0 3
242.76600000 0.05986570
36.48510000 0.35295500
7.81449000 0.70651300
2 0 2
5.42522000 -0.41330100
1.14915000 1.22442000
3 1 2
5.42522000 0.23797200
1.14915000 0.85895300
4 0 1
0.28320500 1.00000000
5 1 1
0.28320500 1.00000000
6 0 1
0.06390000 1.00000000
7 1 1
0.06390000 1.00000000

O-OXYGEN O (3-21++G) BASIS TYPE: 1
# 
7
1 0 3
322.03700000 0.05923940
48.43080000 0.35150000
10.42060000 0.70765800
2 0 2
7.40294000 -0.40445300
1.57620000 1.22156000
3 1 2
7.40294000 0.24458600
1.57620000 0.85395500
4 0 1
0.37368400 1.00000000
5 1 1
0.37368400 1.00000000
6 0 1
0.08450000 1.00000000
7 1 1
0.08450000 1.00000000

O-FLUORINE F (3-21++G) BASIS TYPE: 1
# 
7
1 0 3
413.80100000 0.05854830
62.24460000 0.34930800
13.43400000 0.70963200
2 0 2
9.77759000 -0.40732700
2.08617000 1.22314000
3 1 2
9.77759000 0.24668000
2.08617000 0.85232100
4 0 1
0.48238300 1.00000000
5 1 1
0.48238300 1.00000000
6 0 1
0.10760000 1.00000000
7 1 1
0.10760000 1.00000000

O-NEON NE (3-21++G) BASIS TYPE: 1
# 
7
1 0 3
515.72400000 0.05814300
77.65380000 0.34795100
16.81360000 0.71071400
2 0 2
12.48300000 -0.40992200
2.66451000 1.22431000
3 1 2
12.48300000 0.24746000
2.66451000 0.85174300
4 0 1
0.60625000 1.00000000
5 1 1
0.60625000 1.00000000
6 0 1
0.13000000 1.00000000
7 1 1
0.13000000 1.00000000

O-SODIUM NA (3-21++G) BASIS TYPE: 1
# 
9
1 0 3
547.61300000 0.06749110
82.06780000 0.39350500
17.69170000 0.66560500
2 0 3
17.54070000 -0.11193700
3.79398000 0.25465400
0.90644100 0.84441700
3 1 3
17.54070000 0.12823300
3.79398000 0.47153300
0.90644100 0.60427300
4 0 2
0.50182400 -0.21966000
0.06094580 1.08912000
5 1 2
0.50182400 0.00906650
0.06094580 0.99720200
6 0 1
0.02443490 1.00000000
7 1 1
0.02443490 1.00000000
8 0 1
0.00760000 1.00000000
9 1 1
0.00760000 1.00000000

O-MAGNESIUM MG (3-21++G) BASIS TYPE: 1
# 
9
1 0 3
652.84100000 0.06759820
98.38050000 0.39177800
21.29960000 0.66666100
2 0 3
23.37270000 -0.11024600
5.19953000 0.18411900
1.31508000 0.89639900
3 1 3
23.37270000 0.12101400
5.19953000 0.46281000
1.31508000 0.60690700
4 0 2
0.61134900 -0.36110100
0.14184100 1.21505000
5 1 2
0.61134900 0.02426330
0.14184100 0.98667300
6 0 1
0.04640110 1.00000000
7 1 1
0.04640110 1.00000000
8 0 1
0.01460000 1.00000000
9 1 1
0.01460000 1.00000000

O-ALUMINUM AL (3-21++G) BASIS TYPE: 1
# 
9
1 0 3
775.73700000 0.06683470
116.95200000 0.38906100
25.33260000 0.66946800
2 0 3
29.47960000 -0.10790200
6.63314000 0.14624500
1.72675000 0.92373000
3 1 3
29.47960000 0.11757400
6.63314000 0.46117400
1.72675000 0.60553500
4 0 2
0.94616000 -0.32032700
0.20250600 1.18412000
5 1 2
0.94616000 0.05193830
0.20250600 0.97266000
6 0 1
0.06390880 1.00000000
7 1 1
0.06390880 1.00000000
8 0 1
0.03180000 1.00000000
9 1 1
0.03180000 1.00000000

O-SILICON SI (3-21++G) BASIS TYPE: 1
# 
9
1 0 3
910.65500000 0.06608230
137.33600000 0.38622900
29.76010000 0.67238000
2 0 3
36.67160000 -0.10451100
8.31729000 0.10741000
2.21645000 0.95144600
3 1 3
36.67160000 0.11335500
8.31729000 0.45757800
2.21645000 0.60742700
4 0 2
1.07913000 -0.37610800
0.30242200 1.25165000
5 1 2
1.07913000 0.06710300
0.30242200 0.95688300
6 0 1
0.09333920 1.00000000
7 1 1
0.09333920 1.00000000
8 0 1
0.03310000 1.00000000
9 1 1
0.03310000 1.00000000

O-PHOSPHOROUS P (3-21++G) BASIS TYPE: 1
# 
9
1 0 3
1054.90000000 0.06554100
159.19500000 0.38403600
34.53040000 0.67454100
2 0 3
44.28660000 -0.10213000
10.10190000 0.08159200
2.73997000 0.96978800
3 1 3
44.28660000 0.11085100
10.10190000 0.45649500
2.73997000 0.60693600
4 0 2
1.21865000 -0.37149500
0.39554600 1.27099000
5 1 2
1.21865000 0.09158200
0.39554600 0.93492400
6 0 1
0.12281100 1.00000000
7 1 1
0.12281100 1.00000000
8 0 1
0.03480000 1.00000000
9 1 1
0.03480000 1.00000000

O-SULFUR S (3-21++G) BASIS TYPE: 1
# 
9
1 0 3
1210.62000000 0.06500700
182.74700000 0.38204000
39.66730000 0.67654500
2 0 3
52.22360000 -0.10031000
11.96290000 0.06508800
3.28911000 0.98145500
3 1 3
52.22360000 0.10964600
11.96290000 0.45764900
3.28911000 0.60426100
4 0 2
1.22384000 -0.28608900
0.45730300 1.22806000
5 1 2
1.22384000 0.16477700
0.45730300 0.87085500
6 0 1
0.14226900 1.00000000
7 1 1
0.14226900 1.00000000
8 0 1
0.04050000 1.00000000
9 1 1
0.04050000 1.00000000

O-CHLORINE CL (3-21++G) BASIS TYPE: 1
# 
9
1 0 3
1376.40000000 0.06458270
207.85700000 0.38036300
45.15540000 0.67819000
2 0 3
60.80140000 -0.09876390
13.97650000 0.05113380
3.88710000 0.99133700
3 1 3
60.80140000 0.10859800
13.97650000 0.45868200
3.88710000 0.60196200
4 0 2
1.35299000 -0.22240100
0.52695500 1.18252000
5 1 2
1.35299000 0.21921600
0.52695500 0.82232100
6 0 1
0.16671400 1.00000000
7 1 1
0.16671400 1.00000000
8 0 1
0.04830000 1.00000000
9 1 1
0.04830000 1.00000000

O-ARGON AR (3-21++G) BASIS TYPE: 1
# 
9
1 0 3
1553.71000000 0.06417070
234.67800000 0.37879700
51.01210000 0.67975200
2 0 3
70.04530000 -0.09746610
16.14730000 0.03905690
4.53492000 0.99991600
3 1 3
70.04530000 0.10761900
16.14730000 0.45957600
4.53492000 0.60004100
4 0 2
1.54209000 -0.17686600
0.60726700 1.14690000
5 1 2
1.54209000 0.25568700
0.60726700 0.78984200
6 0 1
0.19537300 1.00000000
7 1 1
0.19537300 1.00000000
8 0 1
0.06000000 1.00000000
9 1 1
0.06000000 1.00000000

O-POTASSIUM K (3-21++G) BASIS TYPE: 1
# 
11
1 0 3
1721.17550000 0.06487470
260.01633000 0.38085930
56.62455400 0.67736810
2 0 3
71.55720000 -0.10934290
15.43894000 0.11306400
4.47455100 0.94625750
3 1 3
71.55720000 0.13396540
15.43894000 0.53026730
4.47455100 0.51179920
4 0 3
4.12127500 -0.26997300
1.18862100 0.36463230
0.37567400 0.81075330
5 1 3
4.12127500 0.01994922
1.18862100 0.43402130
0.37567400 0.64532260
6 0 2
0.24457700 -0.26882500
0.03897200 1.12898300
7 1 2
0.24457700 0.00030810
0.03897200 0.99987870
8 0 1
0.01606300 1.00000000
9 1 1
0.01606300 1.00000000
10 0 1
0.00470000 1.00000000
11 1 1
0.00470000 1.00000000

O-CALCIUM CA (3-21++G) BASIS TYPE: 1
# 
11
1 0 3
1915.43480000 0.06462400
289.53324000 0.37983800
63.10635200 0.67832900
2 0 3
80.39744000 -0.10930300
17.33075000 0.10890000
5.08362400 0.94927700
3 1 3
80.39744000 0.13543300
17.33075000 0.53722200
5.08362400 0.50180400
4 0 3
4.78222900 -0.28160700
1.46255800 0.34105100
0.47922300 0.83810400
5 1 3
4.78222900 0.01900900
1.46255800 0.43603800
0.47922300 0.63867100
6 0 2
0.43968200 -0.26970500
0.05913000 1.11329300
7 1 2
0.43968200 0.00030800
0.05913000 0.99989600
8 0 1
0.02389700 1.00000000
9 1 1
0.02389700 1.00000000
10 0 1
0.00710000 1.00000000
11 1 1
0.00710000 1.00000000

