O-HYDROGEN_1 H_1 (3S2P) BASIS TYPE: 2
# (1S)-[1S]
9
1 0 1
22.30000000 1.00000000
2 0 1
32.80000000 1.00000000
3 0 1
41.00000000 1.00000000
4 1 1
26.16687500 1.00000000
5 1 1
18.21765900 1.00000000

O-HYDROGEN_2 H_2 (3S2P) BASIS TYPE: 2
# (1S)-[1S]
9
1 0 1
22.30000000 1.00000000
2 0 1
32.80000000 1.00000000
3 0 1
41.00000000 1.00000000
4 1 1
40.25819000 1.00000000
5 1 1
29.49726000 1.00000000

O-HYDROGEN_3 H_3 (3S2P) BASIS TYPE: 2
# (1S)-[1S]
9
1 0 1
22.30000000 1.00000000
2 0 1
32.80000000 1.00000000
3 0 1
41.00000000 1.00000000
4 1 1
42.87110000 1.00000000
5 1 1
28.18167000 1.00000000

