 Elements                             References 
 H, C - F: R. Ditchfield, W.J. Hehre and J.A. Pople, J. Chem. Phys. 54, 724  
           (1971). 
 He, Ne:   Gaussian 90  
 Li, Be:   These are actually 5-21G basis sets. 
 Na - Ar:  M.S. Gordon, J.S. Binkley, J.A. Pople, W.J. Pietro and W.J. Hehre, 
           J. Am. Chem. Soc. 104, 2797 (1983). 
O-HYDROGEN H (4-31G) BASIS TYPE: 1
# 
2
1 0 3
18.73113700 0.03349460
2.82539440 0.23472690
0.64012170 0.81375730
2 0 1
0.16127780 1.00000000

O-HELIUM HE (4-31G) BASIS TYPE: 1
# 
2
1 0 3
38.42163400 0.02376600
5.77803000 0.15467900
1.24177400 0.46963000
2 0 1
0.29796400 1.00000000

O-LITHIUM LI (4-31G) BASIS TYPE: 1
# 
5
1 0 5
275.39444000 0.00612185
41.43517500 0.04511296
9.36699380 0.19269415
2.53772530 0.46854421
0.74663650 0.44060752
2 0 2
0.73456430 -0.25253680
0.08719800 1.09734080
3 1 2
0.73456430 0.14359173
0.08719800 0.94780305
4 0 1
0.04043870 1.00000000
5 1 1
0.04043870 1.00000000

O-BERYLLIUM BE (4-31G) BASIS TYPE: 1
# 
5
1 0 5
554.01000000 0.00540997
83.26310000 0.04025150
18.86350000 0.17685800
5.17782000 0.45255900
1.55602000 0.47029300
2 0 2
1.44175249 -0.47742900
0.30186106 1.24745000
3 1 2
1.44175249 0.20114200
0.30186106 0.88448300
4 0 1
0.10096139 1.00000000
5 1 1
0.10096139 1.00000000

O-BORON B (4-31G) BASIS TYPE: 1
# 
5
1 0 4
330.75285000 0.01799420
49.84386500 0.12469370
11.11705400 0.43433540
2.92272430 0.56097940
2 0 3
5.68126460 -0.13038710
1.45440460 -0.25143440
0.42837860 1.20512920
3 1 3
5.68126460 0.06374290
1.45440460 0.27613310
0.42837860 0.77738660
4 0 1
0.14421920 1.00000000
5 1 1
0.14421920 1.00000000

O-CARBON C (4-31G) BASIS TYPE: 1
# 
5
1 0 4
486.96693000 0.01772580
73.37109400 0.12347870
16.41345800 0.43387540
4.34498360 0.56150420
2 0 3
8.67352530 -0.12138370
2.09661930 -0.22733850
0.60465130 1.18517390
3 1 3
8.67352530 0.06354540
2.09661930 0.29826780
0.60465130 0.76210320
4 0 1
0.18355780 1.00000000
5 1 1
0.18355780 1.00000000

O-NITROGEN N (4-31G) BASIS TYPE: 1
# 
5
1 0 4
671.27950000 0.01759825
101.20170000 0.12284624
22.69997000 0.43378214
6.04060900 0.56141822
2 0 3
12.39359970 -0.11748930
2.92238280 -0.21399402
0.83252808 1.17450211
3 1 3
12.39359970 0.06402034
2.92238280 0.31120255
0.83252808 0.75274824
4 0 1
0.22596400 1.00000000
5 1 1
0.22596400 1.00000000

O-OXYGEN O (4-31G) BASIS TYPE: 1
# 
5
1 0 4
883.27286000 0.01755060
133.12928000 0.12282920
29.90640800 0.43488360
7.97867720 0.56001080
2 0 3
16.19444700 -0.11340100
3.78008600 -0.17728650
1.07098360 1.15040790
3 1 3
16.19444700 0.06854530
3.78008600 0.33122540
1.07098360 0.73460790
4 0 1
0.28387980 1.00000000
5 1 1
0.28387980 1.00000000

O-FLUORINE F (4-31G) BASIS TYPE: 1
# 
5
1 0 4
1126.16300000 0.01747580
169.74320000 0.12252300
38.18151000 0.43499900
10.21204000 0.55981200
2 0 3
21.49537000 -0.11105700
4.98977800 -0.16832200
1.40357400 1.14362600
3 1 3
21.49537000 0.06988800
4.98977800 0.33938800
1.40357400 0.72795900
4 0 1
0.37303180 1.00000000
5 1 1
0.37303180 1.00000000

O-NEON NE (4-31G) BASIS TYPE: 1
# 
5
1 0 4
1397.93210000 0.01742381
210.76978000 0.12227275
47.46725700 0.43501423
12.72262600 0.55971464
2 0 3
27.21303300 -0.10960944
6.29413440 -0.16412489
1.76005130 1.14015159
3 1 3
27.21303300 0.07044031
6.29413440 0.34399305
1.76005130 0.72451496
4 0 1
0.46186700 1.00000000
5 1 1
0.46186700 1.00000000

O-PHOSPHOROUS P (4-31G) BASIS TYPE: 1
# 
7
1 0 4
3018.67180000 0.01852131
455.12712100 0.12990486
102.31473000 0.45510029
27.61784730 0.53313186
2 0 4
114.42940100 -0.02475030
26.58229590 -0.13509246
7.87188890 0.22773608
2.48785725 0.87559312
3 1 4
114.42940100 0.02741400
26.58229590 0.16907914
7.87188890 0.46910209
2.48785725 0.51815306
4 0 3
50.75061900 -0.04511922
1.67286242 -0.85047299
0.62109741 1.59628585
5 1 3
50.75061900 0.00377907
1.67286242 -0.04634384
0.62109741 1.03394429
6 0 1
0.16701601 1.00000000
7 1 1
0.16701601 1.00000000

O-SULFUR S (4-31G) BASIS TYPE: 1
# 
7
1 0 4
3442.12440000 0.01849210
518.91310000 0.12982200
116.69090000 0.45504180
31.57164700 0.53300840
2 0 4
127.44058000 -0.02726460
29.74766700 -0.14248340
8.83466420 0.25970430
2.81738980 0.85254730
3 1 4
127.44058000 0.02915200
29.74766700 0.17795970
8.83466420 0.48362370
2.81738980 0.49425530
4 0 3
3.72918540 -0.27753150
1.40677020 -0.45764350
0.54811000 1.43168430
5 1 3
3.72918540 -0.03375090
1.40677020 0.14571100
0.54811000 0.89828870
6 0 1
0.17038090 1.00000000
7 1 1
0.17038090 1.00000000

O-CHLORINE CL (4-31G) BASIS TYPE: 1
# 
7
1 0 4
3910.30260000 0.01837940
589.55180000 0.12914010
132.59392000 0.45404480
35.90354200 0.53443940
2 0 4
147.76535000 -0.02674330
34.50607500 -0.14469110
10.28647100 0.25170350
3.31114730 0.85982030
3 1 4
147.76535000 0.02886450
34.50607500 0.17796470
10.28647100 0.48699980
3.31114730 0.48901840
4 0 3
4.28028491 -0.27039630
1.64101667 -0.34162970
0.61447850 1.35002450
5 1 3
4.28028491 -0.03670280
1.64101667 0.19184920
0.61447850 0.86433760
6 0 1
0.19565941 1.00000000
7 1 1
0.19565941 1.00000000

