O-HYDROGEN_1 H_1 (5ZSP-DZD) BASIS TYPE: 2
# (1S)-[1S]
12
1 0 1
2.09153200 1.00000000
2 0 1
3.62253400 1.00000000
3 0 1
6.27459600 1.00000000
4 0 1
10.86760100 1.00000000
5 0 1
18.82378900 1.00000000
6 1 1
2.09153200 1.00000000
7 1 1
3.62253400 1.00000000
8 1 1
6.27459600 1.00000000
9 1 1
10.86760100 1.00000000
10 1 1
18.82378900 1.00000000
11 2 1
6.27459600 1.00000000
12 2 1
10.86760100 1.00000000

O-HYDROGEN_2 H_2 (5ZSP-DZD) BASIS TYPE: 2
# (1S)-[1S]
12
1 0 1
4.18098800 1.00000000
2 0 1
7.24147200 1.00000000
3 0 1
12.54296500 1.00000000
4 0 1
21.72441500 1.00000000
5 0 1
37.62889500 1.00000000
6 1 1
4.18098800 1.00000000
7 1 1
7.24147200 1.00000000
8 1 1
12.54296500 1.00000000
9 1 1
21.72441500 1.00000000
10 1 1
37.62889500 1.00000000
11 2 1
12.54296500 1.00000000
12 2 1
21.72441500 1.00000000

O-HYDROGEN_3 H_3 (5ZSP-DZD) BASIS TYPE: 2
# (1S)-[1S]
12
1 0 1
6.27459600 1.00000000
2 0 1
10.86760100 1.00000000
3 0 1
18.82378900 1.00000000
4 0 1
32.60280200 1.00000000
5 0 1
56.47136600 1.00000000
6 1 1
6.27459600 1.00000000
7 1 1
10.86760100 1.00000000
8 1 1
18.82378900 1.00000000
9 1 1
32.60280200 1.00000000
10 1 1
56.47136600 1.00000000
11 2 1
18.82378900 1.00000000
12 2 1
32.60280200 1.00000000

