  6-31++G  EMSL  Basis Set Exchange Library   7/12/12 8:44 PM 
 Elements                             References 
 H - He: W.J. Hehre, R. Ditchfield and J.A. Pople, J. Chem. Phys. 56, 
 Li - Ne: 2257 (1972).  Note: Li and B come from J.D. Dill and J.A. 
 Pople, J. Chem. Phys. 62, 2921 (1975). 
 Na - Ar: M.M. Francl, W.J. Petro, W.J. Hehre, J.S. Binkley, M.S. Gordon, 
 D.J. DeFrees and J.A. Pople, J. Chem. Phys. 77, 3654 (1982) 
 K  - Zn: V. Rassolov, J.A. Pople, M. Ratner and T.L. Windus, J. Chem. Phys. 
 109, 1223 (1998) 
 Note: He and Ne are unpublished basis sets taken from the Gaussian 
 program 
  
 Elements                             Reference 
 H, Li-Cl: T. Clark, J. Chandrasekhar,  G.W. Spitznagel, P.V.R. Schleyer,  
           J. Comp. Chem. 4, 294 (1983). 
    
O-HYDROGEN H (6-31++G) BASIS TYPE: 1
# 
3
1 0 3
18.73113700 0.03349460
2.82539370 0.23472695
0.64012170 0.81375733
2 0 1
0.16127780 1.00000000
3 0 1
0.03600000 1.00000000

O-LITHIUM LI (6-31++G) BASIS TYPE: 1
# 
7
1 0 6
642.41892000 0.00214260
96.79851500 0.01620890
22.09112100 0.07731560
6.20107030 0.24578600
1.93511770 0.47018900
0.63673580 0.34547080
2 0 3
2.32491840 -0.03509170
0.63243060 -0.19123280
0.07905340 1.08398780
3 1 3
2.32491840 0.00894150
0.63243060 0.14100950
0.07905340 0.94536370
4 0 1
0.03596200 1.00000000
5 1 1
0.03596200 1.00000000
6 0 1
0.00740000 1.00000000
7 1 1
0.00740000 1.00000000

O-BERYLLIUM BE (6-31++G) BASIS TYPE: 1
# 
7
1 0 6
1264.58570000 0.00194480
189.93681000 0.01483510
43.15908900 0.07209060
12.09866300 0.23715420
3.80632320 0.46919870
1.27289030 0.35652020
2 0 3
3.19646310 -0.11264870
0.74781330 -0.22950640
0.21996630 1.18691670
3 1 3
3.19646310 0.05598020
0.74781330 0.26155060
0.21996630 0.79397230
4 0 1
0.08230990 1.00000000
5 1 1
0.08230990 1.00000000
6 0 1
0.02070000 1.00000000
7 1 1
0.02070000 1.00000000

O-BORON B (6-31++G) BASIS TYPE: 1
# 
7
1 0 6
2068.88230000 0.00186630
310.64957000 0.01425150
70.68303300 0.06955160
19.86108000 0.23257290
6.29930480 0.46707870
2.12702700 0.36343140
2 0 3
4.72797100 -0.13039380
1.19033770 -0.13078890
0.35941170 1.13094440
3 1 3
4.72797100 0.07459760
1.19033770 0.30784670
0.35941170 0.74345680
4 0 1
0.12675120 1.00000000
5 1 1
0.12675120 1.00000000
6 0 1
0.03150000 1.00000000
7 1 1
0.03150000 1.00000000

O-CARBON C (6-31++G) BASIS TYPE: 1
# 
7
1 0 6
3047.52490000 0.00183470
457.36951000 0.01403730
103.94869000 0.06884260
29.21015500 0.23218440
9.28666300 0.46794130
3.16392700 0.36231200
2 0 3
7.86827240 -0.11933240
1.88128850 -0.16085420
0.54424930 1.14345640
3 1 3
7.86827240 0.06899910
1.88128850 0.31642400
0.54424930 0.74430830
4 0 1
0.16871440 1.00000000
5 1 1
0.16871440 1.00000000
6 0 1
0.04380000 1.00000000
7 1 1
0.04380000 1.00000000

O-NITROGEN N (6-31++G) BASIS TYPE: 1
# 
7
1 0 6
4173.51100000 0.00183480
627.45790000 0.01399500
142.90210000 0.06858700
40.23433000 0.23224100
12.82021000 0.46907000
4.39043700 0.36045500
2 0 3
11.62635800 -0.11496100
2.71628000 -0.16911800
0.77221800 1.14585200
3 1 3
11.62635800 0.06758000
2.71628000 0.32390700
0.77221800 0.74089500
4 0 1
0.21203130 1.00000000
5 1 1
0.21203130 1.00000000
6 0 1
0.06390000 1.00000000
7 1 1
0.06390000 1.00000000

O-OXYGEN O (6-31++G) BASIS TYPE: 1
# 
7
1 0 6
5484.67170000 0.00183110
825.23495000 0.01395010
188.04696000 0.06844510
52.96450000 0.23271430
16.89757000 0.47019300
5.79963530 0.35852090
2 0 3
15.53961600 -0.11077750
3.59993360 -0.14802630
1.01376180 1.13076700
3 1 3
15.53961600 0.07087430
3.59993360 0.33975280
1.01376180 0.72715860
4 0 1
0.27000580 1.00000000
5 1 1
0.27000580 1.00000000
6 0 1
0.08450000 1.00000000
7 1 1
0.08450000 1.00000000

O-FLUORINE F (6-31++G) BASIS TYPE: 1
# 
7
1 0 6
7001.71309000 0.00181962
1051.36609000 0.01391608
239.28569000 0.06840532
67.39744530 0.23318576
21.51995730 0.47126744
7.40310130 0.35661855
2 0 3
20.84795280 -0.10850698
4.80830834 -0.14645166
1.34406986 1.12868858
3 1 3
20.84795280 0.07162872
4.80830834 0.34591210
1.34406986 0.72246996
4 0 1
0.35815139 1.00000000
5 1 1
0.35815139 1.00000000
6 0 1
0.10760000 1.00000000
7 1 1
0.10760000 1.00000000

O-NEON NE (6-31++G) BASIS TYPE: 1
# 
7
1 0 6
8425.85153000 0.00188435
1268.51940000 0.01433690
289.62141400 0.07010962
81.85900400 0.23737327
26.25150790 0.47300713
9.09472051 0.34840124
2 0 3
26.53213100 -0.10711829
6.10175501 -0.14616382
1.69627153 1.12777350
3 1 3
26.53213100 0.07190959
6.10175501 0.34951337
1.69627153 0.71994051
4 0 1
0.44581870 1.00000000
5 1 1
0.44581870 1.00000000
6 0 1
0.13000000 1.00000000
7 1 1
0.13000000 1.00000000

O-SODIUM NA (6-31++G) BASIS TYPE: 1
# 
9
1 0 6
9993.20000000 0.00193770
1499.89000000 0.01480700
341.95100000 0.07270600
94.67970000 0.25262900
29.73450000 0.49324200
10.00630000 0.31316900
2 0 6
150.96300000 -0.00354210
35.58780000 -0.04395900
11.16830000 -0.10975210
3.90201000 0.18739800
1.38177000 0.64669900
0.46638200 0.30605800
3 1 6
150.96300000 0.00500170
35.58780000 0.03551100
11.16830000 0.14282500
3.90201000 0.33862000
1.38177000 0.45157900
0.46638200 0.27327100
4 0 3
0.49796600 -0.24850300
0.08435300 -0.13170400
0.06663500 1.23352000
5 1 3
0.49796600 -0.02302300
0.08435300 0.95035900
0.06663500 0.05985800
6 0 1
0.02595440 1.00000000
7 1 1
0.02595440 1.00000000
8 0 1
0.00760000 1.00000000
9 1 1
0.00760000 1.00000000

O-MAGNESIUM MG (6-31++G) BASIS TYPE: 1
# 
9
1 0 6
11722.80000000 0.00197780
1759.93000000 0.01511400
400.84600000 0.07391100
112.80700000 0.24919100
35.99970000 0.48792800
12.18280000 0.31966200
2 0 6
189.18000000 -0.00323720
45.21190000 -0.04100800
14.35630000 -0.11260000
5.13886000 0.14863300
1.90652000 0.61649700
0.70588700 0.36482900
3 1 6
189.18000000 0.00492810
45.21190000 0.03498900
14.35630000 0.14072500
5.13886000 0.33364200
1.90652000 0.44494000
0.70588700 0.26925400
4 0 3
0.92934000 -0.21229000
0.26903500 -0.10798500
0.11737900 1.17584000
5 1 3
0.92934000 -0.02241900
0.26903500 0.19227000
0.11737900 0.84618100
6 0 1
0.04210610 1.00000000
7 1 1
0.04210610 1.00000000
8 0 1
0.01460000 1.00000000
9 1 1
0.01460000 1.00000000

O-ALUMINUM AL (6-31++G) BASIS TYPE: 1
# 
9
1 0 6
13983.10000000 0.00194267
2098.75000000 0.01485990
477.70500000 0.07284940
134.36000000 0.24683000
42.87090000 0.48725800
14.51890000 0.32349600
2 0 6
239.66800000 -0.00292619
57.44190000 -0.03740800
18.28590000 -0.11448700
6.59914000 0.11563500
2.49049000 0.61259500
0.94454000 0.39379900
3 1 6
239.66800000 0.00460285
57.44190000 0.03319900
18.28590000 0.13628200
6.59914000 0.33047600
2.49049000 0.44914600
0.94454000 0.26570400
4 0 3
1.27790000 -0.22760600
0.39759000 0.00144583
0.16009500 1.09279000
5 1 3
1.27790000 -0.01751300
0.39759000 0.24453300
0.16009500 0.80493400
6 0 1
0.05565770 1.00000000
7 1 1
0.05565770 1.00000000
8 0 1
0.03180000 1.00000000
9 1 1
0.03180000 1.00000000

O-SILICON SI (6-31++G) BASIS TYPE: 1
# 
9
1 0 6
16115.90000000 0.00195948
2425.58000000 0.01492880
553.86700000 0.07284780
156.34000000 0.24613000
50.06830000 0.48591400
17.01780000 0.32500200
2 0 6
292.71800000 -0.00278094
69.87310000 -0.03571460
22.33630000 -0.11498500
8.15039000 0.09356340
3.13458000 0.60301700
1.22543000 0.41895900
3 1 6
292.71800000 0.00443826
69.87310000 0.03266790
22.33630000 0.13472100
8.15039000 0.32867800
3.13458000 0.44964000
1.22543000 0.26137200
4 0 3
1.72738000 -0.24463000
0.57292200 0.00431572
0.22219200 1.09818000
5 1 3
1.72738000 -0.01779510
0.57292200 0.25353900
0.22219200 0.80066900
6 0 1
0.07783690 1.00000000
7 1 1
0.07783690 1.00000000
8 0 1
0.03310000 1.00000000
9 1 1
0.03310000 1.00000000

O-PHOSPHOROUS P (6-31++G) BASIS TYPE: 1
# 
9
1 0 6
19413.30000000 0.00185160
2909.42000000 0.01420620
661.36400000 0.06999950
185.75900000 0.24007900
59.19430000 0.48476200
20.03100000 0.33520000
2 0 6
339.47800000 -0.00278217
81.01010000 -0.03604990
25.87800000 -0.11663100
9.45221000 0.09683280
3.66566000 0.61441800
1.46746000 0.40379800
3 1 6
339.47800000 0.00456462
81.01010000 0.03369360
25.87800000 0.13975500
9.45221000 0.33936200
3.66566000 0.45092100
1.46746000 0.23858600
4 0 3
2.15623000 -0.25292300
0.74899700 0.03285170
0.28314500 1.08125000
5 1 3
2.15623000 -0.01776530
0.74899700 0.27405800
0.28314500 0.78542100
6 0 1
0.09983170 1.00000000
7 1 1
0.09983170 1.00000000
8 0 1
0.03480000 1.00000000
9 1 1
0.03480000 1.00000000

O-SULFUR S (6-31++G) BASIS TYPE: 1
# 
9
1 0 6
21917.10000000 0.00186900
3301.49000000 0.01423000
754.14600000 0.06969600
212.71100000 0.23848700
67.98960000 0.48330700
23.05150000 0.33807400
2 0 6
423.73500000 -0.00237670
100.71000000 -0.03169300
32.15990000 -0.11331700
11.80790000 0.05609000
4.63110000 0.59225500
1.87025000 0.45500600
3 1 6
423.73500000 0.00406100
100.71000000 0.03068100
32.15990000 0.13045200
11.80790000 0.32720500
4.63110000 0.45285100
1.87025000 0.25604200
4 0 3
2.61584000 -0.25037400
0.92216700 0.06695700
0.34128700 1.05451000
5 1 3
2.61584000 -0.01451100
0.92216700 0.31026300
0.34128700 0.75448300
6 0 1
0.11716700 1.00000000
7 1 1
0.11716700 1.00000000
8 0 1
0.04050000 1.00000000
9 1 1
0.04050000 1.00000000

O-CHLORINE CL (6-31++G) BASIS TYPE: 1
# 
9
1 0 6
25180.10000000 0.00183300
3780.35000000 0.01403400
860.47400000 0.06909700
242.14500000 0.23745200
77.33490000 0.48303400
26.24700000 0.33985600
2 0 6
491.76500000 -0.00229740
116.98400000 -0.03071400
37.41530000 -0.11252800
13.78340000 0.04501600
5.45215000 0.58935300
2.22588000 0.46520600
3 1 6
491.76500000 0.00398940
116.98400000 0.03031800
37.41530000 0.12988000
13.78340000 0.32795100
5.45215000 0.45352700
2.22588000 0.25215400
4 0 3
3.18649000 -0.25183000
1.14427000 0.06158900
0.42037700 1.06018000
5 1 3
3.18649000 -0.01429900
1.14427000 0.32357200
0.42037700 0.74350700
6 0 1
0.14265700 1.00000000
7 1 1
0.14265700 1.00000000
8 0 1
0.04830000 1.00000000
9 1 1
0.04830000 1.00000000

O-ARGON AR (6-31++G) BASIS TYPE: 1
# 
9
1 0 6
28348.30000000 0.00182526
4257.62000000 0.01396860
969.85700000 0.06870730
273.26300000 0.23620400
87.36950000 0.48221400
29.68670000 0.34204300
2 0 6
575.89100000 -0.00215972
136.81600000 -0.02907750
43.80980000 -0.11082700
16.20940000 0.02769990
6.46084000 0.57761300
2.65114000 0.48868800
3 1 6
575.89100000 0.00380665
136.81600000 0.02923050
43.80980000 0.12646700
16.20940000 0.32351000
6.46084000 0.45489600
2.65114000 0.25663000
4 0 3
3.86028000 -0.25559200
1.41373000 0.03780660
0.51664600 1.08056000
5 1 3
3.86028000 -0.01591970
1.41373000 0.32464600
0.51664600 0.74399000
6 0 1
0.17388800 1.00000000
7 1 1
0.17388800 1.00000000
8 0 1
0.06000000 1.00000000
9 1 1
0.06000000 1.00000000

O-POTASSIUM K (6-31++G) BASIS TYPE: 1
# 
11
1 0 6
31594.42000000 0.00182801
4744.33000000 0.01399403
1080.41900000 0.06887129
304.23380000 0.23697600
97.24586000 0.48290400
33.02495000 0.34047950
2 0 6
622.76250000 -0.00250298
147.88390000 -0.03315550
47.32735000 -0.12263870
17.51495000 0.05353643
6.92272200 0.61938600
2.76827700 0.43458780
3 1 6
622.76250000 0.00409464
147.88390000 0.03145199
47.32735000 0.13515580
17.51495000 0.33905000
6.92272200 0.46294550
2.76827700 0.22426380
4 0 6
11.84802000 0.01277689
4.07921100 0.20987670
1.76348100 -0.00309527
0.78892700 -0.55938840
0.35038700 -0.51347600
0.14634400 -0.06598035
5 1 6
11.84802000 -0.01221377
4.07921100 -0.00690054
1.76348100 0.20074660
0.78892700 0.42813320
0.35038700 0.39701560
0.14634400 0.11047180
6 0 3
0.71680100 -0.05237772
0.23374100 -0.27985030
0.03867500 1.14154700
7 1 3
0.71680100 0.03164300
0.23374100 -0.04046160
0.03867500 1.01202900
8 0 1
0.01652100 1.00000000
9 1 1
0.01652100 1.00000000
10 0 1
0.00470000 1.00000000
11 1 1
0.00470000 1.00000000

O-CALCIUM CA (6-31++G) BASIS TYPE: 1
# 
11
1 0 6
35264.86000000 0.00181350
5295.50300000 0.01388493
1206.02000000 0.06836162
339.68390000 0.23561880
108.62640000 0.48206390
36.92103000 0.34298190
2 0 6
706.30960000 0.00244823
167.81870000 0.03241504
53.82558000 0.12262190
20.01638000 -0.04316965
7.97027900 -0.61269950
3.21205900 -0.44875400
3 1 6
706.30960000 0.00402037
167.81870000 0.03100601
53.82558000 0.13372790
20.01638000 0.33679830
7.97027900 0.46312810
3.21205900 0.22575320
4 0 6
14.19518000 0.01084500
4.88082800 0.20883330
2.16039000 0.03150338
0.98789900 -0.55265180
0.44951700 -0.54379970
0.18738700 -0.06669342
5 1 6
14.19518000 -0.01289621
4.88082800 -0.01025198
2.16039000 0.19597810
0.98789900 0.43579330
0.44951700 0.39964520
0.18738700 0.09713636
6 0 3
1.03227100 -0.04439720
0.38117100 -0.32845630
0.06513100 1.16301000
7 1 3
1.03227100 -0.42986210
0.38117100 0.00693583
0.06513100 0.97059330
8 0 1
0.02601000 1.00000000
9 1 1
0.02601000 1.00000000
10 0 1
0.00710000 1.00000000
11 1 1
0.00710000 1.00000000

