  6-311G  EMSL  Basis Set Exchange Library   7/12/12 9:03 PM 
 Elements                             References 
 H, Li - Ne: R. Krishnan, J.S. Binkley, R. Seeger and J.A. Pople, 
             J. Chem. Phys. 72, 650 (1980) 
 Na - Ar:    A.D. McLean and G.S. Chandler J. Chem. Phys. 72, 5639, (1980). 
 K  - Ca:    J-P. Blaudeau, M. P. McGrath, L.A. Curtiss and L. Radom, 
             J. Chem. Phys. 107, 5016 (1997). 
 Ga - Kr:    L. A. Curtiss, M. P. McGrath, J-P. Blandeau, N. E. Davis,  
             R. C. Binning, Jr. L. Radom, J. Chem. Phys. 103, 6104 (1995). 
 I      :    M.N. Glukhovstev, A. pross, M.P. McGrath, L. Radom, J. Chem. Phys. 
             103, 1878 (1995) 
    
O-HYDROGEN H (6-311G) BASIS TYPE: 1
# 
3
1 0 3
33.86500000 0.02549380
5.09479000 0.19037300
1.15879000 0.85216100
2 0 1
0.32584000 1.00000000
3 0 1
0.10274100 1.00000000

O-HELIUM HE (6-311G) BASIS TYPE: 1
# 
3
1 0 3
98.12430000 0.02874520
14.76890000 0.20806100
3.31883000 0.83763500
2 0 1
0.87404700 1.00000000
3 0 1
0.24456400 1.00000000

O-HELIUM EA- (6-311G) BASIS TYPE: 1
# 
3
1 0 3
98.12430000 0.02874520
14.76890000 0.20806100
3.31883000 0.83763500
2 0 1
0.87404700 1.00000000
3 0 1
0.24456400 1.00000000

O-HELIUM EB- (6-311G) BASIS TYPE: 1
# 
3
1 0 3
98.12430000 0.02874520
14.76890000 0.20806100
3.31883000 0.83763500
2 0 1
0.87404700 1.00000000
3 0 1
0.24456400 1.00000000

O-LITHIUM LI (6-311G) BASIS TYPE: 1
# 
7
1 0 6
900.46000000 0.00228704
134.43300000 0.01763500
30.43650000 0.08734340
8.62639000 0.28097700
2.48332000 0.65874100
0.30317900 0.11871200
2 0 3
4.86890000 0.09332930
0.85692400 0.94304500
0.24322700 -0.00279827
3 1 3
4.86890000 0.03276610
0.85692400 0.15979200
0.24322700 0.88566700
4 0 1
0.06350700 1.00000000
5 1 1
0.06350700 1.00000000
6 0 1
0.02436830 1.00000000
7 1 1
0.02436830 1.00000000

O-BERYLLIUM BE (6-311G) BASIS TYPE: 1
# 
7
1 0 6
1682.80000000 0.00228574
251.71500000 0.01759380
57.41160000 0.08633150
16.51710000 0.28183500
4.85364000 0.64059400
0.62686300 0.14446700
2 0 3
8.30938000 0.10862100
1.74075000 0.92730100
0.48581600 -0.00297169
3 1 3
8.30938000 0.03613440
1.74075000 0.21695800
0.48581600 0.84183900
4 0 1
0.16361300 1.00000000
5 1 1
0.16361300 1.00000000
6 0 1
0.05672850 1.00000000
7 1 1
0.05672850 1.00000000

O-BORON B (6-311G) BASIS TYPE: 1
# 
7
1 0 6
2858.89000000 0.00215375
428.14000000 0.01658230
97.52820000 0.08218700
27.96930000 0.27661800
8.21577000 0.62931600
1.11278000 0.17377000
2 0 3
13.24150000 0.11744300
3.00166000 0.91800200
0.91285600 -0.00265105
3 1 3
13.24150000 0.04181000
3.00166000 0.23657500
0.91285600 0.81621400
4 0 1
0.31545400 1.00000000
5 1 1
0.31545400 1.00000000
6 0 1
0.09885630 1.00000000
7 1 1
0.09885630 1.00000000

O-CARBON C (6-311G) BASIS TYPE: 1
# 
7
1 0 6
4563.24000000 0.00196665
682.02400000 0.01523060
154.97300000 0.07612690
44.45530000 0.26080100
13.02900000 0.61646200
1.82773000 0.22100600
2 0 3
20.96420000 0.11466000
4.80331000 0.91999900
1.45933000 -0.00303068
3 1 3
20.96420000 0.04024870
4.80331000 0.23759400
1.45933000 0.81585400
4 0 1
0.48345600 1.00000000
5 1 1
0.48345600 1.00000000
6 0 1
0.14558500 1.00000000
7 1 1
0.14558500 1.00000000

O-NITROGEN N (6-311G) BASIS TYPE: 1
# 
7
1 0 6
6293.48000000 0.00196979
949.04400000 0.01496130
218.77600000 0.07350060
63.69160000 0.24893700
18.82820000 0.60246000
2.72023000 0.25620200
2 0 3
30.63310000 0.11190600
7.02614000 0.92166600
2.11205000 -0.00256919
3 1 3
30.63310000 0.03831190
7.02614000 0.23740300
2.11205000 0.81759200
4 0 1
0.68400900 1.00000000
5 1 1
0.68400900 1.00000000
6 0 1
0.20087800 1.00000000
7 1 1
0.20087800 1.00000000

O-OXYGEN O (6-311G) BASIS TYPE: 1
# 
7
1 0 6
8588.50000000 0.00189515
1297.23000000 0.01438590
299.29600000 0.07073200
87.37710000 0.24000100
25.67890000 0.59479700
3.74004000 0.28080200
2 0 3
42.11750000 0.11388900
9.62837000 0.92081100
2.85332000 -0.00327447
3 1 3
42.11750000 0.03651140
9.62837000 0.23715300
2.85332000 0.81970200
4 0 1
0.90566100 1.00000000
5 1 1
0.90566100 1.00000000
6 0 1
0.25561100 1.00000000
7 1 1
0.25561100 1.00000000

O-FLUORINE F (6-311G) BASIS TYPE: 1
# 
7
1 0 6
11427.10000000 0.00180093
1722.35000000 0.01374190
395.74600000 0.06813340
115.13900000 0.23332500
33.60260000 0.58908600
4.91901000 0.29950500
2 0 3
55.44410000 0.11453600
12.63230000 0.92051200
3.71756000 -0.00337804
3 1 3
55.44410000 0.03546090
12.63230000 0.23745100
3.71756000 0.82045800
4 0 1
1.16545000 1.00000000
5 1 1
1.16545000 1.00000000
6 0 1
0.32189200 1.00000000
7 1 1
0.32189200 1.00000000

O-NEON NE (6-311G) BASIS TYPE: 1
# 
7
1 0 6
13995.70000000 0.00183276
2117.10000000 0.01388270
490.42500000 0.06806870
143.83300000 0.23132800
41.92650000 0.58589000
6.15684000 0.30588300
2 0 3
69.12110000 0.11914900
15.83500000 0.91737500
4.67326000 -0.00405839
3 1 3
69.12110000 0.03565740
15.83500000 0.23947700
4.67326000 0.81846100
4 0 1
1.45756000 1.00000000
5 1 1
1.45756000 1.00000000
6 0 1
0.39705700 1.00000000
7 1 1
0.39705700 1.00000000

O-SODIUM NA (6-311G) BASIS TYPE: 1
# 
11
1 0 6
36166.40000000 0.00103200
5372.58000000 0.00807100
1213.21000000 0.04212900
339.62300000 0.16978900
109.55300000 0.51462100
38.77730000 0.37981700
2 0 3
38.77730000 0.37476200
14.57590000 0.57576900
5.26993000 0.11293300
3 0 1
1.82777000 1.00000000
4 0 1
0.61994800 1.00000000
5 0 1
0.05724000 1.00000000
6 0 1
0.02404800 1.00000000
7 1 4
144.64500000 0.01148500
33.90740000 0.08238300
10.62850000 0.31965800
3.82389000 0.70129500
8 1 2
1.44429000 0.63850600
0.55262100 0.42536500
9 1 1
0.18872000 1.00000000
10 1 1
0.04650100 1.00000000
11 1 1
0.01628500 1.00000000

O-MAGNESIUM MG (6-311G) BASIS TYPE: 1
# 
11
1 0 6
43866.50000000 0.00091800
6605.37000000 0.00704700
1513.26000000 0.03594100
432.31700000 0.14146100
142.14900000 0.42676400
51.39830000 0.49797500
2 0 3
51.39830000 0.25135500
19.91960000 0.61867100
8.02474000 0.18841700
3 0 1
2.50817000 1.00000000
4 0 1
0.87153100 1.00000000
5 0 1
0.10818800 1.00000000
6 0 1
0.04013000 1.00000000
7 1 4
193.85400000 0.01018800
45.44200000 0.07536000
14.18640000 0.30741900
5.05751000 0.71757500
8 1 2
1.88861000 0.66733900
0.72265200 0.39464900
9 1 1
0.23641700 1.00000000
10 1 1
0.09335800 1.00000000
11 1 1
0.03480900 1.00000000

O-ALUMINUM AL (6-311G) BASIS TYPE: 1
# 
11
1 0 6
54866.48900000 0.00083900
8211.76650000 0.00652700
1866.17610000 0.03366600
531.12934000 0.13290200
175.11797000 0.40126600
64.00550000 0.53133800
2 0 3
64.00550000 0.20230500
25.29250700 0.62479000
10.53491000 0.22743900
3 0 1
3.20671100 1.00000000
4 0 1
1.15255500 1.00000000
5 0 1
0.17667800 1.00000000
6 0 1
0.06523700 1.00000000
7 1 4
259.28362000 0.00944800
61.07687000 0.07097400
19.30323700 0.29563600
7.01088200 0.72821900
8 1 2
2.67386500 0.64446700
1.03659600 0.41741300
9 1 1
0.31681900 1.00000000
10 1 1
0.11425700 1.00000000
11 1 1
0.04139700 1.00000000

O-SILICON SI (6-311G) BASIS TYPE: 1
# 
11
1 0 6
69379.23000000 0.00075700
10354.94000000 0.00593200
2333.87960000 0.03108800
657.14295000 0.12496700
214.30113000 0.38689700
77.62916800 0.55488800
2 0 3
77.62916800 0.17788100
30.63080700 0.62776500
12.80129500 0.24762300
3 0 1
3.92686600 1.00000000
4 0 1
1.45234300 1.00000000
5 0 1
0.25623400 1.00000000
6 0 1
0.09427900 1.00000000
7 1 4
335.48319000 0.00886600
78.90036600 0.06829900
24.98815000 0.29095800
9.21971100 0.73211700
8 1 2
3.62114000 0.61987900
1.45131000 0.43914800
9 1 1
0.50497700 1.00000000
10 1 1
0.18631700 1.00000000
11 1 1
0.06543200 1.00000000

O-PHOSPHOROUS P (6-311G) BASIS TYPE: 1
# 
11
1 0 6
77492.40000000 0.00078100
11605.80000000 0.00606800
2645.96000000 0.03116000
754.97600000 0.12343100
248.75500000 0.37820900
91.15650000 0.56326200
2 0 3
91.15650000 0.16025500
36.22570000 0.62764700
15.21130000 0.26384900
3 0 1
4.79417000 1.00000000
4 0 1
1.80793000 1.00000000
5 0 1
0.35681600 1.00000000
6 0 1
0.11478300 1.00000000
7 1 4
384.84300000 0.00920600
90.55210000 0.06987400
29.13390000 0.29247000
10.88620000 0.72810300
8 1 2
4.35259000 0.62834900
1.77706000 0.42804400
9 1 1
0.69700500 1.00000000
10 1 1
0.25353200 1.00000000
11 1 1
0.06849300 1.00000000

O-SULFUR S (6-311G) BASIS TYPE: 1
# 
11
1 0 6
93413.40000000 0.00074300
13961.70000000 0.00579300
3169.91000000 0.02995400
902.45600000 0.11902800
297.15800000 0.36843200
108.70200000 0.57729900
2 0 3
108.70200000 0.14318600
43.15530000 0.62446500
18.10790000 0.28336600
3 0 1
5.56009000 1.00000000
4 0 1
2.13183000 1.00000000
5 0 1
0.42040300 1.00000000
6 0 1
0.13604500 1.00000000
7 1 4
495.04000000 0.00830900
117.22100000 0.06402400
37.77490000 0.27761400
14.05840000 0.74507600
8 1 2
5.56574000 0.61371200
2.26297000 0.44381800
9 1 1
0.80799400 1.00000000
10 1 1
0.27746000 1.00000000
11 1 1
0.07714100 1.00000000

O-CHLORINE CL (6-311G) BASIS TYPE: 1
# 
11
1 0 6
105819.00000000 0.00073800
15872.00000000 0.00571800
3619.65000000 0.02949500
1030.80000000 0.11728600
339.90800000 0.36294900
124.53800000 0.58414900
2 0 3
124.53800000 0.13417700
49.51350000 0.62425000
20.80560000 0.29175600
3 0 1
6.58346000 1.00000000
4 0 1
2.56468000 1.00000000
5 0 1
0.55976300 1.00000000
6 0 1
0.18327300 1.00000000
7 1 5
589.77600000 0.00239100
139.84900000 0.01850400
45.14130000 0.08137700
16.87330000 0.22155200
6.74110000 0.77256900
8 1 2
6.74110000 -1.57224400
2.77152000 0.99238900
9 1 1
1.02387000 1.00000000
10 1 1
0.38136800 1.00000000
11 1 1
0.10943700 1.00000000

O-ARGON AR (6-311G) BASIS TYPE: 1
# 
11
1 0 6
118022.38000000 0.00074700
17683.54100000 0.00579000
4027.76570000 0.02991900
1145.39770000 0.11920600
377.16375000 0.36902800
138.15969000 0.57645900
2 0 3
138.15969000 0.14392700
54.98911700 0.62293800
23.17066700 0.28396400
3 0 1
7.37786000 1.00000000
4 0 1
2.92368800 1.00000000
5 0 1
0.65040500 1.00000000
6 0 1
0.23282500 1.00000000
7 1 5
663.06201000 0.00308200
157.09281000 0.02416500
50.23110000 0.10822300
18.63534500 0.29419200
7.44653700 0.68786200
8 1 2
7.44653700 -0.12144820
3.09569800 0.16323700
9 1 1
1.10646300 1.00000000
10 1 1
0.41560100 1.00000000
11 1 1
0.14544900 1.00000000

O-POTASSIUM K (6-311G) BASIS TYPE: 1
# 
16
1 0 6
182594.00000000 0.00022775
27369.00000000 0.00176640
6229.17000000 0.00919497
1764.58000000 0.03745510
577.05100000 0.12204500
210.24900000 0.29899000
2 0 2
82.61780000 0.40514700
33.23320000 0.29253200
3 0 1
8.10649000 1.00000000
4 0 1
3.33403000 1.00000000
5 0 1
0.84554400 1.00000000
6 0 1
0.32821600 1.00000000
7 0 1
0.03640350 1.00000000
8 0 1
0.01764630 1.00000000
9 1 3
891.05400000 0.00218429
211.01600000 0.01758910
67.67140000 0.08177750
10 1 3
25.27150000 0.24565600
10.13900000 0.43398400
4.20186000 0.36237700
11 1 1
1.62507000 1.00000000
12 1 1
0.64377000 1.00000000
13 1 1
0.24613000 1.00000000
14 1 1
0.04544000 1.00000000
15 1 1
0.01616000 1.00000000
16 2 3
13.37000000 0.03160160
3.42100000 0.15687900
1.06300000 0.39058200

O-CALCIUM CA (6-311G) BASIS TYPE: 1
# 
16
1 0 6
202699.00000000 0.00022296
30382.50000000 0.00172932
6915.08000000 0.00900226
1959.02000000 0.03666990
640.93600000 0.11941000
233.97700000 0.29182500
2 0 2
92.28920000 0.40441500
37.25450000 0.29631300
3 0 1
9.13198000 1.00000000
4 0 1
3.81779000 1.00000000
5 0 1
1.04935000 1.00000000
6 0 1
0.42866000 1.00000000
7 0 1
0.06282260 1.00000000
8 0 1
0.02601620 1.00000000
9 1 3
1019.76000000 0.00205986
241.59600000 0.01665010
77.63700000 0.07776460
10 1 3
29.11540000 0.24180600
11.76260000 0.43257800
4.92289000 0.36732500
11 1 1
1.90645000 1.00000000
12 1 1
0.73690000 1.00000000
13 1 1
0.27642000 1.00000000
14 1 1
0.06027000 1.00000000
15 1 1
0.01791000 1.00000000
16 2 3
15.08000000 0.03689470
3.92600000 0.17782000
1.23300000 0.42551300

O-GALLIUM GA (6-311G) BASIS TYPE: 1
# 
17
1 0 6
333800.00000000 0.00083805
50100.00000000 0.00624660
11510.00000000 0.03202800
3292.00000000 0.12709000
1089.00000000 0.39092000
401.00000000 0.54643000
2 0 3
401.00000000 0.18078000
159.30000000 0.62239000
67.59000000 0.24953000
3 0 1
24.89000000 1.00000000
4 0 1
10.68000000 1.00000000
5 0 1
3.38600000 1.00000000
6 0 1
1.33100000 1.00000000
7 0 1
0.18530000 1.00000000
8 0 1
0.06621000 1.00000000
9 1 3
2181.00000000 0.02256500
515.40000000 0.18363000
164.80000000 0.85984000
10 1 3
61.40000000 0.34345000
24.98000000 0.50561000
10.44000000 0.26224000
11 1 3
10.44000000 0.06413000
5.58900000 0.37884000
2.51700000 0.61669000
12 1 1
1.05300000 1.00000000
13 1 1
0.29150000 1.00000000
14 1 1
0.12100000 1.00000000
15 1 1
0.03990000 1.00000000
16 2 4
67.14000000 0.03095700
18.94000000 0.17480000
6.42600000 0.44346000
2.19000000 0.56702000
17 2 1
0.67250000 1.00000000

O-GERMANIUM GE (6-311G) BASIS TYPE: 1
# 
17
1 0 6
357500.00000000 0.00083898
53670.00000000 0.00626350
12300.00000000 0.03203600
3512.00000000 0.12751000
1161.00000000 0.39165000
428.00000000 0.54528000
2 0 3
428.00000000 0.18160000
170.00000000 0.62248000
72.06000000 0.24872000
3 0 1
26.69000000 1.00000000
4 0 1
11.50000000 1.00000000
5 0 1
3.74200000 1.00000000
6 0 1
1.49900000 1.00000000
7 0 1
0.22920000 1.00000000
8 0 1
0.08675000 1.00000000
9 1 3
2345.00000000 0.02251400
554.20000000 0.18335000
177.30000000 0.86003000
10 1 3
66.13000000 0.34306000
26.90000000 0.50652000
11.26000000 0.26141000
11 1 3
11.26000000 0.06724600
6.11600000 0.37238000
2.81900000 0.61763000
12 1 1
1.21100000 1.00000000
13 1 1
0.35680000 1.00000000
14 1 1
0.16210000 1.00000000
15 1 1
0.06084000 1.00000000
16 2 4
74.84000000 0.03039000
21.23000000 0.17319000
7.29700000 0.44090000
2.54900000 0.56532000
17 2 1
0.81650000 1.00000000

O-ARSENIC AS (6-311G) BASIS TYPE: 1
# 
17
1 0 6
381200.00000000 0.00083327
57240.00000000 0.00621980
13110.00000000 0.03203000
3743.00000000 0.12729000
1238.00000000 0.39132000
456.30000000 0.54581000
2 0 3
456.30000000 0.18097000
181.40000000 0.62180000
77.07000000 0.24988000
3 0 1
28.57000000 1.00000000
4 0 1
12.36000000 1.00000000
5 0 1
4.11700000 1.00000000
6 0 1
1.67800000 1.00000000
7 0 1
0.27610000 1.00000000
8 0 1
0.11050000 1.00000000
9 1 3
2528.00000000 0.02227100
597.30000000 0.18199000
190.70000000 0.86133000
10 1 3
70.96000000 0.34338000
28.89000000 0.50598000
12.13000000 0.26128000
11 1 3
12.13000000 0.06853600
6.53300000 0.38282000
3.02800000 0.60599000
12 1 1
1.34400000 1.00000000
13 1 1
0.58230000 1.00000000
14 1 1
0.25580000 1.00000000
15 1 1
0.08651000 1.00000000
16 2 4
86.05000000 0.02798900
24.49000000 0.16502000
8.44200000 0.43736000
2.98100000 0.57255000
17 2 1
0.97900000 1.00000000

O-SELENIUM SE (6-311G) BASIS TYPE: 1
# 
17
1 0 6
405400.00000000 0.00083100
60850.00000000 0.00623310
13910.00000000 0.03207100
3989.00000000 0.12636000
1324.00000000 0.38899000
487.00000000 0.54888000
2 0 3
487.00000000 0.17963000
193.20000000 0.62227000
82.19000000 0.25067000
3 0 1
30.52000000 1.00000000
4 0 1
13.25000000 1.00000000
5 0 1
4.51000000 1.00000000
6 0 1
1.86700000 1.00000000
7 0 1
0.31900000 1.00000000
8 0 1
0.11200000 1.00000000
9 1 3
2706.00000000 0.02214600
638.60000000 0.18180000
203.80000000 0.86155000
10 1 3
75.96000000 0.34243000
31.02000000 0.50541000
13.05000000 0.26237000
11 1 3
13.05000000 0.07016300
6.98600000 0.38419000
3.23400000 0.60368000
12 1 1
1.47500000 1.00000000
13 1 1
0.72750000 1.00000000
14 1 1
0.28690000 1.00000000
15 1 1
0.09679000 1.00000000
16 2 4
99.01000000 0.02559600
28.41000000 0.15459000
9.86300000 0.42878000
3.51400000 0.58620000
17 2 1
1.17100000 1.00000000

O-BROMINE BR (6-311G) BASIS TYPE: 1
# 
17
1 0 6
439700.00000000 0.00081300
66030.00000000 0.00628500
15140.00000000 0.03192000
4317.00000000 0.12880000
1414.00000000 0.39460000
523.90000000 0.54130000
2 0 3
523.90000000 0.18310000
207.70000000 0.61760000
86.54000000 0.25380000
3 0 1
30.52000000 1.00000000
4 0 1
12.98000000 1.00000000
5 0 1
4.41200000 1.00000000
6 0 1
1.86200000 1.00000000
7 0 1
0.39320000 1.00000000
8 0 1
0.14000000 1.00000000
9 1 3
2957.00000000 0.02226000
700.30000000 0.18020000
224.60000000 0.86240000
10 1 3
82.59000000 0.34400000
33.19000000 0.50710000
14.20000000 0.25900000
11 1 3
14.20000000 0.07965000
7.43800000 0.37340000
3.52600000 0.60490000
12 1 1
1.59500000 1.00000000
13 1 1
0.84620000 1.00000000
14 1 1
0.31860000 1.00000000
15 1 1
0.10960000 1.00000000
16 2 4
134.80000000 0.01831000
36.39000000 0.13500000
12.16000000 0.42610000
4.34100000 0.60430000
17 2 1
1.53500000 1.00000000

O-KRYPTON KR (6-311G) BASIS TYPE: 1
# 
17
1 0 6
456200.00000000 0.00081110
68460.00000000 0.00625520
15650.00000000 0.03202200
4500.00000000 0.12546000
1497.00000000 0.38666000
550.50000000 0.55188000
2 0 3
550.50000000 0.17711000
218.20000000 0.62248000
92.97000000 0.25279000
3 0 1
34.59000000 1.00000000
4 0 1
15.12000000 1.00000000
5 0 1
5.34600000 1.00000000
6 0 1
2.27300000 1.00000000
7 0 1
0.48410000 1.00000000
8 0 1
0.18490000 1.00000000
9 1 3
3074.00000000 0.02199800
725.70000000 0.18102000
231.50000000 0.86223000
10 1 3
86.45000000 0.34155000
35.55000000 0.50255000
15.14000000 0.26453000
11 1 3
15.14000000 0.07167000
8.03100000 0.39708000
3.79900000 0.58762000
12 1 1
1.84900000 1.00000000
13 1 1
0.86760000 1.00000000
14 1 1
0.33290000 1.00000000
15 1 1
0.11990000 1.00000000
16 2 4
122.50000000 0.02337700
35.37000000 0.14610000
12.39000000 0.42230000
4.49600000 0.59452000
17 2 1
1.54600000 1.00000000

O-IODINE I (6-311G) BASIS TYPE: 1
# 
23
1 0 5
444750.00000000 0.00089000
66127.00000000 0.00694000
14815.00000000 0.03609000
4144.90000000 0.13568000
1361.20000000 0.33878000
2 0 2
508.44000000 0.43659000
209.59000000 0.18375000
3 0 1
81.95900000 1.00000000
4 0 1
36.80500000 1.00000000
5 0 1
13.49500000 1.00000000
6 0 1
6.88590000 1.00000000
7 0 1
2.55200000 1.00000000
8 0 1
1.20880000 1.00000000
9 0 1
0.27340000 1.00000000
10 0 1
0.10090000 1.00000000
11 1 4
2953.60000000 0.01221000
712.61000000 0.08587000
236.71000000 0.29493000
92.63100000 0.47849000
12 1 1
39.73200000 1.00000000
13 1 1
17.27300000 1.00000000
14 1 1
7.95700000 1.00000000
15 1 1
3.15290000 1.00000000
16 1 1
1.33280000 1.00000000
17 1 1
0.49470000 1.00000000
18 1 1
0.21600000 1.00000000
19 1 1
0.08293000 1.00000000
20 2 3
261.95000000 0.03144000
76.73400000 0.19028000
27.55100000 0.47247000
21 2 1
10.60600000 1.00000000
22 2 1
3.42170000 1.00000000
23 2 1
1.13700000 1.00000000

