O-AL_27 AL_27 (13S) BASIS TYPE: 2
# (1S)-[1S]
13
1 0 1
4878709.91689453 1.00000000
2 0 1
10510861.88740459 1.00000000
3 0 1
22644965.47202333 1.00000000
4 0 1
48787099.16677929 1.00000000
5 0 1
105108618.86937942 1.00000000
6 0 1
226449654.71017957 1.00000000
7 0 1
487870991.64613277 1.00000000
8 0 1
1051086188.64712870 1.00000000
9 0 1
2264496547.00125837 1.00000000
10 0 1
4878709916.24472618 1.00000000
11 0 1
10510861886.00463295 1.00000000
12 0 1
22644965469.00720596 1.00000000
13 0 1
48787099160.28124237 1.00000000

O-U- U- (13S) BASIS TYPE: 2
# (1S)-[1S]
13
1 0 1
20358.13894375 1.00000000
2 0 1
43860.28076425 1.00000000
3 0 1
94494.11039165 1.00000000
4 0 1
203581.38942846 1.00000000
5 0 1
438602.80762308 1.00000000
6 0 1
944941.10387455 1.00000000
7 0 1
2035813.89419423 1.00000000
8 0 1
4386028.07603603 1.00000000
9 0 1
9449411.03832598 1.00000000
10 0 1
20358138.94103841 1.00000000
11 0 1
43860280.75841302 1.00000000
12 0 1
94494110.37906453 1.00000000
13 0 1
203581389.40134567 1.00000000

