O-AR_40 AR_40 (13S) BASIS TYPE: 2
# (1S)-[1S]
13
1 0 1
13164299.08359375 1.00000000
2 0 1
28361622.61522958 1.00000000
3 0 1
61103263.62693914 1.00000000
4 0 1
131642990.83009291 1.00000000
5 0 1
283616226.13970405 1.00000000
6 0 1
611032636.24226320 1.00000000
7 0 1
1316429908.24248314 1.00000000
8 0 1
2836162261.27112246 1.00000000
9 0 1
6110326362.15135002 1.00000000
10 0 1
13164299081.84037018 1.00000000
11 0 1
28361622611.45204163 1.00000000
12 0 1
61103263618.80067444 1.00000000
13 0 1
131642990812.00000000 1.00000000

O-U- U- (13S) BASIS TYPE: 2
# (1S)-[1S]
13
1 0 1
39070.94598750 1.00000000
2 0 1
84175.80140659 1.00000000
3 0 1
181351.26660890 1.00000000
4 0 1
390709.45985765 1.00000000
5 0 1
841758.01402849 1.00000000
6 0 1
1813512.66600849 1.00000000
7 0 1
3907094.59840307 1.00000000
8 0 1
8417580.13991120 1.00000000
9 0 1
18135126.65927975 1.00000000
10 0 1
39070945.98229609 1.00000000
11 0 1
84175801.39537483 1.00000000
12 0 1
181351266.58474597 1.00000000
13 0 1
390709459.80561453 1.00000000

