  aug-cc-pVQZ  EMSL  Basis Set Exchange Library   7/13/12 9:03 PM 
 Elements                             References 
 H     : T.H. Dunning, Jr. J. Chem. Phys. 90, 1007 (1989). 
 He    : D.E. Woon and T.H. Dunning, Jr. J. Chem. Phys. 100, 2975 (1994). 
 Li - Ne: T.H. Dunning, Jr. J. Chem. Phys. 90, 1007 (1989). 
 Na - Mg: D.E. Woon and T.H. Dunning, Jr.  (to be published) 
 Al - Ar: D.E. Woon and T.H. Dunning, Jr.  J. Chem. Phys. 98, 1358 (1993). 
 Ca     : J. Koput and K.A. Peterson, J. Phys. Chem. A, 106, 9595 (2002). 
 Sc - Zn: N.B. Balabanov and K.A. Peterson, J. Chem. Phys, 123, 064107 (2005) 
 Ga - Kr: A.K. Wilson, D.E. Woon, K.A. Peterson, T.H. Dunning, Jr. J. Chem. Phys., 110, 7667 (1999) 
  
 Elements                             References 
 H    :  T.H. Dunning, Jr. J. Chem. Phys. 90, 1007 (1989). 
 He   :  D.E. Woon and T.H. Dunning, Jr., J. Chem. Phys. 100, 2975 (1994). 
 B - F:  R.A. Kendall, T.H. Dunning, Jr. and R.J. Harrison, J. Chem. Phys. 96, 
 6796 (1992). 
 Al - Cl: D.E. Woon and T.H. Dunning, Jr. J. Chem. Phys. 98, 1358 (1993). 
 Sc - Zn: N.B. Balabanov and K.A. Peterson, J. Chem. Phys, 123, 064107 (2005) 
  
O-HYDROGEN H (AUG-CC-PVQZ) BASIS TYPE: 1
# 
14
1 0 3
82.64000000 0.00200600
12.41000000 0.01534300
2.82400000 0.07557900
2 0 1
0.79770000 1.00000000
3 0 1
0.25810000 1.00000000
4 0 1
0.08989000 1.00000000
5 0 1
0.02363000 1.00000000
6 1 1
2.29200000 1.00000000
7 1 1
0.83800000 1.00000000
8 1 1
0.29200000 1.00000000
9 1 1
0.08480000 1.00000000
10 2 1
2.06200000 1.00000000
11 2 1
0.66200000 1.00000000
12 2 1
0.19000000 1.00000000
13 3 1
1.39700000 1.00000000
14 3 1
0.36000000 1.00000000

O-HELIUM HE (AUG-CC-PVQZ) BASIS TYPE: 1
# 
14
1 0 4
528.50000000 0.00094000
79.31000000 0.00721400
18.05000000 0.03597500
5.08500000 0.12778200
2 0 1
1.60900000 1.00000000
3 0 1
0.53630000 1.00000000
4 0 1
0.18330000 1.00000000
5 0 1
0.04819000 1.00000000
6 1 1
5.99400000 1.00000000
7 1 1
1.74500000 1.00000000
8 1 1
0.56000000 1.00000000
9 1 1
0.16260000 1.00000000
10 2 1
4.29900000 1.00000000
11 2 1
1.22300000 1.00000000
12 2 1
0.35100000 1.00000000
13 3 1
2.68000000 1.00000000
14 3 1
0.69060000 1.00000000

O-LITHIUM LI (AUG-CC-PVQZ) BASIS TYPE: 1
# 
20
1 0 9
6601.00000000 0.00011700
989.70000000 0.00091100
225.70000000 0.00472800
64.29000000 0.01919700
21.18000000 0.06304700
7.72400000 0.16320800
3.00300000 0.31482700
1.21200000 0.39393600
0.49300000 0.19691800
2 0 9
6601.00000000 -0.00001800
989.70000000 -0.00014200
225.70000000 -0.00074100
64.29000000 -0.00302000
21.18000000 -0.01012300
7.72400000 -0.02709400
3.00300000 -0.05735900
1.21200000 -0.09389500
0.49300000 -0.12109100
3 0 1
0.09515000 1.00000000
4 0 1
0.04791000 1.00000000
5 0 1
0.02220000 1.00000000
6 0 1
0.00636000 1.00000000
7 1 3
6.25000000 0.00338800
1.37000000 0.01931600
0.36720000 0.07910400
8 1 1
0.11920000 1.00000000
9 1 1
0.04474000 1.00000000
10 1 1
0.01795000 1.00000000
11 1 1
0.00756000 1.00000000
12 2 1
0.34400000 1.00000000
13 2 1
0.15300000 1.00000000
14 2 1
0.06800000 1.00000000
15 2 1
0.02660000 1.00000000
16 3 1
0.24600000 1.00000000
17 3 1
0.12920000 1.00000000
18 3 1
0.05520000 1.00000000
19 4 1
0.23800000 1.00000000
20 4 1
0.10500000 1.00000000

O-BERYLLIUM BE (AUG-CC-PVQZ) BASIS TYPE: 1
# 
20
1 0 9
14630.00000000 0.00009200
2191.00000000 0.00071300
498.20000000 0.00373500
140.90000000 0.01546800
45.86000000 0.05287400
16.47000000 0.14569400
6.31900000 0.30268100
2.53500000 0.40493600
1.03500000 0.22238700
2 0 9
14630.00000000 -0.00001700
2191.00000000 -0.00013000
498.20000000 -0.00067900
140.90000000 -0.00285700
45.86000000 -0.00981300
16.47000000 -0.02860900
6.31900000 -0.06376000
2.53500000 -0.11723100
1.03500000 -0.12120200
3 0 1
0.25280000 1.00000000
4 0 1
0.10520000 1.00000000
5 0 1
0.04261000 1.00000000
6 0 1
0.01439000 1.00000000
7 1 3
14.03000000 0.00409900
3.16800000 0.02562600
0.90240000 0.10376800
8 1 1
0.30360000 1.00000000
9 1 1
0.11300000 1.00000000
10 1 1
0.04286000 1.00000000
11 1 1
0.00650000 1.00000000
12 2 1
1.07200000 1.00000000
13 2 1
0.44100000 1.00000000
14 2 1
0.18110000 1.00000000
15 2 1
0.05540000 1.00000000
16 3 1
0.48100000 1.00000000
17 3 1
0.25500000 1.00000000
18 3 1
0.09300000 1.00000000
19 4 1
0.41500000 1.00000000
20 4 1
0.18340000 1.00000000

O-BORON B (AUG-CC-PVQZ) BASIS TYPE: 1
# 
20
1 0 9
23870.00000000 0.00008800
3575.00000000 0.00068700
812.80000000 0.00360000
229.70000000 0.01494900
74.69000000 0.05143500
26.81000000 0.14330200
10.32000000 0.30093500
4.17800000 0.40352600
1.72700000 0.22534000
2 0 9
23870.00000000 -0.00001800
3575.00000000 -0.00013900
812.80000000 -0.00072500
229.70000000 -0.00306300
74.69000000 -0.01058100
26.81000000 -0.03136500
10.32000000 -0.07101200
4.17800000 -0.13210300
1.72700000 -0.12307200
3 0 1
0.47040000 1.00000000
4 0 1
0.18960000 1.00000000
5 0 1
0.07394000 1.00000000
6 0 1
0.02721000 1.00000000
7 1 3
22.26000000 0.00509500
5.05800000 0.03320600
1.48700000 0.13231400
8 1 1
0.50710000 1.00000000
9 1 1
0.18120000 1.00000000
10 1 1
0.06463000 1.00000000
11 1 1
0.01878000 1.00000000
12 2 1
1.11000000 1.00000000
13 2 1
0.40200000 1.00000000
14 2 1
0.14500000 1.00000000
15 2 1
0.04660000 1.00000000
16 3 1
0.88200000 1.00000000
17 3 1
0.31100000 1.00000000
18 3 1
0.11300000 1.00000000
19 4 1
0.67300000 1.00000000
20 4 1
0.27300000 1.00000000

O-CARBON C (AUG-CC-PVQZ) BASIS TYPE: 1
# 
20
1 0 9
33980.00000000 0.00009100
5089.00000000 0.00070400
1157.00000000 0.00369300
326.60000000 0.01536000
106.10000000 0.05292900
38.11000000 0.14704300
14.75000000 0.30563100
6.03500000 0.39934500
2.53000000 0.21705100
2 0 9
33980.00000000 -0.00001900
5089.00000000 -0.00015100
1157.00000000 -0.00078500
326.60000000 -0.00332400
106.10000000 -0.01151200
38.11000000 -0.03416000
14.75000000 -0.07717300
6.03500000 -0.14149300
2.53000000 -0.11801900
3 0 1
0.73550000 1.00000000
4 0 1
0.29050000 1.00000000
5 0 1
0.11110000 1.00000000
6 0 1
0.04145000 1.00000000
7 1 3
34.51000000 0.00537800
7.91500000 0.03613200
2.36800000 0.14249300
8 1 1
0.81320000 1.00000000
9 1 1
0.28900000 1.00000000
10 1 1
0.10070000 1.00000000
11 1 1
0.03218000 1.00000000
12 2 1
1.84800000 1.00000000
13 2 1
0.64900000 1.00000000
14 2 1
0.22800000 1.00000000
15 2 1
0.07660000 1.00000000
16 3 1
1.41900000 1.00000000
17 3 1
0.48500000 1.00000000
18 3 1
0.18700000 1.00000000
19 4 1
1.01100000 1.00000000
20 4 1
0.42400000 1.00000000

O-NITROGEN N (AUG-CC-PVQZ) BASIS TYPE: 1
# 
20
1 0 9
45840.00000000 0.00009200
6868.00000000 0.00071700
1563.00000000 0.00374900
442.40000000 0.01553200
144.30000000 0.05314600
52.18000000 0.14678700
20.34000000 0.30466300
8.38100000 0.39768400
3.52900000 0.21764100
2 0 9
45840.00000000 -0.00002000
6868.00000000 -0.00015900
1563.00000000 -0.00082400
442.40000000 -0.00347800
144.30000000 -0.01196600
52.18000000 -0.03538800
20.34000000 -0.08007700
8.38100000 -0.14672200
3.52900000 -0.11636000
3 0 1
1.05400000 1.00000000
4 0 1
0.41180000 1.00000000
5 0 1
0.15520000 1.00000000
6 0 1
0.05464000 1.00000000
7 1 3
49.33000000 0.00553300
11.37000000 0.03796200
3.43500000 0.14902800
8 1 1
1.18200000 1.00000000
9 1 1
0.41730000 1.00000000
10 1 1
0.14280000 1.00000000
11 1 1
0.04402000 1.00000000
12 2 1
2.83700000 1.00000000
13 2 1
0.96800000 1.00000000
14 2 1
0.33500000 1.00000000
15 2 1
0.11100000 1.00000000
16 3 1
2.02700000 1.00000000
17 3 1
0.68500000 1.00000000
18 3 1
0.24500000 1.00000000
19 4 1
1.42700000 1.00000000
20 4 1
0.55900000 1.00000000

O-OXYGEN O (AUG-CC-PVQZ) BASIS TYPE: 1
# 
20
1 0 9
61420.00000000 0.00009000
9199.00000000 0.00069800
2091.00000000 0.00366400
590.90000000 0.01521800
192.30000000 0.05242300
69.32000000 0.14592100
26.97000000 0.30525800
11.10000000 0.39850800
4.68200000 0.21698000
2 0 9
61420.00000000 -0.00002000
9199.00000000 -0.00015900
2091.00000000 -0.00082900
590.90000000 -0.00350800
192.30000000 -0.01215600
69.32000000 -0.03626100
26.97000000 -0.08299200
11.10000000 -0.15209000
4.68200000 -0.11533100
3 0 1
1.42800000 1.00000000
4 0 1
0.55470000 1.00000000
5 0 1
0.20670000 1.00000000
6 0 1
0.06959000 1.00000000
7 1 3
63.42000000 0.00604400
14.66000000 0.04179900
4.45900000 0.16114300
8 1 1
1.53100000 1.00000000
9 1 1
0.53020000 1.00000000
10 1 1
0.17500000 1.00000000
11 1 1
0.05348000 1.00000000
12 2 1
3.77500000 1.00000000
13 2 1
1.30000000 1.00000000
14 2 1
0.44400000 1.00000000
15 2 1
0.15400000 1.00000000
16 3 1
2.66600000 1.00000000
17 3 1
0.85900000 1.00000000
18 3 1
0.32400000 1.00000000
19 4 1
1.84600000 1.00000000
20 4 1
0.71400000 1.00000000

O-FLUORINE F (AUG-CC-PVQZ) BASIS TYPE: 1
# 
20
1 0 9
74530.00000000 0.00009500
11170.00000000 0.00073800
2543.00000000 0.00385800
721.00000000 0.01592600
235.90000000 0.05428900
85.60000000 0.14951300
33.55000000 0.30825200
13.93000000 0.39485300
5.91500000 0.21103100
2 0 9
74530.00000000 -0.00002200
11170.00000000 -0.00017200
2543.00000000 -0.00089100
721.00000000 -0.00374800
235.90000000 -0.01286200
85.60000000 -0.03806100
33.55000000 -0.08623900
13.93000000 -0.15586500
5.91500000 -0.11091400
3 0 1
1.84300000 1.00000000
4 0 1
0.71240000 1.00000000
5 0 1
0.26370000 1.00000000
6 0 1
0.08594000 1.00000000
7 1 3
80.39000000 0.00634700
18.63000000 0.04420400
5.69400000 0.16851400
8 1 1
1.95300000 1.00000000
9 1 1
0.67020000 1.00000000
10 1 1
0.21660000 1.00000000
11 1 1
0.06568000 1.00000000
12 2 1
5.01400000 1.00000000
13 2 1
1.72500000 1.00000000
14 2 1
0.58600000 1.00000000
15 2 1
0.20700000 1.00000000
16 3 1
3.56200000 1.00000000
17 3 1
1.14800000 1.00000000
18 3 1
0.46000000 1.00000000
19 4 1
2.37600000 1.00000000
20 4 1
0.92400000 1.00000000

O-NEON NE (AUG-CC-PVQZ) BASIS TYPE: 1
# 
20
1 0 9
99920.00000000 0.00008600
14960.00000000 0.00066900
3399.00000000 0.00351800
958.90000000 0.01466700
311.20000000 0.05096200
111.70000000 0.14374400
43.32000000 0.30456200
17.80000000 0.40010500
7.50300000 0.21864400
2 0 9
99920.00000000 -0.00002000
14960.00000000 -0.00015800
3399.00000000 -0.00082400
958.90000000 -0.00350000
311.20000000 -0.01223300
111.70000000 -0.03701700
43.32000000 -0.08611300
17.80000000 -0.15838100
7.50300000 -0.11428800
3 0 1
2.33700000 1.00000000
4 0 1
0.90010000 1.00000000
5 0 1
0.33010000 1.00000000
6 0 1
0.10540000 1.00000000
7 1 3
99.68000000 0.00656600
23.15000000 0.04597900
7.10800000 0.17341900
8 1 1
2.44100000 1.00000000
9 1 1
0.83390000 1.00000000
10 1 1
0.26620000 1.00000000
11 1 1
0.08178000 1.00000000
12 2 1
6.47100000 1.00000000
13 2 1
2.21300000 1.00000000
14 2 1
0.74700000 1.00000000
15 2 1
0.27300000 1.00000000
16 3 1
4.65700000 1.00000000
17 3 1
1.52400000 1.00000000
18 3 1
0.68900000 1.00000000
19 4 1
2.98300000 1.00000000
20 4 1
1.22400000 1.00000000

O-SODIUM NA (AUG-CC-PVQZ) BASIS TYPE: 1
# 
22
1 0 16
1224000.00000000 0.00000479
183200.00000000 0.00003724
41700.00000000 0.00019583
11810.00000000 0.00082670
3853.00000000 0.00300251
1391.00000000 0.00970310
542.50000000 0.02823370
224.90000000 0.07320580
97.93000000 0.16289700
44.31000000 0.28870800
20.65000000 0.34682900
9.72900000 0.20686500
4.22800000 0.03280090
1.96900000 -0.00064774
0.88900000 0.00145878
0.39640000 -0.00017835
2 0 16
1224000.00000000 -0.00000117
183200.00000000 -0.00000909
41700.00000000 -0.00004785
11810.00000000 -0.00020196
3853.00000000 -0.00073584
1391.00000000 -0.00238746
542.50000000 -0.00704969
224.90000000 -0.01878560
97.93000000 -0.04461530
44.31000000 -0.08977410
20.65000000 -0.14294000
9.72900000 -0.12431500
4.22800000 0.09996480
1.96900000 0.41708000
0.88900000 0.47512300
0.39640000 0.16326800
3 0 16
1224000.00000000 0.00000018
183200.00000000 0.00000137
41700.00000000 0.00000720
11810.00000000 0.00003033
3853.00000000 0.00011075
1391.00000000 0.00035860
542.50000000 0.00106272
224.90000000 0.00282687
97.93000000 0.00676742
44.31000000 0.01364800
20.65000000 0.02228140
9.72900000 0.01960110
4.22800000 -0.01677080
1.96900000 -0.07737340
0.88900000 -0.11350100
0.39640000 -0.13913000
4 0 1
0.06993000 1.00000000
5 0 1
0.03289000 1.00000000
6 0 1
0.01612000 1.00000000
7 0 1
0.00503000 1.00000000
8 1 9
413.40000000 0.00090820
97.98000000 0.00741773
31.37000000 0.03574640
11.62000000 0.11852000
4.67100000 0.26140300
1.91800000 0.37839500
0.77750000 0.33463200
0.30130000 0.12684400
0.22750000 -0.01471170
9 1 9
413.40000000 -0.00009017
97.98000000 -0.00073934
31.37000000 -0.00357309
11.62000000 -0.01201420
4.67100000 -0.02671780
1.91800000 -0.03927530
0.77750000 -0.03760830
0.30130000 -0.04332280
0.22750000 0.05180030
10 1 1
0.07527000 1.00000000
11 1 1
0.03126000 1.00000000
12 1 1
0.01342000 1.00000000
13 1 1
0.00772000 1.00000000
14 2 1
0.15380000 1.00000000
15 2 1
0.08650000 1.00000000
16 2 1
0.04870000 1.00000000
17 2 1
0.02100000 1.00000000
18 3 1
0.19120000 1.00000000
19 3 1
0.10360000 1.00000000
20 3 1
0.04530000 1.00000000
21 4 1
0.17220000 1.00000000
22 4 1
0.08660000 1.00000000

O-MAGNESIUM MG (AUG-CC-PVQZ) BASIS TYPE: 1
# 
22
1 0 13
327600.00000000 0.00003096
49050.00000000 0.00024095
11150.00000000 0.00126660
3152.00000000 0.00533359
1025.00000000 0.01907700
368.80000000 0.05880580
143.20000000 0.15145400
58.96000000 0.30071600
25.40000000 0.38114900
11.15000000 0.21358400
4.00400000 0.02312100
1.70100000 -0.00230757
0.70600000 0.00128900
2 0 13
327600.00000000 -0.00000783
49050.00000000 -0.00006079
11150.00000000 -0.00032120
3152.00000000 -0.00134955
1025.00000000 -0.00490570
368.80000000 -0.01535610
143.20000000 -0.04234090
58.96000000 -0.09406030
25.40000000 -0.16342500
11.15000000 -0.12475400
4.00400000 0.23562300
1.70100000 0.57756300
0.70600000 0.33523200
3 0 13
327600.00000000 0.00000151
49050.00000000 0.00001171
11150.00000000 0.00006190
3152.00000000 0.00026009
1025.00000000 0.00094622
368.80000000 0.00296595
143.20000000 0.00821245
58.96000000 0.01839770
25.40000000 0.03266570
11.15000000 0.02573150
4.00400000 -0.05353510
1.70100000 -0.15689500
0.70600000 -0.20665900
4 0 1
0.14100000 1.00000000
5 0 1
0.06808000 1.00000000
6 0 1
0.03063000 1.00000000
7 0 1
0.01239000 1.00000000
8 1 9
539.60000000 0.00083397
127.90000000 0.00689215
41.02000000 0.03378740
15.25000000 0.11440100
6.16600000 0.25951400
2.56100000 0.38509500
1.06000000 0.33537300
0.41760000 0.11064100
0.26900000 -0.01213150
9 1 9
539.60000000 -0.00013208
127.90000000 -0.00109538
41.02000000 -0.00539495
15.25000000 -0.01855720
6.16600000 -0.04273750
2.56100000 -0.06476840
1.06000000 -0.06278180
0.41760000 -0.02449120
0.26900000 0.10476100
10 1 1
0.12230000 1.00000000
11 1 1
0.05476000 1.00000000
12 1 1
0.02388000 1.00000000
13 1 1
0.00706000 1.00000000
14 2 1
0.10600000 1.00000000
15 2 1
0.19440000 1.00000000
16 2 1
0.35700000 1.00000000
17 2 1
0.03820000 1.00000000
18 3 1
0.18100000 1.00000000
19 3 1
0.35900000 1.00000000
20 3 1
0.07000000 1.00000000
21 4 1
0.30700000 1.00000000
22 4 1
0.14800000 1.00000000

O-ALUMINUM AL (AUG-CC-PVQZ) BASIS TYPE: 1
# 
22
1 0 13
419600.00000000 0.00002782
62830.00000000 0.00021633
14290.00000000 0.00113754
4038.00000000 0.00479635
1312.00000000 0.01723890
470.50000000 0.05380660
181.80000000 0.14132600
74.46000000 0.28926800
31.90000000 0.38482500
13.96000000 0.23285200
5.18000000 0.02933300
2.26500000 -0.00300574
0.96640000 0.00166673
2 0 13
419600.00000000 -0.00000724
62830.00000000 -0.00005617
14290.00000000 -0.00029653
4038.00000000 -0.00124913
1312.00000000 -0.00455101
470.50000000 -0.01443930
181.80000000 -0.04034640
74.46000000 -0.09226180
31.90000000 -0.16451000
13.96000000 -0.14129600
5.18000000 0.19536500
2.26500000 0.57247500
0.96640000 0.37404100
3 0 13
419600.00000000 0.00000167
62830.00000000 0.00001296
14290.00000000 0.00006851
4038.00000000 0.00028827
1312.00000000 0.00105276
470.50000000 0.00333878
181.80000000 0.00939217
74.46000000 0.02160470
31.90000000 0.03958730
13.96000000 0.03491800
5.18000000 -0.05284150
2.26500000 -0.19187800
0.96640000 -0.25411500
4 0 1
0.24470000 1.00000000
5 0 1
0.11840000 1.00000000
6 0 1
0.05021000 1.00000000
7 0 1
0.01830000 1.00000000
8 1 8
891.30000000 0.00049175
211.30000000 0.00415843
68.28000000 0.02125380
25.70000000 0.07640580
10.63000000 0.19427700
4.60200000 0.33442800
2.01500000 0.37502600
0.87060000 0.20404100
9 1 8
891.30000000 -0.00008887
211.30000000 -0.00074582
68.28000000 -0.00387025
25.70000000 -0.01393500
10.63000000 -0.03668600
4.60200000 -0.06277970
2.01500000 -0.07896020
0.87060000 -0.02885890
10 1 1
0.29720000 1.00000000
11 1 1
0.11000000 1.00000000
12 1 1
0.03989000 1.00000000
13 1 1
0.01210000 1.00000000
14 2 1
0.08040000 1.00000000
15 2 1
0.19900000 1.00000000
16 2 1
0.49400000 1.00000000
17 2 1
0.02820000 1.00000000
18 3 1
0.15400000 1.00000000
19 3 1
0.40100000 1.00000000
20 3 1
0.05820000 1.00000000
21 4 1
0.35700000 1.00000000
22 4 1
0.15300000 1.00000000

O-SILICON SI (AUG-CC-PVQZ) BASIS TYPE: 1
# 
22
1 0 13
513000.00000000 0.00002609
76820.00000000 0.00020290
17470.00000000 0.00106715
4935.00000000 0.00450597
1602.00000000 0.01623590
574.10000000 0.05089130
221.50000000 0.13515500
90.54000000 0.28129200
38.74000000 0.38533600
16.95000000 0.24565100
6.45200000 0.03431450
2.87400000 -0.00334884
1.25000000 0.00187625
2 0 13
513000.00000000 -0.00000695
76820.00000000 -0.00005396
17470.00000000 -0.00028472
4935.00000000 -0.00120203
1602.00000000 -0.00438397
574.10000000 -0.01397760
221.50000000 -0.03935160
90.54000000 -0.09142830
38.74000000 -0.16560900
16.95000000 -0.15250500
6.45200000 0.16852400
2.87400000 0.56928400
1.25000000 0.39805600
3 0 13
513000.00000000 0.00000178
76820.00000000 0.00001381
17470.00000000 0.00007300
4935.00000000 0.00030767
1602.00000000 0.00112563
574.10000000 0.00358435
221.50000000 0.01017280
90.54000000 0.02375200
38.74000000 0.04434830
16.95000000 0.04190410
6.45200000 -0.05025040
2.87400000 -0.21657800
1.25000000 -0.28644800
4 0 1
0.35990000 1.00000000
5 0 1
0.16990000 1.00000000
6 0 1
0.07066000 1.00000000
7 0 1
0.02750000 1.00000000
8 1 8
1122.00000000 0.00044814
266.00000000 0.00381639
85.92000000 0.01981050
32.33000000 0.07270170
13.37000000 0.18983900
5.80000000 0.33567200
2.55900000 0.37936500
1.12400000 0.20119300
9 1 8
1122.00000000 -0.00009649
266.00000000 -0.00081197
85.92000000 -0.00430087
32.33000000 -0.01575020
13.37000000 -0.04295410
5.80000000 -0.07525740
2.55900000 -0.09714460
1.12400000 -0.02275070
10 1 1
0.39880000 1.00000000
11 1 1
0.15330000 1.00000000
12 1 1
0.05728000 1.00000000
13 1 1
0.02000000 1.00000000
14 2 1
0.12000000 1.00000000
15 2 1
0.30200000 1.00000000
16 2 1
0.76000000 1.00000000
17 2 1
0.04350000 1.00000000
18 3 1
0.21200000 1.00000000
19 3 1
0.54100000 1.00000000
20 3 1
0.08460000 1.00000000
21 4 1
0.46100000 1.00000000
22 4 1
0.21200000 1.00000000

O-PHOSPHOROUS P (AUG-CC-PVQZ) BASIS TYPE: 1
# 
22
1 0 13
615200.00000000 0.00002475
92120.00000000 0.00019247
20950.00000000 0.00101202
5920.00000000 0.00427261
1922.00000000 0.01541610
688.00000000 0.04859760
265.00000000 0.13006000
108.20000000 0.27451400
46.22000000 0.38540200
20.23000000 0.25593400
7.85900000 0.03912370
3.54700000 -0.00368010
1.56400000 0.00208211
2 0 13
615200.00000000 -0.00000672
92120.00000000 -0.00005223
20950.00000000 -0.00027536
5920.00000000 -0.00116307
1922.00000000 -0.00424281
688.00000000 -0.01361140
265.00000000 -0.03851140
108.20000000 -0.09066430
46.22000000 -0.16658400
20.23000000 -0.16144700
7.85900000 0.14678100
3.54700000 0.56668200
1.56400000 0.41643300
3 0 13
615200.00000000 0.00000185
92120.00000000 0.00001434
20950.00000000 0.00007572
5920.00000000 0.00031920
1922.00000000 0.00116851
688.00000000 0.00374267
265.00000000 0.01068170
108.20000000 0.02526570
46.22000000 0.04792830
20.23000000 0.04770960
7.85900000 -0.04665250
3.54700000 -0.23496800
1.56400000 -0.31133700
4 0 1
0.48880000 1.00000000
5 0 1
0.22660000 1.00000000
6 0 1
0.09331000 1.00000000
7 0 1
0.03540000 1.00000000
8 1 8
1367.00000000 0.00042102
324.00000000 0.00360985
104.60000000 0.01892170
39.37000000 0.07055600
16.26000000 0.18815700
7.05600000 0.33870900
3.13000000 0.38194300
1.39400000 0.19526100
9 1 8
1367.00000000 -0.00010083
324.00000000 -0.00085450
104.60000000 -0.00457116
39.37000000 -0.01703270
16.26000000 -0.04752040
7.05600000 -0.08527860
3.13000000 -0.10967600
1.39400000 -0.01611810
10 1 1
0.51790000 1.00000000
11 1 1
0.20320000 1.00000000
12 1 1
0.07698000 1.00000000
13 1 1
0.02720000 1.00000000
14 2 1
0.16500000 1.00000000
15 2 1
0.41300000 1.00000000
16 2 1
1.03600000 1.00000000
17 2 1
0.05940000 1.00000000
18 3 1
0.28000000 1.00000000
19 3 1
0.70300000 1.00000000
20 3 1
0.10900000 1.00000000
21 4 1
0.59700000 1.00000000
22 4 1
0.25000000 1.00000000

O-SULFUR S (AUG-CC-PVQZ) BASIS TYPE: 1
# 
22
1 0 13
727800.00000000 0.00002360
109000.00000000 0.00018348
24800.00000000 0.00096428
7014.00000000 0.00406537
2278.00000000 0.01469730
814.70000000 0.04650810
313.40000000 0.12550800
127.70000000 0.26843300
54.48000000 0.38480900
23.85000000 0.26537200
9.42800000 0.04373260
4.29000000 -0.00378807
1.90900000 0.00218083
2 0 13
727800.00000000 -0.00000652
109000.00000000 -0.00005066
24800.00000000 -0.00026683
7014.00000000 -0.00112601
2278.00000000 -0.00411186
814.70000000 -0.01324540
313.40000000 -0.03770040
127.70000000 -0.08985540
54.48000000 -0.16709800
23.85000000 -0.16935400
9.42800000 0.12782400
4.29000000 0.56486200
1.90900000 0.43176700
3 0 13
727800.00000000 0.00000189
109000.00000000 0.00001469
24800.00000000 0.00007755
7014.00000000 0.00032651
2278.00000000 0.00119686
814.70000000 0.00384799
313.40000000 0.01105390
127.70000000 0.02646450
54.48000000 0.05087710
23.85000000 0.05300300
9.42800000 -0.04255180
4.29000000 -0.25085300
1.90900000 -0.33315200
4 0 1
0.62700000 1.00000000
5 0 1
0.28730000 1.00000000
6 0 1
0.11720000 1.00000000
7 0 1
0.04280000 1.00000000
8 1 8
1546.00000000 0.00044118
366.40000000 0.00377571
118.40000000 0.01983600
44.53000000 0.07420630
18.38000000 0.19732700
7.96500000 0.35185100
3.54100000 0.37868700
1.59100000 0.17093100
9 1 8
1546.00000000 -0.00011311
366.40000000 -0.00095858
118.40000000 -0.00513471
44.53000000 -0.01926410
18.38000000 -0.05359800
7.96500000 -0.09603330
3.54100000 -0.11818300
1.59100000 0.00923194
10 1 1
0.62050000 1.00000000
11 1 1
0.24200000 1.00000000
12 1 1
0.09014000 1.00000000
13 1 1
0.03170000 1.00000000
14 2 1
0.20300000 1.00000000
15 2 1
0.50400000 1.00000000
16 2 1
1.25000000 1.00000000
17 2 1
0.07480000 1.00000000
18 3 1
0.33500000 1.00000000
19 3 1
0.86900000 1.00000000
20 3 1
0.14000000 1.00000000
21 4 1
0.68300000 1.00000000
22 4 1
0.29700000 1.00000000

O-CHLORINE CL (AUG-CC-PVQZ) BASIS TYPE: 1
# 
22
1 0 13
834900.00000000 0.00002317
125000.00000000 0.00018015
28430.00000000 0.00094778
8033.00000000 0.00400139
2608.00000000 0.01446290
933.90000000 0.04565860
360.00000000 0.12324800
147.00000000 0.26436900
62.88000000 0.38298900
27.60000000 0.27093400
11.08000000 0.04714040
5.07500000 -0.00371766
2.27800000 0.00219158
2 0 13
834900.00000000 -0.00000650
125000.00000000 -0.00005049
28430.00000000 -0.00026611
8033.00000000 -0.00112499
2608.00000000 -0.00410497
933.90000000 -0.01319870
360.00000000 -0.03753420
147.00000000 -0.08972330
62.88000000 -0.16767100
27.60000000 -0.17476300
11.08000000 0.11490900
5.07500000 0.56361800
2.27800000 0.44160600
3 0 13
834900.00000000 0.00000197
125000.00000000 0.00001526
28430.00000000 0.00008061
8033.00000000 0.00033996
2608.00000000 0.00124551
933.90000000 0.00399612
360.00000000 0.01147510
147.00000000 0.02755040
62.88000000 0.05329170
27.60000000 0.05712460
11.08000000 -0.03952010
5.07500000 -0.26434300
2.27800000 -0.34929100
4 0 1
0.77750000 1.00000000
5 0 1
0.35270000 1.00000000
6 0 1
0.14310000 1.00000000
7 0 1
0.05190000 1.00000000
8 1 8
1703.00000000 0.00047404
403.60000000 0.00406412
130.30000000 0.02133550
49.05000000 0.07946110
20.26000000 0.20892700
8.78700000 0.36494500
3.91900000 0.37172500
1.76500000 0.14629200
9 1 8
1703.00000000 -0.00012827
403.60000000 -0.00109356
130.30000000 -0.00583429
49.05000000 -0.02192580
20.26000000 -0.06013850
8.78700000 -0.10692900
3.91900000 -0.12245400
1.76500000 0.03836190
10 1 1
0.72070000 1.00000000
11 1 1
0.28390000 1.00000000
12 1 1
0.10600000 1.00000000
13 1 1
0.03760000 1.00000000
14 2 1
0.25400000 1.00000000
15 2 1
0.62800000 1.00000000
16 2 1
1.55100000 1.00000000
17 2 1
0.09520000 1.00000000
18 3 1
0.42300000 1.00000000
19 3 1
1.08900000 1.00000000
20 3 1
0.21700000 1.00000000
21 4 1
0.82700000 1.00000000
22 4 1
0.37800000 1.00000000

O-ARGON AR (AUG-CC-PVQZ) BASIS TYPE: 1
# 
22
1 0 13
950600.00000000 0.00002275
142300.00000000 0.00017694
32360.00000000 0.00093128
9145.00000000 0.00392860
2970.00000000 0.01420640
1064.00000000 0.04481140
410.80000000 0.12100100
168.00000000 0.26057900
71.99000000 0.38136400
31.67000000 0.27605800
12.89000000 0.05051790
5.92900000 -0.00359866
2.67800000 0.00218798
2 0 13
950600.00000000 -0.00000646
142300.00000000 -0.00005023
32360.00000000 -0.00026480
9145.00000000 -0.00111895
2970.00000000 -0.00408276
1064.00000000 -0.01312160
410.80000000 -0.03728550
168.00000000 -0.08947090
71.99000000 -0.16805400
31.67000000 -0.17959400
12.89000000 0.10295300
5.92900000 0.56263000
2.67800000 0.45035500
3 0 13
950600.00000000 0.00000202
142300.00000000 0.00001569
32360.00000000 0.00008286
9145.00000000 0.00034926
2970.00000000 0.00127976
1064.00000000 0.00410365
410.80000000 0.01177890
168.00000000 0.02838680
71.99000000 0.05524060
31.67000000 0.06074920
12.89000000 -0.03620120
5.92900000 -0.27539800
2.67800000 -0.36284500
4 0 1
0.94160000 1.00000000
5 0 1
0.42390000 1.00000000
6 0 1
0.17140000 1.00000000
7 0 1
0.06100000 1.00000000
8 1 8
1890.00000000 0.00049575
447.80000000 0.00425172
144.60000000 0.02232770
54.46000000 0.08308780
22.51000000 0.21711000
9.77400000 0.37450700
4.36800000 0.36644500
1.95900000 0.12924500
9 1 8
1890.00000000 -0.00013886
447.80000000 -0.00118870
144.60000000 -0.00632553
54.46000000 -0.02388130
22.51000000 -0.06492380
9.77400000 -0.11544400
4.36800000 -0.12365100
1.95900000 0.06490550
10 1 1
0.82600000 1.00000000
11 1 1
0.32970000 1.00000000
12 1 1
0.12420000 1.00000000
13 1 1
0.04350000 1.00000000
14 2 1
0.31100000 1.00000000
15 2 1
0.76300000 1.00000000
16 2 1
1.87300000 1.00000000
17 2 1
0.11600000 1.00000000
18 3 1
0.54300000 1.00000000
19 3 1
1.32500000 1.00000000
20 3 1
0.29400000 1.00000000
21 4 1
1.00700000 1.00000000
22 4 1
0.45900000 1.00000000

O-SCANDIUM SC (AUG-CC-PVQZ) BASIS TYPE: 1
# 
32
1 0 21
8417909.00000000 0.00000198
1260312.00000000 0.00001541
286798.40000000 0.00008106
81234.69000000 0.00034239
26503.11000000 0.00124699
9568.70100000 0.00405642
3732.49700000 0.01200596
1548.42200000 0.03235944
675.54200000 0.07819972
307.25220000 0.16173960
144.66720000 0.26184800
70.04387000 0.27482840
34.32250000 0.14196470
15.61224000 0.07046176
7.74372200 0.12883920
3.84426000 0.09269352
1.71976600 0.01229949
0.83252300 -0.00045882
0.38556400 0.00017227
0.09670000 -0.00005411
0.04777800 0.00004893
2 0 21
8417909.00000000 -0.00000115
1260312.00000000 -0.00000893
286798.40000000 -0.00004696
81234.69000000 -0.00019853
26503.11000000 -0.00072309
9568.70100000 -0.00235882
3732.49700000 -0.00700815
1548.42200000 -0.01912407
675.54200000 -0.04728922
307.25220000 -0.10324800
144.66720000 -0.18619600
70.04387000 -0.24805470
34.32250000 -0.16147810
15.61224000 0.17791830
7.74372200 0.53240760
3.84426000 0.37528300
1.71976600 0.05198123
0.83252300 -0.00402905
0.38556400 0.00037941
0.09670000 -0.00040067
0.04777800 0.00032192
3 0 21
8417909.00000000 0.00000022
1260312.00000000 0.00000173
286798.40000000 0.00000909
81234.69000000 0.00003849
26503.11000000 0.00014000
9568.70100000 0.00045860
3732.49700000 0.00136459
1548.42200000 0.00377374
675.54200000 0.00949389
307.25220000 0.02174611
144.66720000 0.04228528
70.04387000 0.06540610
34.32250000 0.04759732
15.61224000 -0.08160330
7.74372200 -0.32839800
3.84426000 -0.36545610
1.71976600 0.21022180
0.83252300 0.68567930
0.38556400 0.36843080
0.09670000 0.02050798
0.04777800 -0.00641078
4 0 21
8417909.00000000 -0.00000005
1260312.00000000 -0.00000042
286798.40000000 -0.00000219
81234.69000000 -0.00000926
26503.11000000 -0.00003372
9568.70100000 -0.00011039
3732.49700000 -0.00032871
1548.42200000 -0.00090843
675.54200000 -0.00228820
307.25220000 -0.00523846
144.66720000 -0.01021547
70.04387000 -0.01581707
34.32250000 -0.01162945
15.61224000 0.02013432
7.74372200 0.08405086
3.84426000 0.09848250
1.71976600 -0.06838523
0.83252300 -0.23536270
0.38556400 -0.27769840
0.09670000 0.29874230
0.04777800 0.61937230
5 0 21
8417909.00000000 -0.00000009
1260312.00000000 -0.00000073
286798.40000000 -0.00000370
81234.69000000 -0.00001633
26503.11000000 -0.00005642
9568.70100000 -0.00019682
3732.49700000 -0.00054288
1548.42200000 -0.00164269
675.54200000 -0.00370975
307.25220000 -0.00969923
144.66720000 -0.01589350
70.04387000 -0.03149937
34.32250000 -0.01153920
15.61224000 0.01426789
7.74372200 0.19777190
3.84426000 0.09493216
1.71976600 0.02678950
0.83252300 -0.93510820
0.38556400 0.18207250
0.09670000 2.07742300
0.04777800 -1.11394400
6 0 21
8417909.00000000 -0.00000014
1260312.00000000 -0.00000117
286798.40000000 -0.00000581
81234.69000000 -0.00002642
26503.11000000 -0.00008781
9568.70100000 -0.00032079
3732.49700000 -0.00083637
1548.42200000 -0.00270364
675.54200000 -0.00563396
307.25220000 -0.01622651
144.66720000 -0.02336426
70.04387000 -0.05523292
34.32250000 -0.00880777
15.61224000 -0.00020609
7.74372200 0.38828570
3.84426000 0.09743430
1.71976600 0.00685857
0.83252300 -2.32157000
0.38556400 2.66658000
0.09670000 0.18982810
0.04777800 -2.68406500
7 0 21
8417909.00000000 -0.00000016
1260312.00000000 -0.00000122
286798.40000000 -0.00000666
81234.69000000 -0.00002670
26503.11000000 -0.00010399
9568.70100000 -0.00031340
3732.49700000 -0.00102988
1548.42200000 -0.00253063
675.54200000 -0.00733592
307.25220000 -0.01414587
144.66720000 -0.03451496
70.04387000 -0.03859251
34.32250000 -0.05560506
15.61224000 0.10250620
7.74372200 0.22655270
3.84426000 0.60172890
1.71976600 -1.40297400
0.83252300 -0.84783640
0.38556400 3.09478900
0.09670000 -5.79273300
0.04777800 6.94415800
8 0 1
0.02236300 1.00000000
9 0 1
0.01047000 1.00000000
10 1 17
22640.97000000 0.00001200
5357.54500000 0.00010700
1740.37300000 0.00062500
666.61630000 0.00283000
283.63840000 0.01053000
129.79760000 0.03288100
62.67956000 0.08588400
31.50441000 0.18003000
16.23525000 0.28922400
8.51832400 0.32791000
4.51900500 0.21019800
2.36659100 0.05468000
1.21523500 0.00185300
0.61434800 -0.00141700
0.30074500 -0.00095300
0.12600400 -0.00005100
0.05484000 -0.00002100
11 1 17
22640.97000000 -0.00000400
5357.54500000 -0.00003500
1740.37300000 -0.00020500
666.61630000 -0.00093200
283.63840000 -0.00348400
129.79760000 -0.01101900
62.67956000 -0.02941500
31.50441000 -0.06371300
16.23525000 -0.10608500
8.51832400 -0.12863800
4.51900500 -0.05301200
2.36659100 0.17402600
1.21523500 0.39255000
0.61434800 0.39651400
0.30074500 0.17654400
0.12600400 0.01911100
0.05484000 0.00007500
12 1 17
22640.97000000 0.00000100
5357.54500000 0.00000900
1740.37300000 0.00005000
666.61630000 0.00022700
283.63840000 0.00085300
129.79760000 0.00268600
62.67956000 0.00722500
31.50441000 0.01559000
16.23525000 0.02630300
8.51832400 0.03177700
4.51900500 0.01248300
2.36659100 -0.05262700
1.21523500 -0.11402500
0.61434800 -0.14637100
0.30074500 -0.01386300
0.12600400 0.35244400
0.05484000 0.55045400
13 1 17
22640.97000000 0.00000100
5357.54500000 0.00001000
1740.37300000 0.00006000
666.61630000 0.00027400
283.63840000 0.00102500
129.79760000 0.00325000
62.67956000 0.00867400
31.50441000 0.01886600
16.23525000 0.03146600
8.51832400 0.03866300
4.51900500 0.01492300
2.36659100 -0.05967000
1.21523500 -0.13470600
0.61434800 -0.17280900
0.30074500 -0.08069800
0.12600400 0.55426400
0.05484000 0.55000700
14 1 17
22640.97000000 0.00000200
5357.54500000 0.00002000
1740.37300000 0.00012800
666.61630000 0.00053400
283.63840000 0.00216400
129.79760000 0.00630700
62.67956000 0.01837700
31.50441000 0.03601600
16.23525000 0.06943000
8.51832400 0.07194900
4.51900500 0.05778900
2.36659100 -0.17528400
1.21523500 -0.33732900
0.61434800 -0.56442700
0.30074500 1.16338000
0.12600400 0.56583500
0.05484000 -0.97150600
15 1 17
22640.97000000 -0.00000200
5357.54500000 -0.00002900
1740.37300000 -0.00013000
666.61630000 -0.00075200
283.63840000 -0.00221200
129.79760000 -0.00889300
62.67956000 -0.01826200
31.50441000 -0.05304100
16.23525000 -0.05993900
8.51832400 -0.15564200
4.51900500 0.00957200
2.36659100 0.09189800
1.21523500 1.25671000
0.61434800 -1.01111500
0.30074500 -1.36883600
0.12600400 2.37778200
0.05484000 -1.15398400
16 1 1
0.02355700 1.00000000
17 1 1
0.01012000 1.00000000
18 2 10
145.46800000 0.00049400
43.41880000 0.00419800
16.57680000 0.01896700
6.97111000 0.05840800
3.13347000 0.13760500
1.45768000 0.23147000
0.67453800 0.29653000
0.30516200 0.30520000
0.13411300 0.23807500
0.05727000 0.10738600
19 2 10
145.46800000 -0.00050500
43.41880000 -0.00429300
16.57680000 -0.01947500
6.97111000 -0.06063100
3.13347000 -0.14366100
1.45768000 -0.22929400
0.67453800 -0.26197300
0.30516200 -0.05300600
0.13411300 0.41199900
0.05727000 0.48319000
20 2 10
145.46800000 -0.00066700
43.41880000 -0.00559300
16.57680000 -0.02599000
6.97111000 -0.07914000
3.13347000 -0.19362200
1.45768000 -0.28998100
0.67453800 -0.17025100
0.30516200 0.61268700
0.13411300 0.48179400
0.05727000 -0.67944800
21 2 10
145.46800000 0.00083600
43.41880000 0.00849500
16.57680000 0.03348100
6.97111000 0.12701100
3.13347000 0.24828100
1.45768000 0.44556300
0.67453800 -0.54064500
0.30516200 -0.87839400
0.13411300 1.44311800
0.05727000 -0.46908100
22 2 1
0.02335400 1.00000000
23 2 1
0.00952000 1.00000000
24 3 1
1.41670000 1.00000000
25 3 1
0.39920000 1.00000000
26 3 1
0.11250000 1.00000000
27 3 1
0.03128000 1.00000000
28 4 1
0.99630000 1.00000000
29 4 1
0.25730000 1.00000000
30 4 1
0.07236000 1.00000000
