O-HYDROGEN H (aug-cc-pV6Z)
# (16s,6p,5d,4f,3g,2h) -> [7s,6p,5d,4f,3g,2h]
    27
    1    0    10
      1.776776E+03           4.400000E-05
      2.540177E+02           3.720000E-04
      5.469804E+01           2.094000E-03
      1.501834E+01           8.863000E-03
      4.915078E+00           3.054000E-02
      1.794924E+00           9.034200E-02
      7.107160E-01           2.132390E-01
      3.048020E-01           3.523500E-01
      1.380460E-01           3.396570E-01
      6.215700E-02           1.073300E-01
    2    0    1
      1.794924E+00           1.000000E+00
    3    0    1
      7.107160E-01           1.000000E+00
    4    0    1
      3.048020E-01           1.000000E+00
    5    0    1
      1.380460E-01           1.000000E+00
    6    0    1
      6.215700E-02           1.000000E+00
    7    0    1
      0.0189                 1.0000
    2    1    1
      8.649000E+00           1.000000E+00
    3    1    1
      3.430000E+00           1.000000E+00
    4    1    1
      1.360000E+00           1.000000E+00
    5    1    1
      5.390000E-01           1.000000E+00
    6    1    1
      2.140000E-01           1.000000E+00
    7    1    1
      0.0670                 1.0000
    3    2    1
      4.453000E+00           1.000000E+00
    4    2    1
      1.958000E+00           1.000000E+00
    5    2    1
      8.610000E-01           1.000000E+00
    6    2    1
      3.780000E-01           1.000000E+00
    7    2    1
      0.1260                 1.0000
    4    3    1
      4.100000E+00           1.000000E+00
    5    3    1
      1.780000E+00           1.000000E+00
    6    3    1
      7.730000E-01           1.000000E+00
    7    3    1
      0.2450                 1.0000
    5    4    1
      3.199000E+00           1.000000E+00
    6    4    1
      1.326000E+00           1.000000E+00
    7    4    1
      0.4070                 1.0000
    6    5    1
      2.653000E+00           1.0000000
    7    5    1
      0.6820                 1.0000

O-EALONE EA- (aug-cc-pV6Z)
# (16s,6p,5d,4f,3g,2h) -> [7s,6p,5d,4f,3g,2h]
    27
    1    0    10
      1.776776E+03           4.400000E-05
      2.540177E+02           3.720000E-04
      5.469804E+01           2.094000E-03
      1.501834E+01           8.863000E-03
      4.915078E+00           3.054000E-02
      1.794924E+00           9.034200E-02
      7.107160E-01           2.132390E-01
      3.048020E-01           3.523500E-01
      1.380460E-01           3.396570E-01
      6.215700E-02           1.073300E-01
    2    0    1
      1.794924E+00           1.000000E+00
    3    0    1
      7.107160E-01           1.000000E+00
    4    0    1
      3.048020E-01           1.000000E+00
    5    0    1
      1.380460E-01           1.000000E+00
    6    0    1
      6.215700E-02           1.000000E+00
    7    0    1
      0.0189                 1.0000
    2    1    1
      8.649000E+00           1.000000E+00
    3    1    1
      3.430000E+00           1.000000E+00
    4    1    1
      1.360000E+00           1.000000E+00
    5    1    1
      5.390000E-01           1.000000E+00
    6    1    1
      2.140000E-01           1.000000E+00
    7    1    1
      0.0670                 1.0000
    3    2    1
      4.453000E+00           1.000000E+00
    4    2    1
      1.958000E+00           1.000000E+00
    5    2    1
      8.610000E-01           1.000000E+00
    6    2    1
      3.780000E-01           1.000000E+00
    7    2    1
      0.1260                 1.0000
    4    3    1
      4.100000E+00           1.000000E+00
    5    3    1
      1.780000E+00           1.000000E+00
    6    3    1
      7.730000E-01           1.000000E+00
    7    3    1
      0.2450                 1.0000
    5    4    1
      3.199000E+00           1.000000E+00
    6    4    1
      1.326000E+00           1.000000E+00
    7    4    1
      0.4070                 1.0000
    6    5    1
      2.653000E+00           1.0000000
    7    5    1
      0.6820                 1.0000

O-POSITRON E+ (aug-cc-pV6Z)
# (16s,6p,5d,4f,3g,2h) -> [7s,6p,5d,4f,3g,2h]
    27
    1    0    10
      1.776776E+03           4.400000E-05
      2.540177E+02           3.720000E-04
      5.469804E+01           2.094000E-03
      1.501834E+01           8.863000E-03
      4.915078E+00           3.054000E-02
      1.794924E+00           9.034200E-02
      7.107160E-01           2.132390E-01
      3.048020E-01           3.523500E-01
      1.380460E-01           3.396570E-01
      6.215700E-02           1.073300E-01
    2    0    1
      1.794924E+00           1.000000E+00
    3    0    1
      7.107160E-01           1.000000E+00
    4    0    1
      3.048020E-01           1.000000E+00
    5    0    1
      1.380460E-01           1.000000E+00
    6    0    1
      6.215700E-02           1.000000E+00
    7    0    1
      0.0189                 1.0000
    2    1    1
      8.649000E+00           1.000000E+00
    3    1    1
      3.430000E+00           1.000000E+00
    4    1    1
      1.360000E+00           1.000000E+00
    5    1    1
      5.390000E-01           1.000000E+00
    6    1    1
      2.140000E-01           1.000000E+00
    7    1    1
      0.0670                 1.0000
    3    2    1
      4.453000E+00           1.000000E+00
    4    2    1
      1.958000E+00           1.000000E+00
    5    2    1
      8.610000E-01           1.000000E+00
    6    2    1
      3.780000E-01           1.000000E+00
    7    2    1
      0.1260                 1.0000
    4    3    1
      4.100000E+00           1.000000E+00
    5    3    1
      1.780000E+00           1.000000E+00
    6    3    1
      7.730000E-01           1.000000E+00
    7    3    1
      0.2450                 1.0000
    5    4    1
      3.199000E+00           1.000000E+00
    6    4    1
      1.326000E+00           1.000000E+00
    7    4    1
      0.4070                 1.0000
    6    5    1
      2.653000E+00           1.0000000
    7    5    1
      0.6820                 1.0000


