  aug-cc-pCVQZ  EMSL  Basis Set Exchange Library   7/13/12 8:50 PM 
 Elements                             References 
 H     : T.H. Dunning, Jr. J. Chem. Phys. 90, 1007 (1989). 
 He    : D.E. Woon and T.H. Dunning, Jr. J. Chem. Phys. 100, 2975 (1994). 
 Li - Ne: T.H. Dunning, Jr. J. Chem. Phys. 90, 1007 (1989). 
 Na - Mg: D.E. Woon and T.H. Dunning, Jr.  (to be published) 
 Al - Ar: D.E. Woon and T.H. Dunning, Jr.  J. Chem. Phys. 98, 1358 (1993). 
 Ca     : J. Koput and K.A. Peterson, J. Phys. Chem. A, 106, 9595 (2002). 
 Sc - Zn: N.B. Balabanov and K.A. Peterson, J. Chem. Phys, 123, 064107 (2005) 
 Ga - Kr: A.K. Wilson, D.E. Woon, K.A. Peterson, T.H. Dunning, Jr. J. Chem. Phys., 110, 7667 (1999) 
  
 Elements                             References 
 H     : T.H. Dunning, Jr. J. Chem. Phys. 90, 1007 (1989). 
 Li - Ne: T.H. Dunning, Jr. J. Chem. Phys. 90, 1007 (1989) and D. E. Woon and 
 T.H. Dunning, Jr. J. Chem. Phys. 103, 4572 (1995). 
 Al - Ar: K.A. Peterson and T.H. Dunning, Jr. J. Chem. Phys. 117, 10548 (2002) 
 Ca     : J. Koput and K.A. Peterson, J. Phys. Chem. A, 106, 9595 (2002). 
  
 Elements                             References 
 H    :  T.H. Dunning, Jr. J. Chem. Phys. 90, 1007 (1989). 
 He   :  D.E. Woon and T.H. Dunning, Jr., J. Chem. Phys. 100, 2975 (1994). 
 B - F:  R.A. Kendall, T.H. Dunning, Jr. and R.J. Harrison, J. Chem. Phys. 96, 
 6796 (1992). 
 Al - Cl: D.E. Woon and T.H. Dunning, Jr. J. Chem. Phys. 98, 1358 (1993). 
 Sc - Zn: N.B. Balabanov and K.A. Peterson, J. Chem. Phys, 123, 064107 (2005) 
  
O-LITHIUM LI (AUG-CC-PCVQZ) BASIS TYPE: 1
# 
29
1 0 9
6601.00000000 0.00011700
989.70000000 0.00091100
225.70000000 0.00472800
64.29000000 0.01919700
21.18000000 0.06304700
7.72400000 0.16320800
3.00300000 0.31482700
1.21200000 0.39393600
0.49300000 0.19691800
2 0 9
6601.00000000 -0.00001800
989.70000000 -0.00014200
225.70000000 -0.00074100
64.29000000 -0.00302000
21.18000000 -0.01012300
7.72400000 -0.02709400
3.00300000 -0.05735900
1.21200000 -0.09389500
0.49300000 -0.12109100
3 0 1
0.09515000 1.00000000
4 0 1
0.04791000 1.00000000
5 0 1
0.02220000 1.00000000
6 0 1
5.61400000 1.00000000
7 0 1
1.86000000 1.00000000
8 0 1
0.61600000 1.00000000
9 0 1
0.00636000 1.00000000
10 1 3
6.25000000 0.00338800
1.37000000 0.01931600
0.36720000 0.07910400
11 1 1
0.11920000 1.00000000
12 1 1
0.04474000 1.00000000
13 1 1
0.01795000 1.00000000
14 1 1
9.78500000 1.00000000
15 1 1
2.59300000 1.00000000
16 1 1
0.68700000 1.00000000
17 1 1
0.00756000 1.00000000
18 2 1
0.34400000 1.00000000
19 2 1
0.15300000 1.00000000
20 2 1
0.06800000 1.00000000
21 2 1
10.60200000 1.00000000
22 2 1
3.06600000 1.00000000
23 2 1
0.02660000 1.00000000
24 3 1
0.24600000 1.00000000
25 3 1
0.12920000 1.00000000
26 3 1
6.68300000 1.00000000
27 3 1
0.05520000 1.00000000
28 4 1
0.23800000 1.00000000
29 4 1
0.10500000 1.00000000

O-BERYLLIUM BE (AUG-CC-PCVQZ) BASIS TYPE: 1
# 
29
1 0 9
14630.00000000 0.00009200
2191.00000000 0.00071300
498.20000000 0.00373500
140.90000000 0.01546800
45.86000000 0.05287400
16.47000000 0.14569400
6.31900000 0.30268100
2.53500000 0.40493600
1.03500000 0.22238700
2 0 9
14630.00000000 -0.00001700
2191.00000000 -0.00013000
498.20000000 -0.00067900
140.90000000 -0.00285700
45.86000000 -0.00981300
16.47000000 -0.02860900
6.31900000 -0.06376000
2.53500000 -0.11723100
1.03500000 -0.12120200
3 0 1
0.25280000 1.00000000
4 0 1
0.10520000 1.00000000
5 0 1
0.04261000 1.00000000
6 0 1
21.72600000 1.00000000
7 0 1
7.86600000 1.00000000
8 0 1
2.84800000 1.00000000
9 0 1
0.01439000 1.00000000
10 1 3
14.03000000 0.00409900
3.16800000 0.02562600
0.90240000 0.10376800
11 1 1
0.30360000 1.00000000
12 1 1
0.11300000 1.00000000
13 1 1
0.04286000 1.00000000
14 1 1
30.89800000 1.00000000
15 1 1
10.36500000 1.00000000
16 1 1
3.47700000 1.00000000
17 1 1
0.00650000 1.00000000
18 2 1
1.07200000 1.00000000
19 2 1
0.44100000 1.00000000
20 2 1
0.18110000 1.00000000
21 2 1
30.39000000 1.00000000
22 2 1
6.09200000 1.00000000
23 2 1
0.05540000 1.00000000
24 3 1
0.48100000 1.00000000
25 3 1
0.25500000 1.00000000
26 3 1
12.48200000 1.00000000
27 3 1
0.09300000 1.00000000
28 4 1
0.41500000 1.00000000
29 4 1
0.18340000 1.00000000

O-BORON B (AUG-CC-PCVQZ) BASIS TYPE: 1
# 
29
1 0 9
23870.00000000 0.00008800
3575.00000000 0.00068700
812.80000000 0.00360000
229.70000000 0.01494900
74.69000000 0.05143500
26.81000000 0.14330200
10.32000000 0.30093500
4.17800000 0.40352600
1.72700000 0.22534000
2 0 9
23870.00000000 -0.00001800
3575.00000000 -0.00013900
812.80000000 -0.00072500
229.70000000 -0.00306300
74.69000000 -0.01058100
26.81000000 -0.03136500
10.32000000 -0.07101200
4.17800000 -0.13210300
1.72700000 -0.12307200
3 0 1
0.47040000 1.00000000
4 0 1
0.18960000 1.00000000
5 0 1
0.07394000 1.00000000
6 0 1
4.86400000 1.00000000
7 0 1
13.28800000 1.00000000
8 0 1
36.30400000 1.00000000
9 0 1
0.02721000 1.00000000
10 1 3
22.26000000 0.00509500
5.05800000 0.03320600
1.48700000 0.13231400
11 1 1
0.50710000 1.00000000
12 1 1
0.18120000 1.00000000
13 1 1
0.06463000 1.00000000
14 1 1
5.48900000 1.00000000
15 1 1
16.30200000 1.00000000
16 1 1
48.41800000 1.00000000
17 1 1
0.01878000 1.00000000
18 2 1
1.11000000 1.00000000
19 2 1
0.40200000 1.00000000
20 2 1
0.14500000 1.00000000
21 2 1
6.64000000 1.00000000
22 2 1
24.46200000 1.00000000
23 2 1
0.04660000 1.00000000
24 3 1
0.88200000 1.00000000
25 3 1
0.31100000 1.00000000
26 3 1
18.79400000 1.00000000
27 3 1
0.11300000 1.00000000
28 4 1
0.67300000 1.00000000
29 4 1
0.27300000 1.00000000

O-CARBON C (AUG-CC-PCVQZ) BASIS TYPE: 1
# 
29
1 0 9
33980.00000000 0.00009100
5089.00000000 0.00070400
1157.00000000 0.00369300
326.60000000 0.01536000
106.10000000 0.05292900
38.11000000 0.14704300
14.75000000 0.30563100
6.03500000 0.39934500
2.53000000 0.21705100
2 0 9
33980.00000000 -0.00001900
5089.00000000 -0.00015100
1157.00000000 -0.00078500
326.60000000 -0.00332400
106.10000000 -0.01151200
38.11000000 -0.03416000
14.75000000 -0.07717300
6.03500000 -0.14149300
2.53000000 -0.11801900
3 0 1
0.73550000 1.00000000
4 0 1
0.29050000 1.00000000
5 0 1
0.11110000 1.00000000
6 0 1
7.21600000 1.00000000
7 0 1
19.57000000 1.00000000
8 0 1
53.07300000 1.00000000
9 0 1
0.04145000 1.00000000
10 1 3
34.51000000 0.00537800
7.91500000 0.03613200
2.36800000 0.14249300
11 1 1
0.81320000 1.00000000
12 1 1
0.28900000 1.00000000
13 1 1
0.10070000 1.00000000
14 1 1
8.18200000 1.00000000
15 1 1
24.18600000 1.00000000
16 1 1
71.49400000 1.00000000
17 1 1
0.03218000 1.00000000
18 2 1
1.84800000 1.00000000
19 2 1
0.64900000 1.00000000
20 2 1
0.22800000 1.00000000
21 2 1
8.65600000 1.00000000
22 2 1
33.21300000 1.00000000
23 2 1
0.07660000 1.00000000
24 3 1
1.41900000 1.00000000
25 3 1
0.48500000 1.00000000
26 3 1
24.69400000 1.00000000
27 3 1
0.18700000 1.00000000
28 4 1
1.01100000 1.00000000
29 4 1
0.42400000 1.00000000

O-NITROGEN N (AUG-CC-PCVQZ) BASIS TYPE: 1
# 
29
1 0 9
45840.00000000 0.00009200
6868.00000000 0.00071700
1563.00000000 0.00374900
442.40000000 0.01553200
144.30000000 0.05314600
52.18000000 0.14678700
20.34000000 0.30466300
8.38100000 0.39768400
3.52900000 0.21764100
2 0 9
45840.00000000 -0.00002000
6868.00000000 -0.00015900
1563.00000000 -0.00082400
442.40000000 -0.00347800
144.30000000 -0.01196600
52.18000000 -0.03538800
20.34000000 -0.08007700
8.38100000 -0.14672200
3.52900000 -0.11636000
3 0 1
1.05400000 1.00000000
4 0 1
0.41180000 1.00000000
5 0 1
0.15520000 1.00000000
6 0 1
9.86200000 1.00000000
7 0 1
26.62700000 1.00000000
8 0 1
71.89400000 1.00000000
9 0 1
0.05464000 1.00000000
10 1 3
49.33000000 0.00553300
11.37000000 0.03796200
3.43500000 0.14902800
11 1 1
1.18200000 1.00000000
12 1 1
0.41730000 1.00000000
13 1 1
0.14280000 1.00000000
14 1 1
11.32000000 1.00000000
15 1 1
33.34900000 1.00000000
16 1 1
98.24500000 1.00000000
17 1 1
0.04402000 1.00000000
18 2 1
2.83700000 1.00000000
19 2 1
0.96800000 1.00000000
20 2 1
0.33500000 1.00000000
21 2 1
11.82800000 1.00000000
22 2 1
45.21800000 1.00000000
23 2 1
0.11100000 1.00000000
24 3 1
2.02700000 1.00000000
25 3 1
0.68500000 1.00000000
26 3 1
28.36400000 1.00000000
27 3 1
0.24500000 1.00000000
28 4 1
1.42700000 1.00000000
29 4 1
0.55900000 1.00000000

O-OXYGEN O (AUG-CC-PCVQZ) BASIS TYPE: 1
# 
29
1 0 9
61420.00000000 0.00009000
9199.00000000 0.00069800
2091.00000000 0.00366400
590.90000000 0.01521800
192.30000000 0.05242300
69.32000000 0.14592100
26.97000000 0.30525800
11.10000000 0.39850800
4.68200000 0.21698000
2 0 9
61420.00000000 -0.00002000
9199.00000000 -0.00015900
2091.00000000 -0.00082900
590.90000000 -0.00350800
192.30000000 -0.01215600
69.32000000 -0.03626100
26.97000000 -0.08299200
11.10000000 -0.15209000
4.68200000 -0.11533100
3 0 1
1.42800000 1.00000000
4 0 1
0.55470000 1.00000000
5 0 1
0.20670000 1.00000000
6 0 1
12.97400000 1.00000000
7 0 1
34.90000000 1.00000000
8 0 1
93.88100000 1.00000000
9 0 1
0.06959000 1.00000000
10 1 3
63.42000000 0.00604400
14.66000000 0.04179900
4.45900000 0.16114300
11 1 1
1.53100000 1.00000000
12 1 1
0.53020000 1.00000000
13 1 1
0.17500000 1.00000000
14 1 1
14.47500000 1.00000000
15 1 1
42.73000000 1.00000000
16 1 1
126.14000000 1.00000000
17 1 1
0.05348000 1.00000000
18 2 1
3.77500000 1.00000000
19 2 1
1.30000000 1.00000000
20 2 1
0.44400000 1.00000000
21 2 1
14.92700000 1.00000000
22 2 1
57.54400000 1.00000000
23 2 1
0.15400000 1.00000000
24 3 1
2.66600000 1.00000000
25 3 1
0.85900000 1.00000000
26 3 1
26.48300000 1.00000000
27 3 1
0.32400000 1.00000000
28 4 1
1.84600000 1.00000000
29 4 1
0.71400000 1.00000000

O-FLUORINE F (AUG-CC-PCVQZ) BASIS TYPE: 1
# 
29
1 0 9
74530.00000000 0.00009500
11170.00000000 0.00073800
2543.00000000 0.00385800
721.00000000 0.01592600
235.90000000 0.05428900
85.60000000 0.14951300
33.55000000 0.30825200
13.93000000 0.39485300
5.91500000 0.21103100
2 0 9
74530.00000000 -0.00002200
11170.00000000 -0.00017200
2543.00000000 -0.00089100
721.00000000 -0.00374800
235.90000000 -0.01286200
85.60000000 -0.03806100
33.55000000 -0.08623900
13.93000000 -0.15586500
5.91500000 -0.11091400
3 0 1
1.84300000 1.00000000
4 0 1
0.71240000 1.00000000
5 0 1
0.26370000 1.00000000
6 0 1
16.31900000 1.00000000
7 0 1
43.78400000 1.00000000
8 0 1
117.47200000 1.00000000
9 0 1
0.08594000 1.00000000
10 1 3
80.39000000 0.00634700
18.63000000 0.04420400
5.69400000 0.16851400
11 1 1
1.95300000 1.00000000
12 1 1
0.67020000 1.00000000
13 1 1
0.21660000 1.00000000
14 1 1
18.11900000 1.00000000
15 1 1
53.50500000 1.00000000
16 1 1
158.00100000 1.00000000
17 1 1
0.06568000 1.00000000
18 2 1
5.01400000 1.00000000
19 2 1
1.72500000 1.00000000
20 2 1
0.58600000 1.00000000
21 2 1
18.94300000 1.00000000
22 2 1
72.79800000 1.00000000
23 2 1
0.20700000 1.00000000
24 3 1
3.56200000 1.00000000
25 3 1
1.14800000 1.00000000
26 3 1
25.16100000 1.00000000
27 3 1
0.46000000 1.00000000
28 4 1
2.37600000 1.00000000
29 4 1
0.92400000 1.00000000

O-NEON NE (AUG-CC-PCVQZ) BASIS TYPE: 1
# 
29
1 0 9
99920.00000000 0.00008600
14960.00000000 0.00066900
3399.00000000 0.00351800
958.90000000 0.01466700
311.20000000 0.05096200
111.70000000 0.14374400
43.32000000 0.30456200
17.80000000 0.40010500
7.50300000 0.21864400
2 0 9
99920.00000000 -0.00002000
14960.00000000 -0.00015800
3399.00000000 -0.00082400
958.90000000 -0.00350000
311.20000000 -0.01223300
111.70000000 -0.03701700
43.32000000 -0.08611300
17.80000000 -0.15838100
7.50300000 -0.11428800
3 0 1
2.33700000 1.00000000
4 0 1
0.90010000 1.00000000
5 0 1
0.33010000 1.00000000
6 0 1
20.18000000 1.00000000
7 0 1
54.04200000 1.00000000
8 0 1
144.72500000 1.00000000
9 0 1
0.10540000 1.00000000
10 1 3
99.68000000 0.00656600
23.15000000 0.04597900
7.10800000 0.17341900
11 1 1
2.44100000 1.00000000
12 1 1
0.83390000 1.00000000
13 1 1
0.26620000 1.00000000
14 1 1
22.22200000 1.00000000
15 1 1
65.62200000 1.00000000
16 1 1
193.78000000 1.00000000
17 1 1
0.08178000 1.00000000
18 2 1
6.47100000 1.00000000
19 2 1
2.21300000 1.00000000
20 2 1
0.74700000 1.00000000
21 2 1
23.61300000 1.00000000
22 2 1
90.10700000 1.00000000
23 2 1
0.27300000 1.00000000
24 3 1
4.65700000 1.00000000
25 3 1
1.52400000 1.00000000
26 3 1
28.83000000 1.00000000
27 3 1
0.68900000 1.00000000
28 4 1
2.98300000 1.00000000
29 4 1
1.22400000 1.00000000

O-SODIUM NA (AUG-CC-PCVQZ) BASIS TYPE: 1
# 
34
1 0 16
1224000.00000000 0.00000479
183200.00000000 0.00003724
41700.00000000 0.00019583
11810.00000000 0.00082670
3853.00000000 0.00300251
1391.00000000 0.00970310
542.50000000 0.02823370
224.90000000 0.07320580
97.93000000 0.16289700
44.31000000 0.28870800
20.65000000 0.34682900
9.72900000 0.20686500
4.22800000 0.03280090
1.96900000 -0.00064774
0.88900000 0.00145878
0.39640000 -0.00017835
2 0 16
1224000.00000000 -0.00000117
183200.00000000 -0.00000909
41700.00000000 -0.00004785
11810.00000000 -0.00020196
3853.00000000 -0.00073584
1391.00000000 -0.00238746
542.50000000 -0.00704969
224.90000000 -0.01878560
97.93000000 -0.04461530
44.31000000 -0.08977410
20.65000000 -0.14294000
9.72900000 -0.12431500
4.22800000 0.09996480
1.96900000 0.41708000
0.88900000 0.47512300
0.39640000 0.16326800
3 0 16
1224000.00000000 0.00000018
183200.00000000 0.00000137
41700.00000000 0.00000720
11810.00000000 0.00003033
3853.00000000 0.00011075
1391.00000000 0.00035860
542.50000000 0.00106272
224.90000000 0.00282687
97.93000000 0.00676742
44.31000000 0.01364800
20.65000000 0.02228140
9.72900000 0.01960110
4.22800000 -0.01677080
1.96900000 -0.07737340
0.88900000 -0.11350100
0.39640000 -0.13913000
4 0 1
0.06993000 1.00000000
5 0 1
0.03289000 1.00000000
6 0 1
0.01612000 1.00000000
7 0 1
24.28200000 1.00000000
8 0 1
4.87400000 1.00000000
9 0 1
0.97800000 1.00000000
10 0 1
0.00503000 1.00000000
11 1 9
413.40000000 0.00090820
97.98000000 0.00741773
31.37000000 0.03574640
11.62000000 0.11852000
4.67100000 0.26140300
1.91800000 0.37839500
0.77750000 0.33463200
0.30130000 0.12684400
0.22750000 -0.01471170
12 1 9
413.40000000 -0.00009017
97.98000000 -0.00073934
31.37000000 -0.00357309
11.62000000 -0.01201420
4.67100000 -0.02671780
1.91800000 -0.03927530
0.77750000 -0.03760830
0.30130000 -0.04332280
0.22750000 0.05180030
13 1 1
0.07527000 1.00000000
14 1 1
0.03126000 1.00000000
15 1 1
0.01342000 1.00000000
16 1 1
4.46600000 1.00000000
17 1 1
1.68900000 1.00000000
18 1 1
0.63800000 1.00000000
19 1 1
0.00772000 1.00000000
20 2 1
0.15380000 1.00000000
21 2 1
0.08650000 1.00000000
22 2 1
0.04870000 1.00000000
23 2 1
8.60600000 1.00000000
24 2 1
3.13700000 1.00000000
25 2 1
1.14400000 1.00000000
26 2 1
0.02100000 1.00000000
27 3 1
0.19120000 1.00000000
28 3 1
0.10360000 1.00000000
29 3 1
6.25800000 1.00000000
30 3 1
2.17300000 1.00000000
31 3 1
0.04530000 1.00000000
32 4 1
0.17220000 1.00000000
33 4 1
4.09700000 1.00000000
34 4 1
0.08660000 1.00000000

O-MAGNESIUM MG (AUG-CC-PCVQZ) BASIS TYPE: 1
# 
34
1 0 13
327600.00000000 0.00003096
49050.00000000 0.00024095
11150.00000000 0.00126660
3152.00000000 0.00533359
1025.00000000 0.01907700
368.80000000 0.05880580
143.20000000 0.15145400
58.96000000 0.30071600
25.40000000 0.38114900
11.15000000 0.21358400
4.00400000 0.02312100
1.70100000 -0.00230757
0.70600000 0.00128900
2 0 13
327600.00000000 -0.00000783
49050.00000000 -0.00006079
11150.00000000 -0.00032120
3152.00000000 -0.00134955
1025.00000000 -0.00490570
368.80000000 -0.01535610
143.20000000 -0.04234090
58.96000000 -0.09406030
25.40000000 -0.16342500
11.15000000 -0.12475400
4.00400000 0.23562300
1.70100000 0.57756300
0.70600000 0.33523200
3 0 13
327600.00000000 0.00000151
49050.00000000 0.00001171
11150.00000000 0.00006190
3152.00000000 0.00026009
1025.00000000 0.00094622
368.80000000 0.00296595
143.20000000 0.00821245
58.96000000 0.01839770
25.40000000 0.03266570
11.15000000 0.02573150
4.00400000 -0.05353510
1.70100000 -0.15689500
0.70600000 -0.20665900
4 0 1
0.14100000 1.00000000
5 0 1
0.06808000 1.00000000
6 0 1
0.03063000 1.00000000
7 0 1
23.24300000 1.00000000
8 0 1
9.56100000 1.00000000
9 0 1
3.93300000 1.00000000
10 0 1
0.01239000 1.00000000
11 1 9
539.60000000 0.00083397
127.90000000 0.00689215
41.02000000 0.03378740
15.25000000 0.11440100
6.16600000 0.25951400
2.56100000 0.38509500
1.06000000 0.33537300
0.41760000 0.11064100
0.26900000 -0.01213150
12 1 9
539.60000000 -0.00013208
127.90000000 -0.00109538
41.02000000 -0.00539495
15.25000000 -0.01855720
6.16600000 -0.04273750
2.56100000 -0.06476840
1.06000000 -0.06278180
0.41760000 -0.02449120
0.26900000 0.10476100
13 1 1
0.12230000 1.00000000
14 1 1
0.05476000 1.00000000
15 1 1
0.02388000 1.00000000
16 1 1
39.53600000 1.00000000
17 1 1
12.77800000 1.00000000
18 1 1
4.13000000 1.00000000
19 1 1
0.00706000 1.00000000
20 2 1
0.10600000 1.00000000
21 2 1
0.19440000 1.00000000
22 2 1
0.35700000 1.00000000
23 2 1
12.53300000 1.00000000
24 2 1
4.67700000 1.00000000
25 2 1
1.74500000 1.00000000
26 2 1
0.03820000 1.00000000
27 3 1
0.18100000 1.00000000
28 3 1
0.35900000 1.00000000
29 3 1
7.87600000 1.00000000
30 3 1
2.80500000 1.00000000
31 3 1
0.07000000 1.00000000
32 4 1
0.30700000 1.00000000
33 4 1
5.39400000 1.00000000
34 4 1
0.14800000 1.00000000

O-ALUMINUM AL (AUG-CC-PCVQZ) BASIS TYPE: 1
# 
34
1 0 13
419600.00000000 0.00002782
62830.00000000 0.00021633
14290.00000000 0.00113754
4038.00000000 0.00479635
1312.00000000 0.01723890
470.50000000 0.05380660
181.80000000 0.14132600
74.46000000 0.28926800
31.90000000 0.38482500
13.96000000 0.23285200
5.18000000 0.02933300
2.26500000 -0.00300574
0.96640000 0.00166673
2 0 13
419600.00000000 -0.00000724
62830.00000000 -0.00005617
14290.00000000 -0.00029653
4038.00000000 -0.00124913
1312.00000000 -0.00455101
470.50000000 -0.01443930
181.80000000 -0.04034640
74.46000000 -0.09226180
31.90000000 -0.16451000
13.96000000 -0.14129600
5.18000000 0.19536500
2.26500000 0.57247500
0.96640000 0.37404100
3 0 13
419600.00000000 0.00000167
62830.00000000 0.00001296
14290.00000000 0.00006851
4038.00000000 0.00028827
1312.00000000 0.00105276
470.50000000 0.00333878
181.80000000 0.00939217
74.46000000 0.02160470
31.90000000 0.03958730
13.96000000 0.03491800
5.18000000 -0.05284150
2.26500000 -0.19187800
0.96640000 -0.25411500
4 0 1
0.24470000 1.00000000
5 0 1
0.11840000 1.00000000
6 0 1
0.05021000 1.00000000
7 0 1
9.72900000 1.00000000
8 0 1
4.87000000 1.00000000
9 0 1
2.43700000 1.00000000
10 0 1
0.01830000 1.00000000
11 1 8
891.30000000 0.00049175
211.30000000 0.00415843
68.28000000 0.02125380
25.70000000 0.07640580
10.63000000 0.19427700
4.60200000 0.33442800
2.01500000 0.37502600
0.87060000 0.20404100
12 1 8
891.30000000 -0.00008887
211.30000000 -0.00074582
68.28000000 -0.00387025
25.70000000 -0.01393500
10.63000000 -0.03668600
4.60200000 -0.06277970
2.01500000 -0.07896020
0.87060000 -0.02885890
13 1 1
0.29720000 1.00000000
14 1 1
0.11000000 1.00000000
15 1 1
0.03989000 1.00000000
16 1 1
10.00000000 1.00000000
17 1 1
4.51400000 1.00000000
18 1 1
2.03800000 1.00000000
19 1 1
0.01210000 1.00000000
20 2 1
0.08040000 1.00000000
21 2 1
0.19900000 1.00000000
22 2 1
0.49400000 1.00000000
23 2 1
14.83500000 1.00000000
24 2 1
5.63700000 1.00000000
25 2 1
2.14200000 1.00000000
26 2 1
0.02820000 1.00000000
27 3 1
0.15400000 1.00000000
28 3 1
0.40100000 1.00000000
29 3 1
9.85300000 1.00000000
30 3 1
3.52500000 1.00000000
31 3 1
0.05820000 1.00000000
32 4 1
0.35700000 1.00000000
33 4 1
6.89400000 1.00000000
34 4 1
0.15300000 1.00000000

O-SILICON SI (AUG-CC-PCVQZ) BASIS TYPE: 1
# 
34
1 0 13
513000.00000000 0.00002609
76820.00000000 0.00020290
17470.00000000 0.00106715
4935.00000000 0.00450597
1602.00000000 0.01623590
574.10000000 0.05089130
221.50000000 0.13515500
90.54000000 0.28129200
38.74000000 0.38533600
16.95000000 0.24565100
6.45200000 0.03431450
2.87400000 -0.00334884
1.25000000 0.00187625
2 0 13
513000.00000000 -0.00000695
76820.00000000 -0.00005396
17470.00000000 -0.00028472
4935.00000000 -0.00120203
1602.00000000 -0.00438397
574.10000000 -0.01397760
221.50000000 -0.03935160
90.54000000 -0.09142830
38.74000000 -0.16560900
16.95000000 -0.15250500
6.45200000 0.16852400
2.87400000 0.56928400
1.25000000 0.39805600
3 0 13
513000.00000000 0.00000178
76820.00000000 0.00001381
17470.00000000 0.00007300
4935.00000000 0.00030767
1602.00000000 0.00112563
574.10000000 0.00358435
221.50000000 0.01017280
90.54000000 0.02375200
38.74000000 0.04434830
16.95000000 0.04190410
6.45200000 -0.05025040
2.87400000 -0.21657800
1.25000000 -0.28644800
4 0 1
0.35990000 1.00000000
5 0 1
0.16990000 1.00000000
6 0 1
0.07066000 1.00000000
7 0 1
12.16400000 1.00000000
8 0 1
6.18700000 1.00000000
9 0 1
3.14700000 1.00000000
10 0 1
0.02750000 1.00000000
11 1 8
1122.00000000 0.00044814
266.00000000 0.00381639
85.92000000 0.01981050
32.33000000 0.07270170
13.37000000 0.18983900
5.80000000 0.33567200
2.55900000 0.37936500
1.12400000 0.20119300
12 1 8
1122.00000000 -0.00009649
266.00000000 -0.00081197
85.92000000 -0.00430087
32.33000000 -0.01575020
13.37000000 -0.04295410
5.80000000 -0.07525740
2.55900000 -0.09714460
1.12400000 -0.02275070
13 1 1
0.39880000 1.00000000
14 1 1
0.15330000 1.00000000
15 1 1
0.05728000 1.00000000
16 1 1
12.64600000 1.00000000
17 1 1
5.74700000 1.00000000
18 1 1
2.61200000 1.00000000
19 1 1
0.02000000 1.00000000
20 2 1
0.12000000 1.00000000
21 2 1
0.30200000 1.00000000
22 2 1
0.76000000 1.00000000
23 2 1
19.01500000 1.00000000
24 2 1
7.40100000 1.00000000
25 2 1
2.88100000 1.00000000
26 2 1
0.04350000 1.00000000
27 3 1
0.21200000 1.00000000
28 3 1
0.54100000 1.00000000
29 3 1
11.92500000 1.00000000
30 3 1
4.30400000 1.00000000
31 3 1
0.08460000 1.00000000
32 4 1
0.46100000 1.00000000
33 4 1
8.57700000 1.00000000
34 4 1
0.21200000 1.00000000

O-PHOSPHOROUS P (AUG-CC-PCVQZ) BASIS TYPE: 1
# 
34
1 0 13
615200.00000000 0.00002475
92120.00000000 0.00019247
20950.00000000 0.00101202
5920.00000000 0.00427261
1922.00000000 0.01541610
688.00000000 0.04859760
265.00000000 0.13006000
108.20000000 0.27451400
46.22000000 0.38540200
20.23000000 0.25593400
7.85900000 0.03912370
3.54700000 -0.00368010
1.56400000 0.00208211
2 0 13
615200.00000000 -0.00000672
92120.00000000 -0.00005223
20950.00000000 -0.00027536
5920.00000000 -0.00116307
1922.00000000 -0.00424281
688.00000000 -0.01361140
265.00000000 -0.03851140
108.20000000 -0.09066430
46.22000000 -0.16658400
20.23000000 -0.16144700
7.85900000 0.14678100
3.54700000 0.56668200
1.56400000 0.41643300
3 0 13
615200.00000000 0.00000185
92120.00000000 0.00001434
20950.00000000 0.00007572
5920.00000000 0.00031920
1922.00000000 0.00116851
688.00000000 0.00374267
265.00000000 0.01068170
108.20000000 0.02526570
46.22000000 0.04792830
20.23000000 0.04770960
7.85900000 -0.04665250
3.54700000 -0.23496800
1.56400000 -0.31133700
4 0 1
0.48880000 1.00000000
5 0 1
0.22660000 1.00000000
6 0 1
0.09331000 1.00000000
7 0 1
14.83100000 1.00000000
8 0 1
7.64000000 1.00000000
9 0 1
3.93500000 1.00000000
10 0 1
0.03540000 1.00000000
11 1 8
1367.00000000 0.00042102
324.00000000 0.00360985
104.60000000 0.01892170
39.37000000 0.07055600
16.26000000 0.18815700
7.05600000 0.33870900
3.13000000 0.38194300
1.39400000 0.19526100
12 1 8
1367.00000000 -0.00010083
324.00000000 -0.00085450
104.60000000 -0.00457116
39.37000000 -0.01703270
16.26000000 -0.04752040
7.05600000 -0.08527860
3.13000000 -0.10967600
1.39400000 -0.01611810
13 1 1
0.51790000 1.00000000
14 1 1
0.20320000 1.00000000
15 1 1
0.07698000 1.00000000
16 1 1
15.52300000 1.00000000
17 1 1
7.07300000 1.00000000
18 1 1
3.22300000 1.00000000
19 1 1
0.02720000 1.00000000
20 2 1
0.16500000 1.00000000
21 2 1
0.41300000 1.00000000
22 2 1
1.03600000 1.00000000
23 2 1
23.41700000 1.00000000
24 2 1
9.25000000 1.00000000
25 2 1
3.65400000 1.00000000
26 2 1
0.05940000 1.00000000
27 3 1
0.28000000 1.00000000
28 3 1
0.70300000 1.00000000
29 3 1
14.20700000 1.00000000
30 3 1
5.16100000 1.00000000
31 3 1
0.10900000 1.00000000
32 4 1
0.59700000 1.00000000
33 4 1
10.44800000 1.00000000
34 4 1
0.25000000 1.00000000

O-SULFUR S (AUG-CC-PCVQZ) BASIS TYPE: 1
# 
34
1 0 13
727800.00000000 0.00002360
109000.00000000 0.00018348
24800.00000000 0.00096428
7014.00000000 0.00406537
2278.00000000 0.01469730
814.70000000 0.04650810
313.40000000 0.12550800
127.70000000 0.26843300
54.48000000 0.38480900
23.85000000 0.26537200
9.42800000 0.04373260
4.29000000 -0.00378807
1.90900000 0.00218083
2 0 13
727800.00000000 -0.00000652
109000.00000000 -0.00005066
24800.00000000 -0.00026683
7014.00000000 -0.00112601
2278.00000000 -0.00411186
814.70000000 -0.01324540
313.40000000 -0.03770040
127.70000000 -0.08985540
54.48000000 -0.16709800
23.85000000 -0.16935400
9.42800000 0.12782400
4.29000000 0.56486200
1.90900000 0.43176700
3 0 13
727800.00000000 0.00000189
109000.00000000 0.00001469
24800.00000000 0.00007755
7014.00000000 0.00032651
2278.00000000 0.00119686
814.70000000 0.00384799
313.40000000 0.01105390
127.70000000 0.02646450
54.48000000 0.05087710
23.85000000 0.05300300
9.42800000 -0.04255180
4.29000000 -0.25085300
1.90900000 -0.33315200
4 0 1
0.62700000 1.00000000
5 0 1
0.28730000 1.00000000
6 0 1
0.11720000 1.00000000
7 0 1
17.59900000 1.00000000
8 0 1
9.18600000 1.00000000
9 0 1
4.79500000 1.00000000
10 0 1
0.04280000 1.00000000
11 1 8
1546.00000000 0.00044118
366.40000000 0.00377571
118.40000000 0.01983600
44.53000000 0.07420630
18.38000000 0.19732700
7.96500000 0.35185100
3.54100000 0.37868700
1.59100000 0.17093100
12 1 8
1546.00000000 -0.00011311
366.40000000 -0.00095858
118.40000000 -0.00513471
44.53000000 -0.01926410
18.38000000 -0.05359800
7.96500000 -0.09603330
3.54100000 -0.11818300
1.59100000 0.00923194
13 1 1
0.62050000 1.00000000
14 1 1
0.24200000 1.00000000
15 1 1
0.09014000 1.00000000
16 1 1
18.12700000 1.00000000
17 1 1
8.21900000 1.00000000
18 1 1
3.72600000 1.00000000
19 1 1
0.03170000 1.00000000
20 2 1
0.20300000 1.00000000
21 2 1
0.50400000 1.00000000
22 2 1
1.25000000 1.00000000
23 2 1
27.41700000 1.00000000
24 2 1
10.89300000 1.00000000
25 2 1
4.31900000 1.00000000
26 2 1
0.07480000 1.00000000
27 3 1
0.33500000 1.00000000
28 3 1
0.86900000 1.00000000
29 3 1
16.53500000 1.00000000
30 3 1
6.00800000 1.00000000
31 3 1
0.14000000 1.00000000
32 4 1
0.68300000 1.00000000
33 4 1
12.51800000 1.00000000
34 4 1
0.29700000 1.00000000

O-CHLORINE CL (AUG-CC-PCVQZ) BASIS TYPE: 1
# 
34
1 0 13
834900.00000000 0.00002317
125000.00000000 0.00018015
28430.00000000 0.00094778
8033.00000000 0.00400139
2608.00000000 0.01446290
933.90000000 0.04565860
360.00000000 0.12324800
147.00000000 0.26436900
62.88000000 0.38298900
27.60000000 0.27093400
11.08000000 0.04714040
5.07500000 -0.00371766
2.27800000 0.00219158
2 0 13
834900.00000000 -0.00000650
125000.00000000 -0.00005049
28430.00000000 -0.00026611
8033.00000000 -0.00112499
2608.00000000 -0.00410497
933.90000000 -0.01319870
360.00000000 -0.03753420
147.00000000 -0.08972330
62.88000000 -0.16767100
27.60000000 -0.17476300
11.08000000 0.11490900
5.07500000 0.56361800
2.27800000 0.44160600
3 0 13
834900.00000000 0.00000197
125000.00000000 0.00001526
28430.00000000 0.00008061
8033.00000000 0.00033996
2608.00000000 0.00124551
933.90000000 0.00399612
360.00000000 0.01147510
147.00000000 0.02755040
62.88000000 0.05329170
27.60000000 0.05712460
11.08000000 -0.03952010
5.07500000 -0.26434300
2.27800000 -0.34929100
4 0 1
0.77750000 1.00000000
5 0 1
0.35270000 1.00000000
6 0 1
0.14310000 1.00000000
7 0 1
20.68900000 1.00000000
8 0 1
10.88000000 1.00000000
9 0 1
5.72200000 1.00000000
10 0 1
0.05190000 1.00000000
11 1 8
1703.00000000 0.00047404
403.60000000 0.00406412
130.30000000 0.02133550
49.05000000 0.07946110
20.26000000 0.20892700
8.78700000 0.36494500
3.91900000 0.37172500
1.76500000 0.14629200
12 1 8
1703.00000000 -0.00012827
403.60000000 -0.00109356
130.30000000 -0.00583429
49.05000000 -0.02192580
20.26000000 -0.06013850
8.78700000 -0.10692900
3.91900000 -0.12245400
1.76500000 0.03836190
13 1 1
0.72070000 1.00000000
14 1 1
0.28390000 1.00000000
15 1 1
0.10600000 1.00000000
16 1 1
20.78400000 1.00000000
17 1 1
9.37900000 1.00000000
18 1 1
4.23200000 1.00000000
19 1 1
0.03760000 1.00000000
20 2 1
0.25400000 1.00000000
21 2 1
0.62800000 1.00000000
22 2 1
1.55100000 1.00000000
23 2 1
32.25500000 1.00000000
24 2 1
12.88800000 1.00000000
25 2 1
5.14900000 1.00000000
26 2 1
0.09520000 1.00000000
27 3 1
0.42300000 1.00000000
28 3 1
1.08900000 1.00000000
29 3 1
19.10700000 1.00000000
30 3 1
6.95000000 1.00000000
31 3 1
0.21700000 1.00000000
32 4 1
0.82700000 1.00000000
33 4 1
14.78200000 1.00000000
34 4 1
0.37800000 1.00000000

O-ARGON AR (AUG-CC-PCVQZ) BASIS TYPE: 1
# 
34
1 0 13
950600.00000000 0.00002275
142300.00000000 0.00017694
32360.00000000 0.00093128
9145.00000000 0.00392860
2970.00000000 0.01420640
1064.00000000 0.04481140
410.80000000 0.12100100
168.00000000 0.26057900
71.99000000 0.38136400
31.67000000 0.27605800
12.89000000 0.05051790
5.92900000 -0.00359866
2.67800000 0.00218798
2 0 13
950600.00000000 -0.00000646
142300.00000000 -0.00005023
32360.00000000 -0.00026480
9145.00000000 -0.00111895
2970.00000000 -0.00408276
1064.00000000 -0.01312160
410.80000000 -0.03728550
168.00000000 -0.08947090
71.99000000 -0.16805400
31.67000000 -0.17959400
12.89000000 0.10295300
5.92900000 0.56263000
2.67800000 0.45035500
3 0 13
950600.00000000 0.00000202
142300.00000000 0.00001569
32360.00000000 0.00008286
9145.00000000 0.00034926
2970.00000000 0.00127976
1064.00000000 0.00410365
410.80000000 0.01177890
168.00000000 0.02838680
71.99000000 0.05524060
31.67000000 0.06074920
12.89000000 -0.03620120
5.92900000 -0.27539800
2.67800000 -0.36284500
4 0 1
0.94160000 1.00000000
5 0 1
0.42390000 1.00000000
6 0 1
0.17140000 1.00000000
7 0 1
24.02400000 1.00000000
8 0 1
12.70600000 1.00000000
9 0 1
6.72000000 1.00000000
10 0 1
0.06100000 1.00000000
11 1 8
1890.00000000 0.00049575
447.80000000 0.00425172
144.60000000 0.02232770
54.46000000 0.08308780
22.51000000 0.21711000
9.77400000 0.37450700
4.36800000 0.36644500
1.95900000 0.12924500
12 1 8
1890.00000000 -0.00013886
447.80000000 -0.00118870
144.60000000 -0.00632553
54.46000000 -0.02388130
22.51000000 -0.06492380
9.77400000 -0.11544400
4.36800000 -0.12365100
1.95900000 0.06490550
13 1 1
0.82600000 1.00000000
14 1 1
0.32970000 1.00000000
15 1 1
0.12420000 1.00000000
16 1 1
23.62700000 1.00000000
17 1 1
10.65400000 1.00000000
18 1 1
4.80400000 1.00000000
19 1 1
0.04350000 1.00000000
20 2 1
0.31100000 1.00000000
21 2 1
0.76300000 1.00000000
22 2 1
1.87300000 1.00000000
23 2 1
37.36400000 1.00000000
24 2 1
15.01300000 1.00000000
25 2 1
6.03200000 1.00000000
26 2 1
0.11600000 1.00000000
27 3 1
0.54300000 1.00000000
28 3 1
1.32500000 1.00000000
29 3 1
21.88400000 1.00000000
30 3 1
7.96800000 1.00000000
31 3 1
0.29400000 1.00000000
32 4 1
1.00700000 1.00000000
33 4 1
17.24300000 1.00000000
34 4 1
0.45900000 1.00000000

