  aug-cc-pCVTZ  EMSL  Basis Set Exchange Library   7/13/12 8:50 PM 
 Elements                             References 
 H     : T.H. Dunning, Jr. J. Chem. Phys. 90, 1007 (1989). 
 He    : D.E. Woon and T.H. Dunning, Jr. J. Chem. Phys. 100, 2975 (1994). 
 Li - Ne: T.H. Dunning, Jr. J. Chem. Phys. 90, 1007 (1989). 
 Na - Mg: D.E. Woon and T.H. Dunning, Jr.  (to be published) 
 Al - Ar: D.E. Woon and T.H. Dunning, Jr.  J. Chem. Phys. 98, 1358 (1993). 
 Ca     : J. Koput and K.A. Peterson, J. Phys. Chem. A, 106, 9595 (2002). 
 Sc - Zn: N.B. Balabanov and K.A. Peterson, J. Chem. Phys, 123, 064107 (2005) 
 Ga - Kr: A.K. Wilson, D.E. Woon, K.A. Peterson, T.H. Dunning, Jr., J. Chem. Phys., 110, 7667 (1999) 
  
 Elements                             References 
 Li - Ne: T.H. Dunning, Jr. J. Chem. Phys. 90, 1007 (1989) and D. E. Woon and 
 T.H. Dunning, Jr. J. Chem. Phys. 103, 4572 (1995). 
 Al - Ar: K.A. Peterson and T.H. Dunning, Jr. J. Chem. Phys. 117, 10548 (2002) 
 Ca     : K.A. Peterson (to be published) 
  
 Elements                             References 
 H    :  T.H. Dunning, Jr. J. Chem. Phys. 90, 1007 (1989). 
 He   :  D.E. Woon and T.H. Dunning, Jr., J. Chem. Phys. 100, 2975 (1994). 
 B - F:  R.A. Kendall, T.H. Dunning, Jr. and R.J. Harrison, J. Chem. Phys. 96, 
 6796 (1992). 
 Al - Cl: D.E. Woon and T.H. Dunning, Jr. J. Chem. Phys. 98, 1358 (1993). 
 Sc - Zn: N.B. Balabanov and K.A. Peterson, J. Chem. Phys, 123, 064107 (2005) 
  
O-LITHIUM LI (AUG-CC-PCVTZ) BASIS TYPE: 1
# 
19
1 0 9
5988.00000000 0.00013300
898.90000000 0.00102500
205.90000000 0.00527200
59.24000000 0.02092900
19.87000000 0.06634000
7.40600000 0.16577500
2.93000000 0.31503800
1.18900000 0.39352300
0.47980000 0.19087000
2 0 9
5988.00000000 -0.00002100
898.90000000 -0.00016100
205.90000000 -0.00082000
59.24000000 -0.00332600
19.87000000 -0.01051900
7.40600000 -0.02809700
2.93000000 -0.05593600
1.18900000 -0.09923700
0.47980000 -0.11218900
3 0 1
0.07509000 1.00000000
4 0 1
0.02832000 1.00000000
5 0 1
1.97400000 1.00000000
6 0 1
0.68300000 1.00000000
7 0 1
0.00760000 1.00000000
8 1 3
3.26600000 0.00863000
0.65110000 0.04753800
0.16960000 0.20977200
9 1 1
0.05578000 1.00000000
10 1 1
0.02050000 1.00000000
11 1 1
7.32000000 1.00000000
12 1 1
1.87500000 1.00000000
13 1 1
0.00910000 1.00000000
14 2 1
0.18740000 1.00000000
15 2 1
0.08010000 1.00000000
16 2 1
4.91200000 1.00000000
17 2 1
0.03710000 1.00000000
18 3 1
0.18290000 1.00000000
19 3 1
0.08160000 1.00000000

O-BERYLLIUM BE (AUG-CC-PCVTZ) BASIS TYPE: 1
# 
19
1 0 9
6863.00000000 0.00023600
1030.00000000 0.00182600
234.70000000 0.00945200
66.56000000 0.03795700
21.69000000 0.11996500
7.73400000 0.28216200
2.91600000 0.42740400
1.13000000 0.26627800
0.11010000 -0.00727500
2 0 9
6863.00000000 -0.00004300
1030.00000000 -0.00033300
234.70000000 -0.00173600
66.56000000 -0.00701200
21.69000000 -0.02312600
7.73400000 -0.05813800
2.91600000 -0.11455600
1.13000000 -0.13590800
0.11010000 0.57744100
3 0 1
0.25770000 1.00000000
4 0 1
0.04409000 1.00000000
5 0 1
4.60400000 1.00000000
6 0 1
1.61700000 1.00000000
7 0 1
0.01503000 1.00000000
8 1 3
7.43600000 0.01073600
1.57700000 0.06285400
0.43520000 0.24818000
9 1 1
0.14380000 1.00000000
10 1 1
0.04994000 1.00000000
11 1 1
14.49700000 1.00000000
12 1 1
3.78700000 1.00000000
13 1 1
0.00706000 1.00000000
14 2 1
0.34800000 1.00000000
15 2 1
0.18030000 1.00000000
16 2 1
9.18300000 1.00000000
17 2 1
0.06540000 1.00000000
18 3 1
0.32500000 1.00000000
19 3 1
0.15330000 1.00000000

O-BORON B (AUG-CC-PCVTZ) BASIS TYPE: 1
# 
19
1 0 8
5473.00000000 0.00055500
820.90000000 0.00429100
186.80000000 0.02194900
52.83000000 0.08444100
17.08000000 0.23855700
5.99900000 0.43507200
2.20800000 0.34195500
0.24150000 -0.00954500
2 0 8
5473.00000000 -0.00011200
820.90000000 -0.00086800
186.80000000 -0.00448400
52.83000000 -0.01768300
17.08000000 -0.05363900
5.99900000 -0.11900500
2.20800000 -0.16582400
0.24150000 0.59598100
3 0 1
0.58790000 1.00000000
4 0 1
0.08610000 1.00000000
5 0 1
2.94000000 1.00000000
6 0 1
8.31100000 1.00000000
7 0 1
0.02914000 1.00000000
8 1 3
12.05000000 0.01311800
2.61300000 0.07989600
0.74750000 0.27727500
9 1 1
0.23850000 1.00000000
10 1 1
0.07698000 1.00000000
11 1 1
6.01600000 1.00000000
12 1 1
22.89100000 1.00000000
13 1 1
0.02096000 1.00000000
14 2 1
0.66100000 1.00000000
15 2 1
0.19900000 1.00000000
16 2 1
13.01500000 1.00000000
17 2 1
0.06040000 1.00000000
18 3 1
0.49000000 1.00000000
19 3 1
0.16300000 1.00000000

O-CARBON C (AUG-CC-PCVTZ) BASIS TYPE: 1
# 
19
1 0 8
8236.00000000 0.00053100
1235.00000000 0.00410800
280.80000000 0.02108700
79.27000000 0.08185300
25.59000000 0.23481700
8.99700000 0.43440100
3.31900000 0.34612900
0.36430000 -0.00898300
2 0 8
8236.00000000 -0.00011300
1235.00000000 -0.00087800
280.80000000 -0.00454000
79.27000000 -0.01813300
25.59000000 -0.05576000
8.99700000 -0.12689500
3.31900000 -0.17035200
0.36430000 0.59868400
3 0 1
0.90590000 1.00000000
4 0 1
0.12850000 1.00000000
5 0 1
4.29200000 1.00000000
6 0 1
11.87600000 1.00000000
7 0 1
0.04402000 1.00000000
8 1 3
18.71000000 0.01403100
4.13300000 0.08686600
1.20000000 0.29021600
9 1 1
0.38270000 1.00000000
10 1 1
0.12090000 1.00000000
11 1 1
8.77800000 1.00000000
12 1 1
33.19000000 1.00000000
13 1 1
0.03569000 1.00000000
14 2 1
1.09700000 1.00000000
15 2 1
0.31800000 1.00000000
16 2 1
14.83900000 1.00000000
17 2 1
0.10000000 1.00000000
18 3 1
0.76100000 1.00000000
19 3 1
0.26800000 1.00000000

O-NITROGEN N (AUG-CC-PCVTZ) BASIS TYPE: 1
# 
19
1 0 8
11420.00000000 0.00052300
1712.00000000 0.00404500
389.30000000 0.02077500
110.00000000 0.08072700
35.57000000 0.23307400
12.54000000 0.43350100
4.64400000 0.34747200
0.51180000 -0.00850800
2 0 8
11420.00000000 -0.00011500
1712.00000000 -0.00089500
389.30000000 -0.00462400
110.00000000 -0.01852800
35.57000000 -0.05733900
12.54000000 -0.13207600
4.64400000 -0.17251000
0.51180000 0.59994400
3 0 1
1.29300000 1.00000000
4 0 1
0.17870000 1.00000000
5 0 1
5.95200000 1.00000000
6 0 1
16.20100000 1.00000000
7 0 1
0.05760000 1.00000000
8 1 3
26.63000000 0.01467000
5.94800000 0.09176400
1.74200000 0.29868300
9 1 1
0.55500000 1.00000000
10 1 1
0.17250000 1.00000000
11 1 1
11.87100000 1.00000000
12 1 1
44.84900000 1.00000000
13 1 1
0.04910000 1.00000000
14 2 1
1.65400000 1.00000000
15 2 1
0.46900000 1.00000000
16 2 1
14.20000000 1.00000000
17 2 1
0.15100000 1.00000000
18 3 1
1.09300000 1.00000000
19 3 1
0.36400000 1.00000000

O-OXYGEN O (AUG-CC-PCVTZ) BASIS TYPE: 1
# 
19
1 0 8
15330.00000000 0.00050800
2299.00000000 0.00392900
522.40000000 0.02024300
147.30000000 0.07918100
47.55000000 0.23068700
16.76000000 0.43311800
6.20700000 0.35026000
0.68820000 -0.00815400
2 0 8
15330.00000000 -0.00011500
2299.00000000 -0.00089500
522.40000000 -0.00463600
147.30000000 -0.01872400
47.55000000 -0.05846300
16.76000000 -0.13646300
6.20700000 -0.17574000
0.68820000 0.60341800
3 0 1
1.75200000 1.00000000
4 0 1
0.23840000 1.00000000
5 0 1
7.84500000 1.00000000
6 0 1
21.03200000 1.00000000
7 0 1
0.07376000 1.00000000
8 1 3
34.46000000 0.01592800
7.74900000 0.09974000
2.28000000 0.31049200
9 1 1
0.71560000 1.00000000
10 1 1
0.21400000 1.00000000
11 1 1
15.15900000 1.00000000
12 1 1
57.43700000 1.00000000
13 1 1
0.05974000 1.00000000
14 2 1
2.31400000 1.00000000
15 2 1
0.64500000 1.00000000
16 2 1
15.85800000 1.00000000
17 2 1
0.21400000 1.00000000
18 3 1
1.42800000 1.00000000
19 3 1
0.50000000 1.00000000

O-FLUORINE F (AUG-CC-PCVTZ) BASIS TYPE: 1
# 
19
1 0 8
19500.00000000 0.00050700
2923.00000000 0.00392300
664.50000000 0.02020000
187.50000000 0.07901000
60.62000000 0.23043900
21.42000000 0.43287200
7.95000000 0.34996400
0.88150000 -0.00789200
2 0 8
19500.00000000 -0.00011700
2923.00000000 -0.00091200
664.50000000 -0.00471700
187.50000000 -0.01908600
60.62000000 -0.05965500
21.42000000 -0.14001000
7.95000000 -0.17678200
0.88150000 0.60504300
3 0 1
2.25700000 1.00000000
4 0 1
0.30410000 1.00000000
5 0 1
9.81200000 1.00000000
6 0 1
25.94300000 1.00000000
7 0 1
0.09158000 1.00000000
8 1 3
43.88000000 0.01666500
9.92600000 0.10447200
2.93000000 0.31726000
9 1 1
0.91320000 1.00000000
10 1 1
0.26720000 1.00000000
11 1 1
18.75600000 1.00000000
12 1 1
71.34800000 1.00000000
13 1 1
0.07361000 1.00000000
14 2 1
3.10700000 1.00000000
15 2 1
0.85500000 1.00000000
16 2 1
19.10800000 1.00000000
17 2 1
0.29200000 1.00000000
18 3 1
1.91700000 1.00000000
19 3 1
0.72400000 1.00000000

O-NEON NE (AUG-CC-PCVTZ) BASIS TYPE: 1
# 
19
1 0 8
24350.00000000 0.00050200
3650.00000000 0.00388100
829.60000000 0.01999700
234.00000000 0.07841800
75.61000000 0.22967600
26.73000000 0.43272200
9.92700000 0.35064200
1.10200000 -0.00764500
2 0 8
24350.00000000 -0.00011800
3650.00000000 -0.00091500
829.60000000 -0.00473700
234.00000000 -0.01923300
75.61000000 -0.06036900
26.73000000 -0.14250800
9.92700000 -0.17771000
1.10200000 0.60583600
3 0 1
2.83600000 1.00000000
4 0 1
0.37820000 1.00000000
5 0 1
12.08300000 1.00000000
6 0 1
31.94700000 1.00000000
7 0 1
0.11330000 1.00000000
8 1 3
54.70000000 0.01715100
12.43000000 0.10765600
3.67900000 0.32168100
9 1 1
1.14300000 1.00000000
10 1 1
0.33000000 1.00000000
11 1 1
22.82700000 1.00000000
12 1 1
87.01700000 1.00000000
13 1 1
0.09175000 1.00000000
14 2 1
4.01400000 1.00000000
15 2 1
1.09600000 1.00000000
16 2 1
23.16800000 1.00000000
17 2 1
0.38600000 1.00000000
18 3 1
2.54400000 1.00000000
19 3 1
1.08400000 1.00000000

O-SODIUM NA (AUG-CC-PCVTZ) BASIS TYPE: 1
# 
23
1 0 14
423000.00000000 0.00001806
63340.00000000 0.00014043
14410.00000000 0.00073844
4077.00000000 0.00311182
1328.00000000 0.01120810
478.60000000 0.03528280
186.20000000 0.09598970
76.92000000 0.21373500
33.32000000 0.34868800
15.00000000 0.32456600
6.86900000 0.11263300
2.68300000 0.00706797
1.10900000 0.00059801
0.06015000 -0.00000531
2 0 14
423000.00000000 -0.00000441
63340.00000000 -0.00003434
14410.00000000 -0.00018011
4077.00000000 -0.00076390
1328.00000000 -0.00275248
478.60000000 -0.00886016
186.20000000 -0.02479390
76.92000000 -0.06059950
33.32000000 -0.11644600
15.00000000 -0.16243700
6.86900000 -0.04388910
2.68300000 0.33791700
1.10900000 0.56134700
0.06015000 0.00406754
3 0 14
423000.00000000 0.00000066
63340.00000000 0.00000516
14410.00000000 0.00002712
4077.00000000 0.00011464
1328.00000000 0.00041512
478.60000000 0.00132978
186.20000000 0.00375595
76.92000000 0.00914025
33.32000000 0.01798590
15.00000000 0.02514770
6.86900000 0.00763522
2.68300000 -0.06145890
1.10900000 -0.11572100
0.06015000 0.62640600
4 0 1
0.45400000 1.00000000
5 0 1
0.02382000 1.00000000
6 0 1
4.18900000 1.00000000
7 0 1
0.62600000 1.00000000
8 0 1
0.00665000 1.00000000
9 1 8
243.30000000 0.00224392
57.39000000 0.01739970
18.10000000 0.07741250
6.57500000 0.21910200
2.52100000 0.37852200
0.96070000 0.39490200
0.35120000 0.16042400
0.09827000 0.00233311
10 1 8
243.30000000 -0.00022240
57.39000000 -0.00174277
18.10000000 -0.00775456
6.57500000 -0.02251870
2.52100000 -0.03843300
0.96070000 -0.04501770
0.35120000 -0.01921320
0.09827000 0.18269700
11 1 1
0.03734000 1.00000000
12 1 1
0.01500000 1.00000000
13 1 1
1.56900000 1.00000000
14 1 1
0.51200000 1.00000000
15 1 1
0.00700000 1.00000000
16 2 1
0.13670000 1.00000000
17 2 1
0.06360000 1.00000000
18 2 1
5.40400000 1.00000000
19 2 1
1.53000000 1.00000000
20 2 1
0.02230000 1.00000000
21 3 1
0.13970000 1.00000000
22 3 1
3.46500000 1.00000000
23 3 1
0.07140000 1.00000000

O-MAGNESIUM MG (AUG-CC-PCVTZ) BASIS TYPE: 1
# 
23
1 0 13
164900.00000000 0.00007299
24710.00000000 0.00056665
5628.00000000 0.00296269
1596.00000000 0.01229620
521.00000000 0.04273240
188.00000000 0.12301300
73.01000000 0.27483200
29.90000000 0.40181800
12.54000000 0.26469700
4.30600000 0.03326120
1.82600000 -0.00441335
0.74170000 0.00206024
0.07612000 0.00070820
2 0 13
164900.00000000 -0.00001842
24710.00000000 -0.00014350
5628.00000000 -0.00074871
1596.00000000 -0.00314407
521.00000000 -0.01104810
188.00000000 -0.03360580
73.01000000 -0.08259460
29.90000000 -0.15931400
12.54000000 -0.15288800
4.30600000 0.19084900
1.82600000 0.57996400
0.74170000 0.37202900
0.07612000 -0.01193440
3 0 13
164900.00000000 0.00000355
24710.00000000 0.00002764
5628.00000000 0.00014440
1596.00000000 0.00060574
521.00000000 0.00213527
188.00000000 0.00649934
73.01000000 0.01614460
29.90000000 0.03157660
12.54000000 0.03163740
4.30600000 -0.04391400
1.82600000 -0.15109300
0.74170000 -0.21766800
0.07612000 0.54724500
4 0 1
0.14570000 1.00000000
5 0 1
0.03310000 1.00000000
6 0 1
17.51600000 1.00000000
7 0 1
3.87000000 1.00000000
8 0 1
0.01290000 1.00000000
9 1 8
316.90000000 0.00207532
74.86000000 0.01628690
23.72000000 0.07386970
8.66900000 0.21429700
3.36300000 0.38215400
1.31000000 0.39817800
0.49110000 0.15287800
0.23640000 -0.00437540
10 1 8
316.90000000 -0.00032973
74.86000000 -0.00258754
23.72000000 -0.01191200
8.66900000 -0.03502270
3.36300000 -0.06399680
1.31000000 -0.07044360
0.49110000 -0.03758360
0.23640000 0.17704300
11 1 1
0.08733000 1.00000000
12 1 1
0.03237000 1.00000000
13 1 1
20.29700000 1.00000000
14 1 1
5.10500000 1.00000000
15 1 1
0.00745000 1.00000000
16 2 1
0.12600000 1.00000000
17 2 1
0.29400000 1.00000000
18 2 1
7.02900000 1.00000000
19 2 1
2.12100000 1.00000000
20 2 1
0.04680000 1.00000000
21 3 1
0.25200000 1.00000000
22 3 1
4.53000000 1.00000000
23 3 1
0.09400000 1.00000000

O-ALUMINUM AL (AUG-CC-PCVTZ) BASIS TYPE: 1
# 
23
1 0 13
205500.00000000 0.00006788
30780.00000000 0.00052715
7006.00000000 0.00276203
1985.00000000 0.01147280
649.10000000 0.03981880
235.00000000 0.11504000
91.62000000 0.26088700
37.67000000 0.39638600
15.91000000 0.28459700
5.85000000 0.04445830
2.54200000 -0.00489838
1.05700000 0.00261253
0.14550000 0.00072207
2 0 13
205500.00000000 -0.00001764
30780.00000000 -0.00013720
7006.00000000 -0.00071891
1985.00000000 -0.00301146
649.10000000 -0.01060140
235.00000000 -0.03213450
91.62000000 -0.08031560
37.67000000 -0.15679400
15.91000000 -0.16837600
5.85000000 0.12687900
2.54200000 0.56149400
1.05700000 0.43661300
0.14550000 -0.01145630
3 0 13
205500.00000000 0.00000407
30780.00000000 0.00003166
7006.00000000 0.00016612
1985.00000000 0.00069499
649.10000000 0.00245511
235.00000000 0.00744598
91.62000000 0.01882530
37.67000000 0.03727720
15.91000000 0.04194960
5.85000000 -0.03543750
2.54200000 -0.17513200
1.05700000 -0.27620300
0.14550000 0.65280900
4 0 1
0.29310000 1.00000000
5 0 1
0.05650000 1.00000000
6 0 1
7.48800000 1.00000000
7 0 1
1.27200000 1.00000000
8 0 1
0.02210000 1.00000000
9 1 7
444.40000000 0.00162786
105.10000000 0.01306870
33.47000000 0.06123410
12.33000000 0.18787000
4.86900000 0.36045200
1.96100000 0.40845400
0.18880000 0.00976514
10 1 7
444.40000000 -0.00028634
105.10000000 -0.00242308
33.47000000 -0.01086580
12.33000000 -0.03643070
4.86900000 -0.06410740
1.96100000 -0.09722390
0.18880000 0.50344800
11 1 1
0.78340000 1.00000000
12 1 1
0.05557000 1.00000000
13 1 1
2.20200000 1.00000000
14 1 1
5.54800000 1.00000000
15 1 1
0.01460000 1.00000000
16 2 1
0.10900000 1.00000000
17 2 1
0.33300000 1.00000000
18 2 1
2.63400000 1.00000000
19 2 1
8.64600000 1.00000000
20 2 1
0.03560000 1.00000000
21 3 1
0.24400000 1.00000000
22 3 1
5.68600000 1.00000000
23 3 1
0.08580000 1.00000000

O-SILICON SI (AUG-CC-PCVTZ) BASIS TYPE: 1
# 
23
1 0 13
254900.00000000 0.00006251
38190.00000000 0.00048555
8690.00000000 0.00254516
2462.00000000 0.01058660
804.80000000 0.03687870
291.30000000 0.10747900
113.60000000 0.24793600
46.75000000 0.39092700
19.82000000 0.30202600
7.70800000 0.05592360
3.34000000 -0.00402406
1.40200000 0.00258030
0.20700000 0.00060793
2 0 13
254900.00000000 -0.00001664
38190.00000000 -0.00012931
8690.00000000 -0.00067883
2462.00000000 -0.00284117
804.80000000 -0.01005510
291.30000000 -0.03057740
113.60000000 -0.07772560
46.75000000 -0.15423600
19.82000000 -0.18036800
7.70800000 0.07982180
3.34000000 0.54744100
1.40200000 0.48011900
0.20700000 -0.01069960
3 0 13
254900.00000000 0.00000426
38190.00000000 0.00003311
8690.00000000 0.00017401
2462.00000000 0.00072757
804.80000000 0.00258333
291.30000000 0.00786354
113.60000000 0.02021550
46.75000000 0.04073200
19.82000000 0.04993580
7.70800000 -0.02493960
3.34000000 -0.19035000
1.40200000 -0.31835000
0.20700000 0.68118000
4 0 1
0.43870000 1.00000000
5 0 1
0.07944000 1.00000000
6 0 1
9.16400000 1.00000000
7 0 1
1.62100000 1.00000000
8 0 1
0.03300000 1.00000000
9 1 7
481.50000000 0.00192045
113.90000000 0.01535520
36.23000000 0.07139910
13.34000000 0.21305200
5.25200000 0.39035400
2.12000000 0.39372100
0.25280000 0.00395630
10 1 7
481.50000000 -0.00040522
113.90000000 -0.00335896
36.23000000 -0.01528600
13.34000000 -0.04892180
5.25200000 -0.08550080
2.12000000 -0.11213700
0.25280000 0.55191900
11 1 1
0.85610000 1.00000000
12 1 1
0.07889000 1.00000000
13 1 1
6.45800000 1.00000000
14 1 1
2.51700000 1.00000000
15 1 1
0.02370000 1.00000000
16 2 1
0.15900000 1.00000000
17 2 1
0.48100000 1.00000000
18 2 1
10.67100000 1.00000000
19 2 1
3.30800000 1.00000000
20 2 1
0.05560000 1.00000000
21 3 1
0.33600000 1.00000000
22 3 1
7.00100000 1.00000000
23 3 1
0.12500000 1.00000000

O-PHOSPHOROUS P (AUG-CC-PCVTZ) BASIS TYPE: 1
# 
23
1 0 13
312400.00000000 0.00005770
46800.00000000 0.00044830
10650.00000000 0.00234939
3018.00000000 0.00978265
986.80000000 0.03414670
357.40000000 0.10020400
139.60000000 0.23437200
57.63000000 0.38243400
24.60000000 0.31808800
10.12000000 0.07077880
4.28300000 -0.00181799
1.80500000 0.00216180
0.27820000 0.00043230
2 0 13
312400.00000000 -0.00001567
46800.00000000 -0.00012172
10650.00000000 -0.00063967
3018.00000000 -0.00267426
986.80000000 -0.00949831
357.40000000 -0.02893490
139.60000000 -0.07451210
57.63000000 -0.14993800
24.60000000 -0.18946700
10.12000000 0.03632700
4.28300000 0.52881600
1.80500000 0.51911500
0.27820000 -0.00925695
3 0 13
312400.00000000 0.00000431
46800.00000000 0.00003342
10650.00000000 0.00017589
3018.00000000 0.00073434
986.80000000 0.00261775
357.40000000 0.00797852
139.60000000 0.02079400
57.63000000 0.04244460
24.60000000 0.05634360
10.12000000 -0.01273580
4.28300000 -0.19649500
1.80500000 -0.35355500
0.27820000 0.70091200
4 0 1
0.61580000 1.00000000
5 0 1
0.10550000 1.00000000
6 0 1
10.97800000 1.00000000
7 0 1
2.00600000 1.00000000
8 0 1
0.04090000 1.00000000
9 1 7
504.90000000 0.00233728
119.40000000 0.01854100
37.96000000 0.08496930
13.95000000 0.24461500
5.45700000 0.42276600
2.17700000 0.36843900
0.28770000 -0.00379005
10 1 7
504.90000000 -0.00055524
119.40000000 -0.00445913
37.96000000 -0.02063500
13.95000000 -0.06176940
5.45700000 -0.10892400
2.17700000 -0.10559900
0.28770000 0.57698100
11 1 1
0.80100000 1.00000000
12 1 1
0.09714000 1.00000000
13 1 1
7.08400000 1.00000000
14 1 1
2.70100000 1.00000000
15 1 1
0.03070000 1.00000000
16 2 1
0.21600000 1.00000000
17 2 1
0.65200000 1.00000000
18 2 1
12.89100000 1.00000000
19 2 1
4.05600000 1.00000000
20 2 1
0.07750000 1.00000000
21 3 1
0.45200000 1.00000000
22 3 1
8.46200000 1.00000000
23 3 1
0.16500000 1.00000000

O-SULFUR S (AUG-CC-PCVTZ) BASIS TYPE: 1
# 
23
1 0 13
374100.00000000 0.00005421
56050.00000000 0.00042085
12760.00000000 0.00220698
3615.00000000 0.00919258
1183.00000000 0.03211230
428.80000000 0.09466830
167.80000000 0.22363000
69.47000000 0.37439300
29.84000000 0.32910800
12.72000000 0.08470380
5.24400000 0.00044085
2.21900000 0.00164827
0.34900000 0.00030131
2 0 13
374100.00000000 -0.00001498
56050.00000000 -0.00011620
12760.00000000 -0.00061158
3615.00000000 -0.00255370
1183.00000000 -0.00908708
428.80000000 -0.02770450
167.80000000 -0.07200200
69.47000000 -0.14643900
29.84000000 -0.19515000
12.72000000 0.00819193
5.24400000 0.51660100
2.21900000 0.54217800
0.34900000 -0.00918072
3 0 13
374100.00000000 0.00000435
56050.00000000 0.00003371
12760.00000000 0.00017767
3615.00000000 0.00074112
1183.00000000 0.00264591
428.80000000 0.00807487
167.80000000 0.02122760
69.47000000 0.04383230
29.84000000 0.06127160
12.72000000 -0.00361510
5.24400000 -0.20451000
2.21900000 -0.38187100
0.34900000 0.71414700
4 0 1
0.77670000 1.00000000
5 0 1
0.13220000 1.00000000
6 0 1
12.92800000 1.00000000
7 0 1
2.41300000 1.00000000
8 0 1
0.04970000 1.00000000
9 1 7
574.40000000 0.00242264
135.80000000 0.01927960
43.19000000 0.08854010
15.87000000 0.25465400
6.20800000 0.43398400
2.48300000 0.35495300
0.32290000 -0.00502977
10 1 7
574.40000000 -0.00062010
135.80000000 -0.00493882
43.19000000 -0.02326470
15.87000000 -0.06851950
6.20800000 -0.12389600
2.48300000 -0.09694990
0.32290000 0.56939400
11 1 1
0.86880000 1.00000000
12 1 1
0.10980000 1.00000000
13 1 1
8.11400000 1.00000000
14 1 1
3.10600000 1.00000000
15 1 1
0.03510000 1.00000000
16 2 1
0.26900000 1.00000000
17 2 1
0.81900000 1.00000000
18 2 1
15.25400000 1.00000000
19 2 1
4.84500000 1.00000000
20 2 1
0.10100000 1.00000000
21 3 1
0.55700000 1.00000000
22 3 1
10.05200000 1.00000000
23 3 1
0.21800000 1.00000000

O-CHLORINE CL (AUG-CC-PCVTZ) BASIS TYPE: 1
# 
23
1 0 13
456100.00000000 0.00004930
68330.00000000 0.00038303
15550.00000000 0.00200854
4405.00000000 0.00838558
1439.00000000 0.02947030
520.40000000 0.08783250
203.10000000 0.21147300
83.96000000 0.36536400
36.20000000 0.34088400
15.83000000 0.10213300
6.33400000 0.00311675
2.69400000 0.00105751
0.43130000 0.00015614
2 0 13
456100.00000000 -0.00001383
68330.00000000 -0.00010728
15550.00000000 -0.00056508
4405.00000000 -0.00236135
1439.00000000 -0.00845886
520.40000000 -0.02596380
203.10000000 -0.06863620
83.96000000 -0.14187400
36.20000000 -0.19931900
15.83000000 -0.01956620
6.33400000 0.49974100
2.69400000 0.56373600
0.43130000 -0.00835091
3 0 13
456100.00000000 0.00000419
68330.00000000 0.00003244
15550.00000000 0.00017111
4405.00000000 0.00071418
1439.00000000 0.00256705
520.40000000 0.00788552
203.10000000 0.02108670
83.96000000 0.04422640
36.20000000 0.06516700
15.83000000 0.00603012
6.33400000 -0.20649500
2.69400000 -0.40587100
0.43130000 0.72566100
4 0 1
0.97680000 1.00000000
5 0 1
0.16250000 1.00000000
6 0 1
15.06400000 1.00000000
7 0 1
2.87400000 1.00000000
8 0 1
0.05910000 1.00000000
9 1 7
663.30000000 0.00240448
156.80000000 0.01921480
49.98000000 0.08850970
18.42000000 0.25602000
7.24000000 0.43692700
2.92200000 0.35033400
0.38180000 -0.00458423
10 1 7
663.30000000 -0.00065215
156.80000000 -0.00519445
49.98000000 -0.02469380
18.42000000 -0.07281670
7.24000000 -0.13403000
2.92200000 -0.09477420
0.38180000 0.56466700
11 1 1
1.02200000 1.00000000
12 1 1
0.13010000 1.00000000
13 1 1
9.48000000 1.00000000
14 1 1
3.66800000 1.00000000
15 1 1
0.04190000 1.00000000
16 2 1
1.04600000 1.00000000
17 2 1
0.34400000 1.00000000
18 2 1
17.95700000 1.00000000
19 2 1
5.76000000 1.00000000
20 2 1
0.13500000 1.00000000
21 3 1
0.70600000 1.00000000
22 3 1
11.77900000 1.00000000
23 3 1
0.31200000 1.00000000

O-ARGON AR (AUG-CC-PCVTZ) BASIS TYPE: 1
# 
23
1 0 13
545000.00000000 0.00004558
81640.00000000 0.00035411
18580.00000000 0.00185797
5261.00000000 0.00776851
1717.00000000 0.02742320
619.90000000 0.08238360
241.60000000 0.20123000
99.79000000 0.35678100
43.15000000 0.34956300
19.14000000 0.11826600
7.48800000 0.00560190
3.20500000 0.00048347
0.52040000 0.00002920
2 0 13
545000.00000000 -0.00001296
81640.00000000 -0.00010043
18580.00000000 -0.00052958
5261.00000000 -0.00221396
1717.00000000 -0.00796845
619.90000000 -0.02458030
241.60000000 -0.06577980
99.79000000 -0.13794200
43.15000000 -0.20163000
19.14000000 -0.04128340
7.48800000 0.48468000
3.20500000 0.57922400
0.52040000 -0.00727553
3 0 13
545000.00000000 0.00000405
81640.00000000 0.00003137
18580.00000000 0.00016565
5261.00000000 0.00069166
1717.00000000 0.00249790
619.90000000 0.00771074
241.60000000 0.02087140
99.79000000 0.04439650
43.15000000 0.06802240
19.14000000 0.01413500
7.48800000 -0.20748900
3.20500000 -0.42504500
0.52040000 0.73362700
4 0 1
1.19600000 1.00000000
5 0 1
0.19540000 1.00000000
6 0 1
17.36200000 1.00000000
7 0 1
3.37800000 1.00000000
8 0 1
0.06850000 1.00000000
9 1 7
761.80000000 0.00236976
180.20000000 0.01901990
57.50000000 0.08808070
21.24000000 0.25637700
8.38800000 0.43871100
3.41600000 0.34756900
0.45230000 -0.00523882
10 1 7
761.80000000 -0.00066721
180.20000000 -0.00532717
57.50000000 -0.02554940
21.24000000 -0.07571970
8.38800000 -0.14113300
3.41600000 -0.09327680
0.45230000 0.56245000
11 1 1
1.20600000 1.00000000
12 1 1
0.15450000 1.00000000
13 1 1
11.01900000 1.00000000
14 1 1
4.30700000 1.00000000
15 1 1
0.04870000 1.00000000
16 2 1
0.41000000 1.00000000
17 2 1
1.25400000 1.00000000
18 2 1
20.70600000 1.00000000
19 2 1
6.68100000 1.00000000
20 2 1
0.16900000 1.00000000
21 3 1
0.89000000 1.00000000
22 3 1
13.67400000 1.00000000
23 3 1
0.40600000 1.00000000

