  aug-cc-pV5Z  EMSL  Basis Set Exchange Library   7/13/12 8:52 PM 
 Elements                             References 
 H      : T.H. Dunning, Jr. J. Chem. Phys. 90, 1007 (1989). 
 He     : D.E. Woon and T.H. Dunning, Jr. J. Chem. Phys. 100, 2975 (1994). 
 Li     : Unofficial set from D. Feller. 
 B  - Ne: T.H. Dunning, Jr. J. Chem. Phys. 90, 1007 (1989). 
 Na - Mg: Unofficial set from D. Feller. 
 Al - Ar: D.E. Woon and T.H. Dunning, Jr.  J. Chem. Phys. 98, 1358 (1993). 
 Ca     : J. Koput and K.A. Peterson, J. Phys. Chem. A, 106, 9595 (2002). 
 Sc - Zn: N.B. Balabanov and K.A. Peterson, J. Chem. Phys., 123, 064107 (2005) 
 Ga - Kr: A.K. Wilson, D.E. Woon,K.A. Peterson, T.H.Dunning, Jr., J. Chem. Phys. 110, 7667 (1999) 
  
 Elements                             References 
 H    :  T.H. Dunning, Jr. J. Chem. Phys. 90, 1007 (1989). 
 Diffuse s exponent - S. Mielke 
 He   :  D.E. Woon and T.H. Dunning, Jr., J. Chem. Phys. 100, 2975 (1994). 
 B - F:  R.A. Kendall, T.H. Dunning, Jr. and R.J. Harrison, J. Chem. Phys. 96, 
 6796 (1992). 
 Al - Cl: D.E. Woon and T.H. Dunning, Jr. J. Chem. Phys. 98, 1358 (1993). 
 Sc - Zn: N.B. Balabanov and K.A. Peterson, J. Chem. Phys, 123, 064107 (2005) 
  
O-HYDROGEN H (AUG-CC-PV5Z) BASIS TYPE: 1
# 
20
1 0 4
402.00000000 0.00027900
60.24000000 0.00216500
13.73000000 0.01120100
3.90500000 0.04487800
2 0 1
1.28300000 1.00000000
3 0 1
0.46550000 1.00000000
4 0 1
0.18110000 1.00000000
5 0 1
0.07279000 1.00000000
6 0 1
0.02070000 1.00000000
7 1 1
4.51600000 1.00000000
8 1 1
1.71200000 1.00000000
9 1 1
0.64900000 1.00000000
10 1 1
0.24600000 1.00000000
11 1 1
0.07440000 1.00000000
12 2 1
2.95000000 1.00000000
13 2 1
1.20600000 1.00000000
14 2 1
0.49300000 1.00000000
15 2 1
0.15600000 1.00000000
16 3 1
2.50600000 1.00000000
17 3 1
0.87500000 1.00000000
18 3 1
0.27400000 1.00000000
19 4 1
2.35800000 1.00000000
20 4 1
0.54300000 1.00000000

O-EALONE EA- (AUG-CC-PV5Z) BASIS TYPE: 1
# 
20
1 0 4
402.00000000 0.00027900
60.24000000 0.00216500
13.73000000 0.01120100
3.90500000 0.04487800
2 0 1
1.28300000 1.00000000
3 0 1
0.46550000 1.00000000
4 0 1
0.18110000 1.00000000
5 0 1
0.07279000 1.00000000
6 0 1
0.02070000 1.00000000
7 1 1
4.51600000 1.00000000
8 1 1
1.71200000 1.00000000
9 1 1
0.64900000 1.00000000
10 1 1
0.24600000 1.00000000
11 1 1
0.07440000 1.00000000
12 2 1
2.95000000 1.00000000
13 2 1
1.20600000 1.00000000
14 2 1
0.49300000 1.00000000
15 2 1
0.15600000 1.00000000
16 3 1
2.50600000 1.00000000
17 3 1
0.87500000 1.00000000
18 3 1
0.27400000 1.00000000
19 4 1
2.35800000 1.00000000
20 4 1
0.54300000 1.00000000



O-HELIUM HE (AUG-CC-PV5Z) BASIS TYPE: 1
# 
20
1 0 4
1145.00000000 0.00035900
171.70000000 0.00277100
39.07000000 0.01425100
11.04000000 0.05556600
2 0 1
3.56600000 1.00000000
3 0 1
1.24000000 1.00000000
4 0 1
0.44730000 1.00000000
5 0 1
0.16400000 1.00000000
6 0 1
0.04664000 1.00000000
7 1 1
10.15300000 1.00000000
8 1 1
3.62700000 1.00000000
9 1 1
1.29600000 1.00000000
10 1 1
0.46300000 1.00000000
11 1 1
0.14000000 1.00000000
12 2 1
7.66600000 1.00000000
13 2 1
2.64700000 1.00000000
14 2 1
0.91400000 1.00000000
15 2 1
0.28920000 1.00000000
16 3 1
5.41100000 1.00000000
17 3 1
1.70700000 1.00000000
18 3 1
0.53450000 1.00000000
19 4 1
3.43000000 1.00000000
20 4 1
0.78990000 1.00000000

O-LITHIUM LI (aug-cc-pV5Z)
# (33s,13p,5d,4f,3g,2h) -> [7s,6p,5d,4f,3g,2h]
    27
    1    0    14
      2.949300E+04           1.800000E-05
      4.417101E+03           1.410000E-04
      1.005223E+03           7.390000E-04
      2.847009E+02           3.107000E-03
      9.286543E+01           1.113500E-02
      3.351179E+01           3.467000E-02
      1.304180E+01           9.217100E-02
      5.357536E+00           1.995760E-01
      2.279338E+00           3.288360E-01
      9.939900E-01           3.459750E-01
      4.334710E-01           1.427610E-01
      9.556600E-02           5.319000E-03
      4.465700E-02          -2.101000E-03
      2.063300E-02           8.150000E-04
    2    0    14
      2.949300E+04          -3.000000E-06
      4.417101E+03          -2.200000E-05
      1.005223E+03          -1.150000E-04
      2.847009E+02          -4.870000E-04
      9.286543E+01          -1.746000E-03
      3.351179E+01          -5.520000E-03
      1.304180E+01          -1.492800E-02
      5.357536E+00          -3.420600E-02
      2.279338E+00          -6.215500E-02
      9.939900E-01          -9.590200E-02
      4.334710E-01          -1.039720E-01
      9.556600E-02           3.071510E-01
      4.465700E-02           5.790280E-01
      2.063300E-02           2.232310E-01
    3    0    1
      4.334710E-01           1.000000E+00
    4    0    1
      9.556600E-02           1.000000E+00
    5    0    1
      4.465700E-02           1.000000E+00
    6    0    1
      2.063300E-02           1.000000E+00
    7    0    1
      6.100000E-03           1.0000000
    2    1    8
      1.966350E+01           5.400000E-04
      4.623110E+00           3.865000E-03
      1.413780E+00           1.517100E-02
      4.737210E-01           4.920400E-02
      1.761510E-01           1.546610E-01
      7.267500E-02           3.600950E-01
      3.214100E-02           4.418520E-01
      1.455600E-02           1.560000E-01
    3    1    1
      1.761510E-01           1.000000E+00
    4    1    1
      7.267500E-02           1.000000E+00
    5    1    1
      3.214100E-02           1.000000E+00
    6    1    1
      1.455600E-02           1.000000E+00
    7    1    1
      6.500000E-03           1.0000000
    3    2    1
      5.310000E-01           1.000000E+00
    4    2    1
      2.481000E-01           1.000000E+00
    5    2    1
      1.159000E-01           1.000000E+00
    6    2    1
      5.420000E-02           1.000000E+00
    7    2    1
      2.350000E-02           1.0000000
    4    3    1
      2.920000E-01           1.000000E+00
    5    3    1
      1.641000E-01           1.000000E+00
    6    3    1
      9.220000E-02           1.000000E+00
    7    3    1
      4.480000E-02           1.0000000
    5    4    1
      2.971000E-01           1.000000E+00
    6    4    1
      1.500000E-01           1.000000E+00
    7    4    1
      7.240000E-02           1.0000000
    6    5    1
      2.949000E-01           1.0000000
    7    5    1
      1.274000E-01           1.0000000

O-BORON B (AUG-CC-PV5Z) BASIS TYPE: 1
# 
27
1 0 10
68260.00000000 0.00002400
10230.00000000 0.00018500
2328.00000000 0.00097000
660.40000000 0.00405600
216.20000000 0.01439900
78.60000000 0.04390100
30.98000000 0.11305700
12.96000000 0.23382500
5.65900000 0.35396000
2.55600000 0.30154700
2 0 10
68260.00000000 -0.00000500
10230.00000000 -0.00003700
2328.00000000 -0.00019600
660.40000000 -0.00082400
216.20000000 -0.00292300
78.60000000 -0.00913800
30.98000000 -0.02410500
12.96000000 -0.05475500
5.65900000 -0.09694300
2.55600000 -0.13748500
3 0 1
1.17500000 1.00000000
4 0 1
0.42490000 1.00000000
5 0 1
0.17120000 1.00000000
6 0 1
0.06913000 1.00000000
7 0 1
0.02610000 1.00000000
8 1 4
66.44000000 0.00083800
15.71000000 0.00640900
4.93600000 0.02808100
1.77000000 0.09215200
9 1 1
0.70080000 1.00000000
10 1 1
0.29010000 1.00000000
11 1 1
0.12110000 1.00000000
12 1 1
0.04973000 1.00000000
13 1 1
0.01570000 1.00000000
14 2 1
2.01000000 1.00000000
15 2 1
0.79600000 1.00000000
16 2 1
0.31600000 1.00000000
17 2 1
0.12500000 1.00000000
18 2 1
0.04310000 1.00000000
19 3 1
1.21500000 1.00000000
20 3 1
0.52500000 1.00000000
21 3 1
0.22700000 1.00000000
22 3 1
0.08430000 1.00000000
23 4 1
1.12400000 1.00000000
24 4 1
0.46100000 1.00000000
25 4 1
0.20200000 1.00000000
