  aug-cc-pVDZ  EMSL  Basis Set Exchange Library   7/13/12 9:02 PM 
 Elements                             References 
 H     : T.H. Dunning, Jr. J. Chem. Phys. 90, 1007 (1989). 
 He    : D.E. Woon and T.H. Dunning, Jr. J. Chem. Phys. 100, 2975 (1994). 
 Li - Ne: T.H. Dunning, Jr. J. Chem. Phys. 90, 1007 (1989). 
 Na - Mg: D.E. Woon and T.H. Dunning, Jr.  (to be published) 
 Al - Ar: D.E. Woon and T.H. Dunning, Jr.  J. Chem. Phys. 98, 1358 (1993). 
 Sc - Zn: N.B. Balabanov and K.A. Peterson, J. Chem. Phys. 123, 064107 (2005), 
 N.B. Balabanov and K.A. Peterson, J. Chem. Phys. 125, 074110 (2006) 
 Ca     : J. Koput and K.A. Peterson, J. Phys. Chem. A, 106, 9595 (2002). 
  
 Elements                             References 
 H    :  T.H. Dunning, Jr. J. Chem. Phys. 90, 1007 (1989). 
 He   :  D.E. Woon and T.H. Dunning, Jr., J. Chem. Phys. 100, 2975 (1994). 
 B - F:  R.A. Kendall, T.H. Dunning, Jr. and R.J. Harrison, J. Chem. Phys. 96, 
 6796 (1992). 
 Al - Cl: D.E. Woon and T.H. Dunning, Jr. J. Chem. Phys. 98, 1358 (1993). 
 Sc - Zn: N.B. Balabanov and K.A. Peterson, J. Chem. Phys. 123, 064107 (2005), 
 N.B. Balabanov and K.A. Peterson, J. Chem. Phys. 125, 074110 (2006). 
  
O-HYDROGEN H (AUG-CC-PVDZ) BASIS TYPE: 1
# 
5
1 0 3
13.01000000 0.01968500
1.96200000 0.13797700
0.44460000 0.47814800
2 0 1
0.12200000 1.00000000
3 0 1
0.02974000 1.00000000
4 1 1
0.72700000 1.00000000
5 1 1
0.14100000 1.00000000

O-HELIUM HE (AUG-CC-PVDZ) BASIS TYPE: 1
# 
5
1 0 3
38.36000000 0.02380900
5.77000000 0.15489100
1.24000000 0.46998700
2 0 1
0.29760000 1.00000000
3 0 1
0.07255000 1.00000000
4 1 1
1.27500000 1.00000000
5 1 1
0.24730000 1.00000000

O-LITHIUM LI (AUG-CC-PVDZ) BASIS TYPE: 1
# 
9
1 0 8
1469.00000000 0.00076600
220.50000000 0.00589200
50.26000000 0.02967100
14.24000000 0.10918000
4.58100000 0.28278900
1.58000000 0.45312300
0.56400000 0.27477400
0.07345000 0.00975100
2 0 8
1469.00000000 -0.00012000
220.50000000 -0.00092300
50.26000000 -0.00468900
14.24000000 -0.01768200
4.58100000 -0.04890200
1.58000000 -0.09600900
0.56400000 -0.13638000
0.07345000 0.57510200
3 0 1
0.02805000 1.00000000
4 0 1
0.00864000 1.00000000
5 1 3
1.53400000 0.02278400
0.27490000 0.13910700
0.07362000 0.50037500
6 1 1
0.02403000 1.00000000
7 1 1
0.00579000 1.00000000
8 2 1
0.12390000 1.00000000
9 2 1
0.07250000 1.00000000

O-BERYLLIUM BE (AUG-CC-PVDZ) BASIS TYPE: 1
# 
9
1 0 8
2940.00000000 0.00068000
441.20000000 0.00523600
100.50000000 0.02660600
28.43000000 0.09999300
9.16900000 0.26970200
3.19600000 0.45146900
1.15900000 0.29507400
0.18110000 0.01258700
2 0 8
2940.00000000 -0.00012300
441.20000000 -0.00096600
100.50000000 -0.00483100
28.43000000 -0.01931400
9.16900000 -0.05328000
3.19600000 -0.12072300
1.15900000 -0.13343500
0.18110000 0.53076700
3 0 1
0.05890000 1.00000000
4 0 1
0.01877000 1.00000000
5 1 3
3.61900000 0.02911100
0.71100000 0.16936500
0.19510000 0.51345800
6 1 1
0.06018000 1.00000000
7 1 1
0.00850000 1.00000000
8 2 1
0.23800000 1.00000000
9 2 1
0.07400000 1.00000000

O-BORON B (AUG-CC-PVDZ) BASIS TYPE: 1
# 
9
1 0 8
4570.00000000 0.00069600
685.90000000 0.00535300
156.50000000 0.02713400
44.47000000 0.10138000
14.48000000 0.27205500
5.13100000 0.44840300
1.89800000 0.29012300
0.33290000 0.01432200
2 0 8
4570.00000000 -0.00013900
685.90000000 -0.00109700
156.50000000 -0.00544400
44.47000000 -0.02191600
14.48000000 -0.05975100
5.13100000 -0.13873200
1.89800000 -0.13148200
0.33290000 0.53952600
3 0 1
0.10430000 1.00000000
4 0 1
0.03105000 1.00000000
5 1 3
6.00100000 0.03548100
1.24100000 0.19807200
0.33640000 0.50523000
6 1 1
0.09538000 1.00000000
7 1 1
0.02378000 1.00000000
8 2 1
0.34300000 1.00000000
9 2 1
0.09040000 1.00000000

O-CARBON C (AUG-CC-PVDZ) BASIS TYPE: 1
# 
9
1 0 8
6665.00000000 0.00069200
1000.00000000 0.00532900
228.00000000 0.02707700
64.71000000 0.10171800
21.06000000 0.27474000
7.49500000 0.44856400
2.79700000 0.28507400
0.52150000 0.01520400
2 0 8
6665.00000000 -0.00014600
1000.00000000 -0.00115400
228.00000000 -0.00572500
64.71000000 -0.02331200
21.06000000 -0.06395500
7.49500000 -0.14998100
2.79700000 -0.12726200
0.52150000 0.54452900
3 0 1
0.15960000 1.00000000
4 0 1
0.04690000 1.00000000
5 1 3
9.43900000 0.03810900
2.00200000 0.20948000
0.54560000 0.50855700
6 1 1
0.15170000 1.00000000
7 1 1
0.04041000 1.00000000
8 2 1
0.55000000 1.00000000
9 2 1
0.15100000 1.00000000

O-NITROGEN N (AUG-CC-PVDZ) BASIS TYPE: 1
# 
9
1 0 8
9046.00000000 0.00070000
1357.00000000 0.00538900
309.30000000 0.02740600
87.73000000 0.10320700
28.56000000 0.27872300
10.21000000 0.44854000
3.83800000 0.27823800
0.74660000 0.01544000
2 0 8
9046.00000000 -0.00015300
1357.00000000 -0.00120800
309.30000000 -0.00599200
87.73000000 -0.02454400
28.56000000 -0.06745900
10.21000000 -0.15807800
3.83800000 -0.12183100
0.74660000 0.54900300
3 0 1
0.22480000 1.00000000
4 0 1
0.06124000 1.00000000
5 1 3
13.55000000 0.03991900
2.91700000 0.21716900
0.79730000 0.51031900
6 1 1
0.21850000 1.00000000
7 1 1
0.05611000 1.00000000
8 2 1
0.81700000 1.00000000
9 2 1
0.23000000 1.00000000

O-OXYGEN O (AUG-CC-PVDZ) BASIS TYPE: 1
# 
9
1 0 8
11720.00000000 0.00071000
1759.00000000 0.00547000
400.80000000 0.02783700
113.70000000 0.10480000
37.03000000 0.28306200
13.27000000 0.44871900
5.02500000 0.27095200
1.01300000 0.01545800
2 0 8
11720.00000000 -0.00016000
1759.00000000 -0.00126300
400.80000000 -0.00626700
113.70000000 -0.02571600
37.03000000 -0.07092400
13.27000000 -0.16541100
5.02500000 -0.11695500
1.01300000 0.55736800
3 0 1
0.30230000 1.00000000
4 0 1
0.07896000 1.00000000
5 1 3
17.70000000 0.04301800
3.85400000 0.22891300
1.04600000 0.50872800
6 1 1
0.27530000 1.00000000
7 1 1
0.06856000 1.00000000
8 2 1
1.18500000 1.00000000
9 2 1
0.33200000 1.00000000

O-FLUORINE F (AUG-CC-PVDZ) BASIS TYPE: 1
# 
9
1 0 8
14710.00000000 0.00072100
2207.00000000 0.00555300
502.80000000 0.02826700
142.60000000 0.10644400
46.47000000 0.28681400
16.70000000 0.44864100
6.35600000 0.26476100
1.31600000 0.01533300
2 0 8
14710.00000000 -0.00016500
2207.00000000 -0.00130800
502.80000000 -0.00649500
142.60000000 -0.02669100
46.47000000 -0.07369000
16.70000000 -0.17077600
6.35600000 -0.11232700
1.31600000 0.56281400
3 0 1
0.38970000 1.00000000
4 0 1
0.09863000 1.00000000
5 1 3
22.67000000 0.04487800
4.97700000 0.23571800
1.34700000 0.50852100
6 1 1
0.34710000 1.00000000
7 1 1
0.08502000 1.00000000
8 2 1
1.64000000 1.00000000
9 2 1
0.46400000 1.00000000

O-NEON NE (AUG-CC-PVDZ) BASIS TYPE: 1
# 
9
1 0 8
17880.00000000 0.00073800
2683.00000000 0.00567700
611.50000000 0.02888300
173.50000000 0.10854000
56.64000000 0.29090700
20.42000000 0.44832400
7.81000000 0.25802600
1.65300000 0.01506300
2 0 8
17880.00000000 -0.00017200
2683.00000000 -0.00135700
611.50000000 -0.00673700
173.50000000 -0.02766300
56.64000000 -0.07620800
20.42000000 -0.17522700
7.81000000 -0.10703800
1.65300000 0.56705000
3 0 1
0.48690000 1.00000000
4 0 1
0.12300000 1.00000000
5 1 3
28.39000000 0.04608700
6.27000000 0.24018100
1.69500000 0.50874400
6 1 1
0.43170000 1.00000000
7 1 1
0.10640000 1.00000000
8 2 1
2.20200000 1.00000000
9 2 1
0.63100000 1.00000000

O-SODIUM NA (AUG-CC-PVDZ) BASIS TYPE: 1
# 
11
1 0 11
31700.00000000 0.00045888
4755.00000000 0.00355070
1082.00000000 0.01826180
306.40000000 0.07166500
99.53000000 0.21234600
35.42000000 0.41620300
13.30000000 0.37302000
4.39200000 0.06250540
1.67600000 -0.00624532
0.58890000 0.00243374
0.05640000 -0.00044238
2 0 11
31700.00000000 -0.00011216
4755.00000000 -0.00086851
1082.00000000 -0.00451330
306.40000000 -0.01814360
99.53000000 -0.05807990
35.42000000 -0.13765300
13.30000000 -0.19390800
4.39200000 0.08580090
1.67600000 0.60441900
0.58890000 0.44171900
0.05640000 0.01305470
3 0 11
31700.00000000 0.00001702
4755.00000000 0.00013069
1082.00000000 0.00068778
306.40000000 0.00272359
99.53000000 0.00895529
35.42000000 0.02078320
13.30000000 0.03193800
4.39200000 -0.01913680
1.67600000 -0.10259500
0.58890000 -0.19894500
0.05640000 0.65595200
4 0 1
0.02307000 1.00000000
5 0 1
0.00725000 1.00000000
6 1 7
138.10000000 0.00579641
32.24000000 0.04157560
9.98500000 0.16287300
3.48400000 0.35940100
1.23100000 0.44998800
0.41770000 0.22750700
0.06513000 0.00808247
7 1 7
138.10000000 -0.00058153
32.24000000 -0.00407306
9.98500000 -0.01679370
3.48400000 -0.03532680
1.23100000 -0.05219710
0.41770000 -0.01683590
0.06513000 0.43461300
8 1 1
0.02053000 1.00000000
9 1 1
0.00633000 1.00000000
10 2 1
0.09730000 1.00000000
11 2 1
0.04680000 1.00000000

O-MAGNESIUM MG (AUG-CC-PVDZ) BASIS TYPE: 1
# 
11
1 0 11
47390.00000000 0.00034602
7108.00000000 0.00268077
1618.00000000 0.01383670
458.40000000 0.05517670
149.30000000 0.16966000
53.59000000 0.36470300
20.70000000 0.40685600
8.38400000 0.13508900
2.54200000 0.00490884
0.87870000 0.00028646
0.10770000 0.00002646
2 0 11
47390.00000000 -0.00008778
7108.00000000 -0.00067473
1618.00000000 -0.00355603
458.40000000 -0.01421540
149.30000000 -0.04767480
53.59000000 -0.11489200
20.70000000 -0.20067600
8.38400000 -0.03412240
2.54200000 0.57045400
0.87870000 0.54230900
0.10770000 0.02181280
3 0 11
47390.00000000 0.00001696
7108.00000000 0.00012987
1618.00000000 0.00068883
458.40000000 0.00273533
149.30000000 0.00931224
53.59000000 0.02232650
20.70000000 0.04111950
8.38400000 0.00545642
2.54200000 -0.13401200
0.87870000 -0.25617600
0.10770000 0.60585600
4 0 1
0.03999000 1.00000000
5 0 1
0.01488000 1.00000000
6 1 7
179.90000000 0.00538161
42.14000000 0.03924180
13.13000000 0.15744500
4.62800000 0.35853500
1.67000000 0.45722600
0.58570000 0.21591800
0.13110000 0.00664948
7 1 7
179.90000000 -0.00086595
42.14000000 -0.00615978
13.13000000 -0.02615190
4.62800000 -0.05706470
1.67000000 -0.08739060
0.58570000 -0.01229900
0.13110000 0.50208500
8 1 1
0.04112000 1.00000000
9 1 1
0.00935000 1.00000000
10 2 1
0.18700000 1.00000000
11 2 1
0.05950000 1.00000000

O-ALUMINUM AL (AUG-CC-PVDZ) BASIS TYPE: 1
# 
11
1 0 11
64150.00000000 0.00029025
9617.00000000 0.00225064
2189.00000000 0.01164590
620.50000000 0.04673770
202.70000000 0.14629900
73.15000000 0.33028300
28.55000000 0.41586100
11.77000000 0.18925300
3.30000000 0.01158890
1.17300000 -0.00128385
0.17520000 0.00042588
2 0 11
64150.00000000 -0.00007580
9617.00000000 -0.00058179
2189.00000000 -0.00308113
620.50000000 -0.01231120
202.70000000 -0.04197810
73.15000000 -0.10337100
28.55000000 -0.19630800
11.77000000 -0.08300020
3.30000000 0.54104000
1.17300000 0.57879600
0.17520000 0.02881470
3 0 11
64150.00000000 0.00001751
9617.00000000 0.00013421
2189.00000000 0.00071244
620.50000000 0.00284330
202.70000000 0.00976842
73.15000000 0.02418500
28.55000000 0.04749930
11.77000000 0.02036210
3.30000000 -0.15878800
1.17300000 -0.31169400
0.17520000 0.62014700
4 0 1
0.06473000 1.00000000
5 0 1
0.02310000 1.00000000
6 1 7
258.80000000 0.00406847
60.89000000 0.03068150
19.14000000 0.12914900
6.88100000 0.32083100
2.57400000 0.45381500
0.95720000 0.27506600
0.20990000 0.01908070
7 1 7
258.80000000 -0.00074805
60.89000000 -0.00545796
19.14000000 -0.02453710
6.88100000 -0.05821380
2.57400000 -0.09837560
0.95720000 -0.02600640
0.20990000 0.46402000
8 1 1
0.05986000 1.00000000
9 1 1
0.01530000 1.00000000
10 2 1
0.18900000 1.00000000
11 2 1
0.05350000 1.00000000

O-SILICON SI (AUG-CC-PVDZ) BASIS TYPE: 1
# 
11
1 0 11
78860.00000000 0.00027044
11820.00000000 0.00209717
2692.00000000 0.01085060
763.40000000 0.04367540
249.60000000 0.13765300
90.28000000 0.31664400
35.29000000 0.41858100
14.51000000 0.21021200
4.05300000 0.01449520
1.48200000 -0.00203590
0.25170000 0.00062419
2 0 11
78860.00000000 -0.00007232
11820.00000000 -0.00055512
2692.00000000 -0.00293805
763.40000000 -0.01176870
249.60000000 -0.04029070
90.28000000 -0.10060900
35.29000000 -0.19652800
14.51000000 -0.10238200
4.05300000 0.52719000
1.48200000 0.59325100
0.25170000 0.03326520
3 0 11
78860.00000000 0.00001851
11820.00000000 0.00014224
2692.00000000 0.00075219
763.40000000 0.00302279
249.60000000 0.01036770
90.28000000 0.02625630
35.29000000 0.05239890
14.51000000 0.02909590
4.05300000 -0.17800300
1.48200000 -0.34687400
0.25170000 0.62302000
4 0 1
0.09243000 1.00000000
5 0 1
0.03320000 1.00000000
6 1 7
315.90000000 0.00392656
74.42000000 0.02988110
23.48000000 0.12721200
8.48800000 0.32094300
3.21700000 0.45542900
1.22900000 0.26856300
0.29640000 0.01883360
7 1 7
315.90000000 -0.00085830
74.42000000 -0.00630328
23.48000000 -0.02882550
8.48800000 -0.06945600
3.21700000 -0.11949300
1.22900000 -0.01995810
0.29640000 0.51026800
8 1 1
0.08768000 1.00000000
9 1 1
0.02500000 1.00000000
10 2 1
0.27500000 1.00000000
11 2 1
0.08230000 1.00000000

O-PHOSPHOROUS P (AUG-CC-PVDZ) BASIS TYPE: 1
# 
11
1 0 11
94840.00000000 0.00025551
14220.00000000 0.00198193
3236.00000000 0.01027600
917.10000000 0.04148230
299.50000000 0.13198400
108.10000000 0.30866200
42.18000000 0.42064700
17.28000000 0.22287800
4.85800000 0.01640350
1.81800000 -0.00254255
0.33720000 0.00074805
2 0 11
94840.00000000 -0.00006969
14220.00000000 -0.00053527
3236.00000000 -0.00283709
917.10000000 -0.01139830
299.50000000 -0.03929290
108.10000000 -0.09963640
42.18000000 -0.19798300
17.28000000 -0.11486000
4.85800000 0.51859500
1.81800000 0.60184700
0.33720000 0.03686120
3 0 11
94840.00000000 0.00001912
14220.00000000 0.00014722
3236.00000000 0.00077791
917.10000000 0.00314546
299.50000000 0.01082000
108.10000000 0.02799570
42.18000000 0.05639780
17.28000000 0.03581900
4.85800000 -0.19338700
1.81800000 -0.37209700
0.33720000 0.62424600
4 0 1
0.12320000 1.00000000
5 0 1
0.04170000 1.00000000
6 1 7
370.50000000 0.00395005
87.33000000 0.03024920
27.59000000 0.12955400
10.00000000 0.32759400
3.82500000 0.45699200
1.49400000 0.25308600
0.39210000 0.01687980
7 1 7
370.50000000 -0.00095983
87.33000000 -0.00711177
27.59000000 -0.03271220
10.00000000 -0.07957840
3.82500000 -0.13501600
1.49400000 -0.00910585
0.39210000 0.53780200
8 1 1
0.11860000 1.00000000
9 1 1
0.03430000 1.00000000
10 2 1
0.37300000 1.00000000
11 2 1
0.11300000 1.00000000

O-SULFUR S (AUG-CC-PVDZ) BASIS TYPE: 1
# 
11
1 0 11
110800.00000000 0.00024764
16610.00000000 0.00192026
3781.00000000 0.00996192
1071.00000000 0.04029750
349.80000000 0.12860400
126.30000000 0.30348000
49.26000000 0.42143200
20.16000000 0.23078100
5.72000000 0.01789710
2.18200000 -0.00297516
0.43270000 0.00084952
2 0 11
110800.00000000 -0.00006870
16610.00000000 -0.00052768
3781.00000000 -0.00279671
1071.00000000 -0.01126510
349.80000000 -0.03888340
126.30000000 -0.09950250
49.26000000 -0.19974000
20.16000000 -0.12336000
5.72000000 0.51319400
2.18200000 0.60712000
0.43270000 0.03967530
3 0 11
110800.00000000 0.00001991
16610.00000000 0.00015348
3781.00000000 0.00080950
1071.00000000 0.00328974
349.80000000 0.01129670
126.30000000 0.02963850
49.26000000 0.05998510
20.16000000 0.04132480
5.72000000 -0.20747400
2.18200000 -0.39288900
0.43270000 0.63284000
4 0 1
0.15700000 1.00000000
5 0 1
0.05070000 1.00000000
6 1 7
399.70000000 0.00447541
94.19000000 0.03417080
29.75000000 0.14425000
10.77000000 0.35392800
4.11900000 0.45908500
1.62500000 0.20638300
0.47260000 0.01021410
7 1 7
399.70000000 -0.00116251
94.19000000 -0.00865664
29.75000000 -0.03908860
10.77000000 -0.09346250
4.11900000 -0.14799400
1.62500000 0.03019040
0.47260000 0.56157300
8 1 1
0.14070000 1.00000000
9 1 1
0.03990000 1.00000000
10 2 1
0.47900000 1.00000000
11 2 1
0.15200000 1.00000000

O-CHLORINE CL (AUG-CC-PVDZ) BASIS TYPE: 1
# 
11
1 0 11
127900.00000000 0.00024115
19170.00000000 0.00187095
4363.00000000 0.00970827
1236.00000000 0.03931530
403.60000000 0.12593200
145.70000000 0.29934100
56.81000000 0.42188600
23.23000000 0.23720100
6.64400000 0.01915310
2.57500000 -0.00334792
0.53710000 0.00092988
2 0 11
127900.00000000 -0.00006789
19170.00000000 -0.00052184
4363.00000000 -0.00276513
1236.00000000 -0.01115370
403.60000000 -0.03859190
145.70000000 -0.09948480
56.81000000 -0.20139200
23.23000000 -0.13031300
6.64400000 0.50944300
2.57500000 0.61072500
0.53710000 0.04215490
3 0 11
127900.00000000 0.00002050
19170.00000000 0.00015830
4363.00000000 0.00083364
1236.00000000 0.00339880
403.60000000 0.01167380
145.70000000 0.03096220
56.81000000 0.06295330
23.23000000 0.04602570
6.64400000 -0.21931200
2.57500000 -0.40877300
0.53710000 0.63846500
4 0 1
0.19380000 1.00000000
5 0 1
0.06080000 1.00000000
6 1 7
417.60000000 0.00525982
98.33000000 0.03983320
31.04000000 0.16465500
11.19000000 0.38732200
4.24900000 0.45707200
1.62400000 0.15163600
0.53220000 0.00181615
7 1 7
417.60000000 -0.00143570
98.33000000 -0.01077960
31.04000000 -0.04700750
11.19000000 -0.11103000
4.24900000 -0.15327500
1.62400000 0.08946090
0.53220000 0.57944400
8 1 1
0.16200000 1.00000000
9 1 1
0.04660000 1.00000000
10 2 1
0.60000000 1.00000000
11 2 1
0.19600000 1.00000000

O-ARGON AR (AUG-CC-PVDZ) BASIS TYPE: 1
# 
11
1 0 11
145700.00000000 0.00023670
21840.00000000 0.00183523
4972.00000000 0.00952860
1408.00000000 0.03862830
459.70000000 0.12408100
165.90000000 0.29647100
64.69000000 0.42206800
26.44000000 0.24171100
7.62800000 0.02005090
2.99600000 -0.00361000
0.65040000 0.00097561
2 0 11
145700.00000000 -0.00006749
21840.00000000 -0.00051852
4972.00000000 -0.00274825
1408.00000000 -0.01110070
459.70000000 -0.03848200
165.90000000 -0.09975990
64.69000000 -0.20308800
26.44000000 -0.13560800
7.62800000 0.50719500
2.99600000 0.61289800
0.65040000 0.04429680
3 0 11
145700.00000000 0.00002105
21840.00000000 0.00016257
4972.00000000 0.00085546
1408.00000000 0.00349745
459.70000000 0.01201560
165.90000000 0.03213680
64.69000000 0.06552790
26.44000000 0.04993700
7.62800000 -0.22976900
2.99600000 -0.42100600
0.65040000 0.64233100
4 0 1
0.23370000 1.00000000
5 0 1
0.07090000 1.00000000
6 1 7
453.70000000 0.00570555
106.80000000 0.04304600
33.73000000 0.17659100
12.13000000 0.40686300
4.59400000 0.45254900
1.67800000 0.12280100
0.59090000 -0.00445996
7 1 7
453.70000000 -0.00160655
106.80000000 -0.01217140
33.73000000 -0.05207890
12.13000000 -0.12373700
4.59400000 -0.15161900
1.67800000 0.14242500
0.59090000 0.58450100
8 1 1
0.18520000 1.00000000
9 1 1
0.05330000 1.00000000
10 2 1
0.73800000 1.00000000
11 2 1
0.24000000 1.00000000

O-SCANDIUM SC (AUG-CC-PVDZ) BASIS TYPE: 1
# 
19
1 0 19
2715278.00000000 0.00000815
406598.40000000 0.00006335
92530.04000000 0.00033304
26207.92000000 0.00140405
8549.42900000 0.00508172
3085.97500000 0.01626926
1203.17200000 0.04624577
498.48690000 0.11372230
216.73600000 0.22576360
97.87476000 0.31067000
45.20433000 0.21919060
20.21187000 0.07215879
9.57475100 0.11870300
4.54034600 0.12205320
1.99568700 0.02136795
0.94221500 -0.00053572
0.41784500 0.00024358
0.09576100 -0.00008797
0.05135100 0.00007878
2 0 19
2715278.00000000 -0.00000472
406598.40000000 -0.00003672
92530.04000000 -0.00019309
26207.92000000 -0.00081469
8549.42900000 -0.00295553
3085.97500000 -0.00952003
1203.17200000 -0.02746858
498.48690000 -0.06991528
216.73600000 -0.14992510
97.87476000 -0.24591530
45.20433000 -0.24012930
20.21187000 0.03567987
9.57475100 0.49150230
4.54034600 0.49113810
1.99568700 0.09120633
0.94221500 -0.00535672
0.41784500 0.00088128
0.09576100 -0.00076055
0.05135100 0.00063401
3 0 19
2715278.00000000 0.00000091
406598.40000000 0.00000711
92530.04000000 0.00003738
26207.92000000 0.00015788
8549.42900000 0.00057377
3085.97500000 0.00185924
1203.17200000 0.00543318
498.48690000 0.01425387
216.73600000 0.03246144
97.87476000 0.06003454
45.20433000 0.06916105
20.21187000 -0.02113084
9.57475100 -0.26668320
4.54034600 -0.43675910
1.99568700 0.06498243
0.94221500 0.70095990
0.41784500 0.45155620
0.09576100 0.03011910
0.05135100 -0.01329480
4 0 19
2715278.00000000 -0.00000022
406598.40000000 -0.00000171
92530.04000000 -0.00000901
26207.92000000 -0.00003800
8549.42900000 -0.00013832
3085.97500000 -0.00044737
1203.17200000 -0.00131069
498.48690000 -0.00342986
216.73600000 -0.00784758
97.87476000 -0.01447189
45.20433000 -0.01690669
20.21187000 0.00539611
9.57475100 0.06671062
4.54034600 0.11783560
1.99568700 -0.02738134
0.94221500 -0.22601490
0.41784500 -0.30735390
0.09576100 0.25440540
0.05135100 0.59815900
5 0 19
2715278.00000000 -0.00000038
406598.40000000 -0.00000298
92530.04000000 -0.00001523
26207.92000000 -0.00006685
8549.42900000 -0.00023131
3085.97500000 -0.00079597
1203.17200000 -0.00216196
498.48690000 -0.00620646
216.73600000 -0.01261905
97.87476000 -0.02739459
45.20433000 -0.02336516
20.21187000 -0.00573463
9.57475100 0.15360250
4.54034600 0.14471000
1.99568700 0.09359699
0.94221500 -0.86877300
0.41784500 0.02114597
0.09576100 2.27549800
0.05135100 -1.19077000
6 0 1
0.02387800 1.00000000
7 0 1
0.01110000 1.00000000
8 1 15
10592.19000000 0.00004500
2507.53300000 0.00040100
814.45710000 0.00230200
311.51950000 0.01003700
131.96170000 0.03495400
59.98718000 0.09790900
28.66250000 0.21068000
14.10851000 0.33009300
7.10370600 0.33102700
3.60920000 0.15796000
1.77607000 0.02209900
0.85476000 -0.00160500
0.40223900 -0.00132600
0.15466500 -0.00028000
0.06494500 0.00003400
9 1 15
10592.19000000 -0.00001500
2507.53300000 -0.00013100
814.45710000 -0.00075700
311.51950000 -0.00331800
131.96170000 -0.01170600
59.98718000 -0.03360400
28.66250000 -0.07487900
14.10851000 -0.12254800
7.10370600 -0.13027600
3.60920000 0.01459600
1.77607000 0.30918400
0.85476000 0.46299800
0.40223900 0.30495700
0.15466500 0.05087800
0.06494500 -0.00449300
10 1 15
10592.19000000 -0.00000400
2507.53300000 -0.00003200
814.45710000 -0.00018500
311.51950000 -0.00080800
131.96170000 -0.00287000
59.98718000 -0.00820700
28.66250000 -0.01847300
14.10851000 -0.03010100
7.10370600 -0.03294300
3.60920000 0.00795800
1.77607000 0.08799300
0.85476000 0.15237700
0.40223900 0.09717000
0.15466500 -0.25693800
0.06494500 -0.58781500
11 1 15
10592.19000000 0.00000400
2507.53300000 0.00003900
814.45710000 0.00022100
311.51950000 0.00098400
131.96170000 0.00342300
59.98718000 0.00999300
28.66250000 0.02191600
14.10851000 0.03700800
7.10370600 0.03779400
3.60920000 -0.00437900
1.77607000 -0.11016400
0.85476000 -0.16101700
0.40223900 -0.18248200
0.15466500 0.38861100
0.06494500 0.69110000
12 1 1
0.02635900 1.00000000
13 1 1
0.01066000 1.00000000
14 2 7
50.51380000 0.00426600
14.74050000 0.02770800
5.19500000 0.10000100
2.02846000 0.23158100
0.80408600 0.34603300
0.30768900 0.37337400
0.11139200 0.26428800
15 2 7
50.51380000 -0.00438900
14.74050000 -0.02836300
5.19500000 -0.10513700
2.02846000 -0.23485400
0.80408600 -0.32460900
0.30768900 -0.06428900
0.11139200 0.60174900
16 2 1
0.03735200 1.00000000
17 2 1
0.01244000 1.00000000
18 3 2
0.71260000 0.36174500
0.16360000 0.82186800
19 3 1
0.04063000 1.00000000

O-TITANIUM TI (AUG-CC-PVDZ) BASIS TYPE: 1
# 
19
1 0 19
3014643.00000000 0.00000806
451432.90000000 0.00006268
102733.80000000 0.00032950
29098.17000000 0.00138920
9492.33000000 0.00502847
3426.34600000 0.01610419
1335.89600000 0.04581232
553.50260000 0.11286130
240.69250000 0.22481930
108.72930000 0.31145710
50.26457000 0.22249950
22.58004000 0.07293128
10.71432000 0.11606830
5.09354600 0.11947740
2.24418300 0.02097868
1.05957000 -0.00050917
0.46884900 0.00022179
0.10614300 -0.00007637
0.05526200 0.00007720
2 0 19
3014643.00000000 -0.00000463
451432.90000000 -0.00003600
102733.80000000 -0.00018934
29098.17000000 -0.00079888
9492.33000000 -0.00289870
3426.34600000 -0.00933970
1335.89600000 -0.02697464
553.50260000 -0.06878913
240.69250000 -0.14810370
108.72930000 -0.24452530
50.26457000 -0.24199160
22.58004000 0.03183790
10.71432000 0.49326860
5.09354600 0.49396550
2.24418300 0.09196313
1.05957000 -0.00531699
0.46884900 0.00080856
0.10614300 -0.00069185
0.05526200 0.00060865
3 0 19
3014643.00000000 0.00000092
451432.90000000 0.00000718
102733.80000000 0.00003775
29098.17000000 0.00015945
9492.33000000 0.00057951
3426.34600000 0.00187841
1335.89600000 0.00549275
553.50260000 0.01443297
240.69250000 0.03296408
108.72930000 0.06125493
50.26457000 0.07134113
22.58004000 -0.01973150
10.71432000 -0.27418690
5.09354600 -0.44409770
2.24418300 0.07776084
1.05957000 0.70684440
0.46884900 0.44138920
0.10614300 0.02799769
0.05526200 -0.01210790
4 0 19
3014643.00000000 -0.00000022
451432.90000000 -0.00000169
102733.80000000 -0.00000892
29098.17000000 -0.00003764
9492.33000000 -0.00013696
3426.34600000 -0.00044329
1335.89600000 -0.00129887
553.50260000 -0.00340675
240.69250000 -0.00781083
108.72930000 -0.01449245
50.26457000 -0.01708136
22.58004000 0.00489767
10.71432000 0.06753108
5.09354600 0.11733180
2.24418300 -0.02985025
1.05957000 -0.22776340
0.46884900 -0.29281150
0.10614300 0.26653000
0.05526200 0.59124060
5 0 19
3014643.00000000 -0.00000040
451432.90000000 -0.00000316
102733.80000000 -0.00001609
29098.17000000 -0.00007093
9492.33000000 -0.00024427
3426.34600000 -0.00084579
1335.89600000 -0.00228221
553.50260000 -0.00661987
240.69250000 -0.01335024
108.72930000 -0.02955830
50.26457000 -0.02477039
22.58004000 -0.00841462
10.71432000 0.16938550
5.09354600 0.15007870
2.24418300 0.09787777
1.05957000 -0.96536080
0.46884900 0.14897210
0.10614300 2.19117900
0.05526200 -1.24332500
6 0 1
0.02546500 1.00000000
7 0 1
0.01173000 1.00000000
8 1 15
11912.03000000 0.00004400
2819.94700000 0.00039100
915.94790000 0.00224800
350.38420000 0.00982300
148.48250000 0.03433800
67.53944000 0.09666600
32.30332000 0.20941700
15.92786000 0.33018900
8.03803500 0.33193600
4.09391600 0.15848800
2.02239000 0.02231000
0.97610200 -0.00156600
0.45959500 -0.00132400
0.17715200 -0.00027100
0.07351700 0.00003200
9 1 15
11912.03000000 -0.00001500
2819.94700000 -0.00013100
915.94790000 -0.00075500
350.38420000 -0.00331900
148.48250000 -0.01175000
67.53944000 -0.03392200
32.30332000 -0.07616400
15.92786000 -0.12570200
8.03803500 -0.13309800
4.09391600 0.01740600
2.02239000 0.31516500
0.97610200 0.46181400
0.45959500 0.29985600
0.17715200 0.05000000
0.07351700 -0.00423000
10 1 15
11912.03000000 0.00000400
2819.94700000 0.00003100
915.94790000 0.00018200
350.38420000 0.00079500
148.48250000 0.00283300
67.53944000 0.00815400
32.30332000 0.01847200
15.92786000 0.03040000
8.03803500 0.03304700
4.09391600 -0.00825100
2.02239000 -0.08855400
0.97610200 -0.14961200
0.45959500 -0.09422700
0.17715200 0.25084600
0.07351700 0.58664300
11 1 15
11912.03000000 0.00000400
2819.94700000 0.00003900
915.94790000 0.00022300
350.38420000 0.00099200
148.48250000 0.00347600
67.53944000 0.01017200
32.30332000 0.02257600
15.92786000 0.03823800
8.03803500 0.03933700
4.09391600 -0.00610600
2.02239000 -0.11296200
0.97610200 -0.16811400
0.45959500 -0.16593200
0.17715200 0.39140300
0.07351700 0.68184000
12 1 1
0.02940100 1.00000000
13 1 1
0.01176000 1.00000000
14 2 7
64.01300000 0.00388700
18.81790000 0.02639900
6.72870000 0.09751100
2.66413000 0.23284800
1.07868000 0.35315200
0.42320900 0.37218600
0.15599900 0.24767200
15 2 7
64.01300000 -0.00397000
18.81790000 -0.02687300
6.72870000 -0.10227500
2.66413000 -0.23772800
1.07868000 -0.31211400
0.42320900 -0.04237800
0.15599900 0.58865800
16 2 1
0.05188400 1.00000000
17 2 1
0.01726000 1.00000000
18 3 2
1.22740000 0.35815800
0.27880000 0.82579400
19 3 1
0.08266000 1.00000000

O-VANADIUM V (AUG-CC-PVDZ) BASIS TYPE: 1
# 
19
1 0 19
3321857.00000000 0.00000804
497435.60000000 0.00006251
113202.70000000 0.00032866
32063.33000000 0.00138570
10459.62000000 0.00501622
3775.50600000 0.01606931
1472.04000000 0.04574242
609.93310000 0.11285440
265.26340000 0.22543440
119.86070000 0.31404610
55.44891000 0.22678190
24.98372000 0.07334069
11.88056000 0.11024740
5.66031100 0.11313580
2.49570300 0.01971295
1.17786600 -0.00047191
0.52004400 0.00018616
0.11596500 -0.00006209
0.05893800 0.00007295
2 0 19
3321857.00000000 -0.00000450
497435.60000000 -0.00003501
113202.70000000 -0.00018413
32063.33000000 -0.00077692
10459.62000000 -0.00281950
3775.50600000 -0.00908749
1472.04000000 -0.02627134
609.93310000 -0.06712726
265.26340000 -0.14511300
119.86070000 -0.24124830
55.44891000 -0.24163140
24.98372000 0.03067362
11.88056000 0.49704150
5.66031100 0.49588750
2.49570300 0.09181868
1.17786600 -0.00539251
0.52004400 0.00071024
0.11596500 -0.00063631
0.05893800 0.00059799
3 0 19
3321857.00000000 0.00000093
497435.60000000 0.00000725
113202.70000000 0.00003812
32063.33000000 0.00016102
10459.62000000 0.00058522
3775.50600000 0.00189750
1472.04000000 0.00555091
609.93310000 0.01460584
265.26340000 0.03342974
119.86070000 0.06235722
55.44891000 0.07312435
24.98372000 -0.01911472
11.88056000 -0.28172490
5.66031100 -0.44881510
2.49570300 0.09202696
1.17786600 0.71101170
0.52004400 0.43092740
0.11596500 0.02604589
0.05893800 -0.01101049
4 0 19
3321857.00000000 -0.00000022
497435.60000000 -0.00000168
113202.70000000 -0.00000883
32063.33000000 -0.00003728
10459.62000000 -0.00013561
3775.50600000 -0.00043924
1472.04000000 -0.00128695
609.93310000 -0.00338215
265.26340000 -0.00776565
119.86070000 -0.01447985
55.44891000 -0.01715502
24.98372000 0.00461010
11.88056000 0.06827831
5.66031100 0.11613680
2.49570300 -0.03277049
1.17786600 -0.22800000
0.52004400 -0.27939910
0.11596500 0.27711650
0.05893800 0.58529990
5 0 19
3321857.00000000 -0.00000041
497435.60000000 -0.00000326
113202.70000000 -0.00001656
32063.33000000 -0.00007317
10459.62000000 -0.00025128
3775.50600000 -0.00087327
1472.04000000 -0.00234765
609.93310000 -0.00685315
265.26340000 -0.01376420
119.86070000 -0.03084679
55.44891000 -0.02562208
24.98372000 -0.01005123
11.88056000 0.17953300
5.66031100 0.15224000
2.49570300 0.09483887
1.17786600 -1.01487600
0.52004400 0.23088100
0.11596500 2.11332100
0.05893800 -1.25304800
6 0 1
0.02694600 1.00000000
7 0 1
0.01232000 1.00000000
8 1 15
13273.20000000 0.00004300
3142.12600000 0.00038400
1020.58800000 0.00221000
390.44070000 0.00967800
165.50430000 0.03393600
75.32006000 0.09591700
36.05503000 0.20885300
17.80436000 0.33066000
9.00292900 0.33231200
4.59454400 0.15818800
2.27676000 0.02225200
1.10117800 -0.00156500
0.51863800 -0.00135300
0.20056500 -0.00026500
0.08129100 0.00002900
9 1 15
13273.20000000 -0.00001500
3142.12600000 -0.00013100
1020.58800000 -0.00075500
390.44070000 -0.00332500
165.50430000 -0.01181100
75.32006000 -0.03425600
36.05503000 -0.07736300
17.80436000 -0.12845600
9.00292900 -0.13507800
4.59454400 0.02083800
2.27676000 0.32049900
1.10117800 0.46026000
0.51863800 0.29534600
0.20056500 0.04904600
0.08129100 -0.00382400
10 1 15
13273.20000000 0.00000400
3142.12600000 0.00003200
1020.58800000 0.00018300
390.44070000 0.00080200
165.50430000 0.00286200
75.32006000 0.00828700
36.05503000 0.01887000
17.80436000 0.03130700
9.00292900 0.03366000
4.59454400 -0.00947900
2.27676000 -0.09231300
1.10117800 -0.14898900
0.51863800 -0.08364400
0.20056500 0.24933900
0.08129100 0.58051500
11 1 15
13273.20000000 0.00000400
3142.12600000 0.00003900
1020.58800000 0.00022300
390.44070000 0.00099600
165.50430000 0.00349800
75.32006000 0.01029600
36.05503000 0.02296200
17.80436000 0.03920800
9.00292900 0.03994300
4.59454400 -0.00712100
2.27676000 -0.11622500
1.10117800 -0.16949600
0.51863800 -0.15537400
0.20056500 0.39502200
0.08129100 0.67890800
12 1 1
0.03179500 1.00000000
13 1 1
0.01244000 1.00000000
14 2 7
77.61150000 0.00359500
22.91590000 0.02521000
8.27954000 0.09478600
3.30993000 0.23036300
1.35863000 0.35289400
0.54135000 0.37041400
0.20235600 0.24571800
15 2 7
77.61150000 -0.00381800
22.91590000 -0.02671700
8.27954000 -0.10369000
3.30993000 -0.24768900
1.35863000 -0.31152300
0.54135000 -0.02282700
0.20235600 0.56972600
16 2 1
0.06756800 1.00000000
17 2 1
0.02256000 1.00000000
18 3 2
1.74880000 0.39006800
0.40570000 0.80084100
19 3 1
0.13112000 1.00000000

O-CHROMIUM CR (AUG-CC-PVDZ) BASIS TYPE: 1
# 
19
1 0 19
6177194.00000000 0.00000413
924929.50000000 0.00003211
210486.50000000 0.00016884
59620.05000000 0.00071285
19450.76000000 0.00258932
7022.05600000 0.00837735
2738.76300000 0.02441725
1135.81400000 0.06365135
495.09230000 0.14276180
224.74870000 0.25412750
105.38360000 0.30095120
50.19359000 0.17665130
22.24957000 0.06936709
10.98265000 0.11795790
5.38366500 0.08916187
2.34368500 0.01103630
1.10520200 -0.00035460
0.48784800 0.00010573
0.08959900 0.00001115
2 0 19
6177194.00000000 -0.00000230
924929.50000000 -0.00001790
210486.50000000 -0.00009416
59620.05000000 -0.00039751
19450.76000000 -0.00144703
7022.05600000 -0.00469462
2738.76300000 -0.01382387
1135.81400000 -0.03674643
495.09230000 -0.08647185
224.74870000 -0.16967350
105.38360000 -0.25070890
50.19359000 -0.19611560
22.24957000 0.14572440
10.98265000 0.54667060
5.38366500 0.39794340
2.34368500 0.05277007
1.10520200 -0.00437454
0.48784800 0.00032040
0.08959900 -0.00005142
3 0 19
6177194.00000000 0.00000049
924929.50000000 0.00000378
210486.50000000 0.00001991
59620.05000000 0.00008389
19450.76000000 0.00030657
7022.05600000 0.00099441
2738.76300000 0.00296196
1135.81400000 0.00796947
495.09230000 0.01955017
224.74870000 0.04085035
105.38360000 0.06929003
50.19359000 0.06146984
22.24957000 -0.06981302
10.98265000 -0.35175970
5.38366500 -0.38286290
2.34368500 0.26764010
1.10520200 0.71759500
0.48784800 0.30208140
0.08959900 0.00774951
4 0 19
6177194.00000000 -0.00000011
924929.50000000 -0.00000085
210486.50000000 -0.00000452
59620.05000000 -0.00001892
19450.76000000 -0.00006974
7022.05600000 -0.00022379
2738.76300000 -0.00067545
1135.81400000 -0.00178935
495.09230000 -0.00447786
224.74870000 -0.00914014
105.38360000 -0.01610562
50.19359000 -0.01334870
22.24957000 0.01426027
10.98265000 0.08931690
5.38366500 0.08885279
2.34368500 -0.06368776
1.10520200 -0.27832620
0.48784800 -0.18300710
0.08959900 0.67909370
5 0 19
6177194.00000000 0.00000022
924929.50000000 0.00000161
210486.50000000 0.00000911
59620.05000000 0.00003501
19450.76000000 0.00014353
7022.05600000 0.00040359
2738.76300000 0.00142518
1135.81400000 0.00311401
495.09230000 0.00981445
224.74870000 0.01474698
105.38360000 0.03911512
50.19359000 0.00917089
22.24957000 0.01559878
10.98265000 -0.28168440
5.38366500 -0.00689526
2.34368500 -0.17697810
1.10520200 1.44306100
0.48784800 -1.02931800
0.08959900 -1.30766700
6 0 1
0.03342300 1.00000000
7 0 1
0.01247000 1.00000000
8 1 15
14454.20000000 0.00004400
3421.67600000 0.00038900
1111.38700000 0.00224100
425.19180000 0.00982100
180.26230000 0.03447100
82.06117000 0.09746000
39.29726000 0.21198500
19.41959000 0.33399000
9.82889900 0.33013700
5.01681000 0.15222700
2.48709100 0.02042500
1.19878000 -0.00136000
0.55869500 -0.00119500
0.20892400 -0.00019700
0.08460800 0.00002300
9 1 15
14454.20000000 -0.00001500
3421.67600000 -0.00013500
1111.38700000 -0.00077700
425.19180000 -0.00342700
180.26230000 -0.01218900
82.06117000 -0.03538800
39.29726000 -0.07991500
19.41959000 -0.13233500
9.82889900 -0.13540100
5.01681000 0.03200800
2.48709100 0.33384900
1.19878000 0.46177300
0.55869500 0.28129000
0.20892400 0.04184300
0.08460800 -0.00400200
10 1 15
14454.20000000 0.00000400
3421.67600000 0.00003200
1111.38700000 0.00018500
425.19180000 0.00081000
180.26230000 0.00290600
82.06117000 0.00839100
39.29726000 0.01919300
19.41959000 0.03156400
9.82889900 0.03341700
5.01681000 -0.01290700
2.48709100 -0.09365900
1.19878000 -0.14997700
0.55869500 -0.06723400
0.20892400 0.27075900
0.08460800 0.57580700
11 1 15
14454.20000000 0.00000400
3421.67600000 0.00004000
1111.38700000 0.00022900
425.19180000 0.00101900
180.26230000 0.00360200
82.06117000 0.01055000
39.29726000 0.02370200
19.41959000 0.03998800
9.82889900 0.04043700
5.01681000 -0.01207400
2.48709100 -0.11893900
1.19878000 -0.17810000
0.55869500 -0.12386500
0.20892400 0.42972200
0.08460800 0.65078600
12 1 1
0.03325800 1.00000000
13 1 1
0.01307000 1.00000000
14 2 7
88.57680000 0.00362100
26.20450000 0.02576600
9.51747000 0.09755600
3.82248000 0.23631200
1.57512000 0.35828600
0.62892800 0.36854300
0.23442400 0.23549400
15 2 7
88.57680000 -0.00412200
26.20450000 -0.02930700
9.51747000 -0.11506200
3.82248000 -0.27306800
1.57512000 -0.31442300
0.62892800 0.04209700
0.23442400 0.59140300
16 2 1
0.07681500 1.00000000
17 2 1
0.02517000 1.00000000
18 3 2
2.22110000 0.42354500
0.52310000 0.77411400
19 3 1
0.17636000 1.00000000

O-MANGANESE MN (AUG-CC-PVDZ) BASIS TYPE: 1
# 
19
1 0 19
3960805.00000000 0.00000824
593115.50000000 0.00006409
134976.80000000 0.00033693
38230.67000000 0.00142065
12471.54000000 0.00514368
4501.74300000 0.01648569
1755.21200000 0.04698560
727.30390000 0.11624370
316.36780000 0.23352770
143.00980000 0.32928370
66.21805000 0.24403040
29.91896000 0.07219806
14.30318000 0.07687806
6.83945100 0.07852235
3.01237400 0.01294109
1.41880800 -0.00037849
0.62362400 -0.00002503
0.13409800 -0.00002422
0.06554800 0.00003462
2 0 19
3960805.00000000 -0.00000394
593115.50000000 -0.00003060
134976.80000000 -0.00016096
38230.67000000 -0.00067923
12471.54000000 -0.00246618
4501.74300000 -0.00795763
1755.21200000 -0.02307248
727.30390000 -0.05932956
316.36780000 -0.12994510
143.00980000 -0.22123520
66.21805000 -0.22925500
29.91896000 0.03580733
14.30318000 0.51076020
6.83945100 0.50083070
3.01237400 0.09011830
1.41880800 -0.00690991
0.62362400 -0.00019129
0.13409800 -0.00060323
0.06554800 0.00056216
3 0 19
3960805.00000000 0.00000095
593115.50000000 0.00000736
134976.80000000 0.00003870
38230.67000000 0.00016351
12471.54000000 0.00059418
4501.74300000 0.00192774
1755.21200000 0.00564173
727.30390000 0.01487848
316.36780000 0.03414783
143.00980000 0.06405794
66.21805000 0.07557659
29.91896000 -0.01946070
14.30318000 -0.29578740
6.83945100 -0.45211700
3.01237400 0.12245310
1.41880800 0.71697560
0.62362400 0.40927120
0.13409800 0.02221969
0.06554800 -0.00901120
4 0 19
3960805.00000000 -0.00000021
593115.50000000 -0.00000163
134976.80000000 -0.00000857
38230.67000000 -0.00003619
12471.54000000 -0.00013161
4501.74300000 -0.00042668
1755.21200000 -0.00125027
727.30390000 -0.00329467
316.36780000 -0.00758186
143.00980000 -0.01422864
66.21805000 -0.01693796
29.91896000 0.00445430
14.30318000 0.06867042
6.83945100 0.11133350
3.01237400 -0.03900820
1.41880800 -0.22157550
0.62362400 -0.25443590
0.13409800 0.28658660
0.06554800 0.57557410
5 0 19
3960805.00000000 -0.00000041
593115.50000000 -0.00000328
134976.80000000 -0.00001667
38230.67000000 -0.00007370
12471.54000000 -0.00025295
4501.74300000 -0.00088014
1755.21200000 -0.00236548
727.30390000 -0.00692635
316.36780000 -0.01393851
143.00980000 -0.03143840
66.21805000 -0.02625749
29.91896000 -0.01048313
14.30318000 0.18564720
6.83945100 0.15248390
3.01237400 0.07411368
1.41880800 -1.01809700
0.62362400 0.29803720
0.13409800 1.97198900
0.06554800 -1.17925300
6 0 1
0.02958400 1.00000000
7 0 1
0.01335000 1.00000000
8 1 15
16205.86000000 0.00004200
3836.27400000 0.00037300
1246.04800000 0.00214900
476.75350000 0.00944500
202.18950000 0.03329700
92.09487000 0.09475900
44.14720000 0.20814400
21.85468000 0.33180500
11.08596000 0.33317500
5.67410800 0.15760100
2.82317000 0.02144500
1.36862100 -0.00255800
0.64443100 -0.00202700
0.24838200 -0.00036000
0.09725500 0.00003400
9 1 15
16205.86000000 -0.00001500
3836.27400000 -0.00012900
1246.04800000 -0.00074800
476.75350000 -0.00330800
202.18950000 -0.01181100
92.09487000 -0.03453300
44.14720000 -0.07878500
21.85468000 -0.13218300
11.08596000 -0.13719500
5.67410800 0.02707500
2.82317000 0.32889100
1.36862100 0.45728000
0.64443100 0.28890800
0.24838200 0.04743300
0.09725500 -0.00352200
10 1 15
16205.86000000 0.00000300
3836.27400000 0.00003000
1246.04800000 0.00017200
476.75350000 0.00076200
202.18950000 0.00272600
92.09487000 0.00797600
44.14720000 0.01828700
21.85468000 0.03077600
11.08596000 0.03237300
5.67410800 -0.00997800
2.82317000 -0.09052900
1.36862100 -0.13800400
0.64443100 -0.07796500
0.24838200 0.22956000
0.09725500 0.57612200
11 1 15
16205.86000000 0.00000400
3836.27400000 0.00004000
1246.04800000 0.00022600
476.75350000 0.00101300
202.18950000 0.00357500
92.09487000 0.01061200
44.14720000 0.02390200
21.85468000 0.04127900
11.08596000 0.04147500
5.67410800 -0.00945800
2.82317000 -0.12369500
1.36862100 -0.17439200
0.64443100 -0.12917000
0.24838200 0.40034800
0.09725500 0.66964600
12 1 1
0.03663300 1.00000000
13 1 1
0.01380000 1.00000000
14 2 7
100.66300000 0.00357900
29.83360000 0.02582700
10.88940000 0.09855900
4.39358000 0.23832700
1.81782000 0.35870700
0.72782700 0.36509200
0.27129500 0.23373800
15 2 7
100.66300000 -0.00345400
29.83360000 -0.02492500
10.88940000 -0.09763500
4.39358000 -0.23669200
1.81782000 -0.29235000
0.72782700 -0.00497300
0.27129500 0.50658800
16 2 1
0.08830900 1.00000000
17 2 1
0.02875000 1.00000000
18 3 2
2.70320000 0.42677600
0.64380000 0.76979900
19 3 1
0.22260000 1.00000000

O-IRON FE (AUG-CC-PVDZ) BASIS TYPE: 1
# 
19
1 0 19
4316265.00000000 0.00000805
646342.40000000 0.00006258
147089.70000000 0.00032902
41661.52000000 0.00138736
13590.77000000 0.00502326
4905.75000000 0.01610140
1912.74600000 0.04590034
792.60430000 0.11361540
344.80650000 0.22838690
155.89990000 0.32211590
72.23091000 0.23836610
32.72506000 0.07404667
15.66762000 0.09214197
7.50348300 0.09339790
3.31222300 0.01573965
1.55847100 -0.00041867
0.68391400 0.00005376
0.14675700 -0.00003817
0.07058300 0.00004320
2 0 19
4316265.00000000 -0.00000416
646342.40000000 -0.00003231
147089.70000000 -0.00016995
41661.52000000 -0.00071714
13590.77000000 -0.00260363
4905.75000000 -0.00839911
1912.74600000 -0.02434109
792.60430000 -0.06251948
344.80650000 -0.13659290
155.89990000 -0.23127070
72.23091000 -0.23837340
32.72506000 0.03123837
15.66762000 0.50868180
7.50348300 0.49876950
3.31222300 0.09033552
1.55847100 -0.00600534
0.68391400 0.00023125
0.14675700 -0.00056437
0.07058300 0.00049923
3 0 19
4316265.00000000 0.00000095
646342.40000000 0.00000741
147089.70000000 0.00003898
41661.52000000 0.00016472
13590.77000000 0.00059860
4905.75000000 0.00194239
1912.74600000 0.00568724
792.60430000 0.01501329
344.80650000 0.03452455
155.89990000 0.06495820
72.23091000 0.07716194
32.72506000 -0.01873411
15.66762000 -0.30091850
7.50348300 -0.45546610
3.31222300 0.12864630
1.55847100 0.71833160
0.68391400 0.40517430
0.14675700 0.02168227
0.07058300 -0.00834357
4 0 19
4316265.00000000 -0.00000021
646342.40000000 -0.00000160
147089.70000000 -0.00000844
41661.52000000 -0.00003563
13590.77000000 -0.00012960
4905.75000000 -0.00042015
1912.74600000 -0.00123195
792.60430000 -0.00324892
344.80650000 -0.00749372
155.89990000 -0.01410102
72.23091000 -0.01691600
32.72506000 0.00421900
15.66762000 0.06833810
7.50348300 0.10982010
3.31222300 -0.04009005
1.55847100 -0.21747390
0.68391400 -0.24651350
0.14675700 0.27314350
0.07058300 0.57483210
5 0 19
4316265.00000000 -0.00000040
646342.40000000 -0.00000319
147089.70000000 -0.00001623
41661.52000000 -0.00007158
13590.77000000 -0.00024640
4905.75000000 -0.00085449
1912.74600000 -0.00230759
792.60430000 -0.00672829
344.80650000 -0.01366165
155.89990000 -0.03062240
72.23091000 -0.02631137
32.72506000 -0.00976018
15.66762000 0.18019060
7.50348300 0.15296340
3.31222300 0.05505413
1.55847100 -0.95513640
0.68391400 0.25868130
0.14675700 1.83404900
0.07058300 -0.93332400
6 0 1
0.03144900 1.00000000
7 0 1
0.01401000 1.00000000
8 1 15
17745.69000000 0.00004100
4200.72100000 0.00036900
1364.42900000 0.00212900
522.08060000 0.00936900
221.45950000 0.03309700
100.90960000 0.09443100
48.40115000 0.20807700
23.98536000 0.33233300
12.18250000 0.33298700
6.24229800 0.15684300
3.11094400 0.02154900
1.50995800 -0.00209500
0.71084500 -0.00173900
0.27319000 -0.00030000
0.10423300 0.00002900
9 1 15
17745.69000000 -0.00001500
4200.72100000 -0.00013000
1364.42900000 -0.00075100
522.08060000 -0.00332900
221.45950000 -0.01191200
100.90960000 -0.03493300
48.40115000 -0.07998900
23.98536000 -0.13463600
12.18250000 -0.13859800
6.24229800 0.03027800
3.11094400 0.33321600
1.50995800 0.45615300
0.71084500 0.28505100
0.27319000 0.04614400
0.10423300 -0.00324900
10 1 15
17745.69000000 0.00000300
4200.72100000 0.00002900
1364.42900000 0.00016500
522.08060000 0.00073400
221.45950000 0.00262600
100.90960000 0.00772500
48.40115000 0.01773300
23.98536000 0.03005500
12.18250000 0.03109400
6.24229800 -0.01004800
3.11094400 -0.08830600
1.50995800 -0.12982400
0.71084500 -0.07693700
0.27319000 0.21266100
0.10423300 0.57306100
11 1 15
17745.69000000 0.00000500
4200.72100000 0.00004200
1364.42900000 0.00024100
522.08060000 0.00108500
221.45950000 0.00383100
100.90960000 0.01142300
48.40115000 0.02579200
23.98536000 0.04481800
12.18250000 0.04459800
6.24229800 -0.01117700
3.11094400 -0.13813400
1.50995800 -0.18828500
0.71084500 -0.10739900
0.27319000 0.44486300
0.10423300 0.64023900
12 1 1
0.03829100 1.00000000
13 1 1
0.01407000 1.00000000
14 2 7
113.34400000 0.00353000
33.64140000 0.02578400
12.33100000 0.09911900
4.99478000 0.23907300
2.07280000 0.35719900
0.83075300 0.36218800
0.30917800 0.23646100
15 2 7
113.34400000 -0.00389000
33.64140000 -0.02844200
12.33100000 -0.11242900
4.99478000 -0.27425700
2.07280000 -0.31554600
0.83075300 0.05710900
0.30917800 0.56360400
16 2 1
0.10013000 1.00000000
17 2 1
0.03243000 1.00000000
18 3 2
3.22430000 0.42224900
0.77580000 0.77146800
19 3 1
0.27490000 1.00000000

O-COBALT CO (AUG-CC-PVDZ) BASIS TYPE: 1
# 
19
1 0 19
4675675.00000000 0.00000798
700161.50000000 0.00006204
159337.30000000 0.00032617
45130.46000000 0.00137536
14722.38000000 0.00498000
5314.22200000 0.01596434
2072.01800000 0.04552086
858.61880000 0.11273850
373.54970000 0.22682620
168.92290000 0.32030740
78.29639000 0.23740210
35.52123000 0.07477686
17.04144000 0.09581872
8.17300000 0.09649911
3.61031800 0.01623362
1.69704700 -0.00045355
0.74353200 0.00005114
0.15834400 -0.00004175
0.07503600 0.00004028
2 0 19
4675675.00000000 -0.00000420
700161.50000000 -0.00003266
159337.30000000 -0.00017176
45130.46000000 -0.00072479
14722.38000000 -0.00263146
5314.22200000 -0.00848927
2072.01800000 -0.02460619
858.61880000 -0.06322059
373.54970000 -0.13819570
168.92290000 -0.23406800
78.29639000 -0.24150020
35.52123000 0.03035312
17.04144000 0.51013410
8.17300000 0.49749390
3.61031800 0.08970746
1.69704700 -0.00594103
0.74353200 0.00021754
0.15834400 -0.00054802
0.07503600 0.00045258
3 0 19
4675675.00000000 0.00000096
700161.50000000 0.00000746
159337.30000000 0.00003923
45130.46000000 0.00016577
14722.38000000 0.00060243
5314.22200000 0.00195522
2072.01800000 0.00572633
858.61880000 0.01512984
373.54970000 0.03483973
168.92290000 0.06570351
78.29639000 0.07831503
35.52123000 -0.01877037
17.04144000 -0.30626630
8.17300000 -0.45664290
3.61031800 0.13781690
1.69704700 0.71936760
0.74353200 0.39925790
0.15834400 0.02079933
0.07503600 -0.00782066
4 0 19
4675675.00000000 -0.00000020
700161.50000000 -0.00000158
159337.30000000 -0.00000830
45130.46000000 -0.00003504
14722.38000000 -0.00012747
5314.22200000 -0.00041327
2072.01800000 -0.00121226
858.61880000 -0.00319932
373.54970000 -0.00739097
168.92290000 -0.01393649
78.29639000 -0.01678575
35.52123000 0.00414986
17.04144000 0.06797646
8.17300000 0.10758070
3.61031800 -0.04166022
1.69704700 -0.21280440
0.74353200 -0.23813600
0.15834400 0.26507880
0.07503600 0.57227740
5 0 19
4675675.00000000 -0.00000039
700161.50000000 -0.00000307
159337.30000000 -0.00001565
45130.46000000 -0.00006884
14722.38000000 -0.00023774
5314.22200000 -0.00082132
2072.01800000 -0.00222963
858.61880000 -0.00646784
373.54970000 -0.01325463
168.92290000 -0.02946686
78.29639000 -0.02599066
35.52123000 -0.00849981
17.04144000 0.17273160
8.17300000 0.15121890
3.61031800 0.03554509
1.69704700 -0.88293530
0.74353200 0.21435300
0.15834400 1.71186500
0.07503600 -0.71400370
6 0 1
0.03309100 1.00000000
7 0 1
0.01459000 1.00000000
8 1 15
19267.78000000 0.00004100
4560.98600000 0.00036900
1481.43600000 0.00212800
566.86710000 0.00937200
240.49100000 0.03315500
109.61050000 0.09475200
52.59491000 0.20909300
26.08361000 0.33372200
13.26143000 0.33220800
6.79977800 0.15461300
3.39341400 0.02090200
1.64876600 -0.00202400
0.77628200 -0.00169700
0.29800300 -0.00028000
0.11361800 0.00002600
9 1 15
19267.78000000 -0.00001500
4560.98600000 -0.00013100
1481.43600000 -0.00075800
566.86710000 -0.00336300
240.49100000 -0.01205400
109.61050000 -0.03542400
52.59491000 -0.08128700
26.08361000 -0.13690800
13.26143000 -0.13901900
6.79977800 0.03546800
3.39341400 0.33849800
1.64876600 0.45443300
0.77628200 0.27979300
0.29800300 0.04477600
0.11361800 -0.00315100
10 1 15
19267.78000000 -0.00000300
4560.98600000 -0.00002900
1481.43600000 -0.00016700
566.86710000 -0.00074200
240.49100000 -0.00266200
109.61050000 -0.00784100
52.59491000 -0.01805100
26.08361000 -0.03058000
13.26143000 -0.03131200
6.79977800 0.01131100
3.39341400 0.08999000
1.64876600 0.13073300
0.77628200 0.07180800
0.29800300 -0.22165800
0.11361800 -0.57102500
11 1 15
19267.78000000 0.00000500
4560.98600000 0.00004500
1481.43600000 0.00025500
566.86710000 0.00114400
240.49100000 0.00406100
109.61050000 0.01209500
52.59491000 0.02747600
26.08361000 0.04755700
13.26143000 0.04730200
6.79977800 -0.01441800
3.39341400 -0.15006200
1.64876600 -0.19909200
0.77628200 -0.07978300
0.29800300 0.45903500
0.11361800 0.61749500
12 1 1
0.04162400 1.00000000
13 1 1
0.01525000 1.00000000
14 2 7
126.26400000 0.00351000
37.52260000 0.02588400
13.80210000 0.10005800
5.60927000 0.24054700
2.33369000 0.35684300
0.93641500 0.35957900
0.34823700 0.23662900
15 2 7
126.26400000 -0.00406700
37.52260000 -0.03005300
13.80210000 -0.11962000
5.60927000 -0.29151300
2.33369000 -0.31804800
0.93641500 0.09169800
0.34823700 0.56082300
16 2 1
0.11235300 1.00000000
17 2 1
0.03625000 1.00000000
18 3 2
3.77240000 0.42396600
0.91700000 0.76842900
19 3 1
0.32715000 1.00000000

O-NICKEL NI (AUG-CC-PVDZ) BASIS TYPE: 1
# 
19
1 0 19
5045991.00000000 0.00000821
755614.20000000 0.00006383
171956.80000000 0.00033558
48704.79000000 0.00141508
15888.41000000 0.00512444
5735.12300000 0.01643256
2236.13700000 0.04689398
926.64680000 0.11635340
403.17430000 0.23505110
182.34760000 0.33501840
84.54885000 0.25347790
38.39634000 0.07300901
18.45859000 0.06184244
8.86354800 0.06302956
3.91622700 0.01008063
1.83887000 -0.00022445
0.80436200 -0.00005933
0.16979700 -0.00001159
0.07930600 0.00000812
2 0 19
5045991.00000000 -0.00000366
755614.20000000 -0.00002844
171956.80000000 -0.00014959
48704.79000000 -0.00063130
15888.41000000 -0.00229305
5735.12300000 -0.00740512
2236.13700000 -0.02152032
926.64680000 -0.05560974
403.17430000 -0.12301760
182.34760000 -0.21301040
84.54885000 -0.22658370
38.39634000 0.03546796
18.45859000 0.51816970
8.86354800 0.50256300
3.91622700 0.08955674
1.83887000 -0.00703131
0.80436200 -0.00043392
0.16979700 -0.00058317
0.07930600 0.00042288
3 0 19
5045991.00000000 0.00000096
755614.20000000 0.00000746
171956.80000000 0.00003924
48704.79000000 0.00016579
15888.41000000 0.00060259
5735.12300000 0.00195566
2236.13700000 0.00573039
926.64680000 0.01514756
403.17430000 0.03493499
182.34760000 0.06598072
84.54885000 0.07893083
38.39634000 -0.01906249
18.45859000 -0.30959210
8.86354800 -0.45586100
3.91622700 0.14829310
1.83887000 0.71340390
0.80436200 0.39760630
0.16979700 0.02295523
0.07930600 -0.00915176
4 0 19
5045991.00000000 -0.00000020
755614.20000000 -0.00000157
171956.80000000 -0.00000824
48704.79000000 -0.00003478
15888.41000000 -0.00012653
5735.12300000 -0.00041026
2236.13700000 -0.00120383
926.64680000 -0.00317906
403.17430000 -0.00735383
182.34760000 -0.01389022
84.54885000 -0.01677875
38.39634000 0.00416338
18.45859000 0.06814703
8.86354800 0.10610290
3.91622700 -0.04339980
1.83887000 -0.20949500
0.80436200 -0.23102710
0.16979700 0.25905320
0.07930600 0.56914260
5 0 19
5045991.00000000 -0.00000039
755614.20000000 -0.00000311
171956.80000000 -0.00001590
48704.79000000 -0.00006981
15888.41000000 -0.00024178
5735.12300000 -0.00083262
2236.13700000 -0.00227029
926.64680000 -0.00655743
403.17430000 -0.01354288
182.34760000 -0.02989768
84.54885000 -0.02693106
38.39634000 -0.00782769
18.45859000 0.17416670
8.86354800 0.15954680
3.91622700 0.01995550
1.83887000 -0.88970000
0.80436200 0.24868920
0.16979700 1.61301200
0.07930600 -0.59902770
6 0 1
0.03467700 1.00000000
7 0 1
0.01516000 1.00000000
8 1 15
21027.92000000 0.00004100
4977.56000000 0.00036300
1616.74000000 0.00209700
618.67180000 0.00925000
262.51830000 0.03279600
119.69070000 0.09400400
57.46585000 0.20828000
28.52829000 0.33365400
14.52148000 0.33290400
7.45385000 0.15537200
3.72355300 0.02085900
1.80981300 -0.00244000
0.85133600 -0.00199800
0.32481400 -0.00033800
0.11952200 0.00003500
9 1 15
21027.92000000 -0.00001500
4977.56000000 -0.00012900
1616.74000000 -0.00074900
618.67180000 -0.00332800
262.51830000 -0.01194700
119.69070000 -0.03524200
57.46585000 -0.08120400
28.52829000 -0.13749300
14.52148000 -0.13922600
7.45385000 0.03601600
3.72355300 0.33912800
1.80981300 0.45047200
0.85133600 0.28178300
0.32481400 0.04789800
0.11952200 -0.00298700
10 1 15
21027.92000000 0.00000300
4977.56000000 0.00002600
1616.74000000 0.00015200
618.67180000 0.00067800
262.51830000 0.00242700
119.69070000 0.00720100
57.46585000 0.01657800
28.52829000 0.02839200
14.52148000 0.02859900
7.45385000 -0.01013200
3.72355300 -0.08291200
1.80981300 -0.11599800
0.85133600 -0.07279500
0.32481400 0.19564000
0.11952200 0.56709900
11 1 15
21027.92000000 0.00000600
4977.56000000 0.00005300
1616.74000000 0.00030500
618.67180000 0.00136400
262.51830000 0.00487600
119.69070000 0.01450300
57.46585000 0.03329600
28.52829000 0.05748200
14.52148000 0.05870200
7.45385000 -0.01990400
3.72355300 -0.19469500
1.80981300 -0.23961300
0.85133600 -0.00223200
0.32481400 0.52143500
0.11952200 0.54554000
12 1 1
0.04236600 1.00000000
13 1 1
0.01502000 1.00000000
14 2 7
140.25270000 0.00337600
41.72610000 0.02514100
15.39810000 0.09774600
6.27710000 0.23470900
2.61850000 0.34694500
1.05260000 0.35106800
0.39160000 0.25025500
15 2 7
140.25270000 -0.00349500
41.72610000 -0.02601500
15.39810000 -0.10387600
6.27710000 -0.25207000
2.61850000 -0.29458000
1.05260000 0.00115200
0.39160000 0.43858900
16 2 1
0.12620000 1.00000000
17 2 1
0.04067000 1.00000000
18 3 2
4.34550000 0.41742900
1.06800000 0.77148300
19 3 1
0.40830000 1.00000000

O-COPPER CU (AUG-CC-PVDZ) BASIS TYPE: 1
# 
19
1 0 19
5430321.00000000 0.00000780
813166.50000000 0.00006066
185054.40000000 0.00031890
52414.66000000 0.00134469
17098.68000000 0.00486905
6171.99400000 0.01561013
2406.48100000 0.04452077
997.25840000 0.11031110
433.92890000 0.22203420
196.28690000 0.31337390
91.04280000 0.23151210
41.38425000 0.07640920
19.93278000 0.11038180
9.58189100 0.10943720
4.23451600 0.01836311
1.98581400 -0.00060431
0.86708300 0.00005092
0.18133900 -0.00005541
0.08365700 0.00003969
2 0 19
5430321.00000000 -0.00000440
813166.50000000 -0.00003425
185054.40000000 -0.00018012
52414.66000000 -0.00076005
17098.68000000 -0.00275935
6171.99400000 -0.00890097
2406.48100000 -0.02579378
997.25840000 -0.06623861
433.92890000 -0.14459270
196.28690000 -0.24401100
91.04280000 -0.25048370
41.38425000 0.02852577
19.93278000 0.51158740
9.58189100 0.49280610
4.23451600 0.08788437
1.98581400 -0.00582028
0.86708300 0.00020135
0.18133900 -0.00051826
0.08365700 0.00037315
3 0 19
5430321.00000000 0.00000097
813166.50000000 0.00000755
185054.40000000 0.00003969
52414.66000000 0.00016772
17098.68000000 0.00060951
6171.99400000 0.00197885
2406.48100000 0.00579805
997.25840000 0.01534158
433.92890000 0.03540484
196.28690000 0.06702098
91.04280000 0.08026945
41.38425000 -0.01927231
19.93278000 -0.31601290
9.58189100 -0.45731620
4.23451600 0.15508410
1.98581400 0.72028720
0.86708300 0.38851220
0.18133900 0.01924326
0.08365700 -0.00710381
4 0 19
5430321.00000000 -0.00000020
813166.50000000 -0.00000152
185054.40000000 -0.00000801
52414.66000000 -0.00003384
17098.68000000 -0.00012312
6171.99400000 -0.00039921
2406.48100000 -0.00117190
997.25840000 -0.00309614
433.92890000 -0.00717199
196.28690000 -0.01356621
91.04280000 -0.01643989
41.38425000 0.00410763
19.93278000 0.06693964
9.58189100 0.10282210
4.23451600 -0.04422945
1.98581400 -0.20311910
0.86708300 -0.22300220
0.18133900 0.25179750
0.08365700 0.56500910
5 0 19
5430321.00000000 -0.00000035
813166.50000000 -0.00000280
185054.40000000 -0.00001433
52414.66000000 -0.00006271
17098.68000000 -0.00021795
6171.99400000 -0.00074743
2406.48100000 -0.00204927
997.25840000 -0.00588520
433.92890000 -0.01226885
196.28690000 -0.02683147
91.04280000 -0.02479261
41.38425000 -0.00598475
19.93278000 0.15571240
9.58189100 0.14366830
4.23451600 0.00837410
1.98581400 -0.74607110
0.86708300 0.12443670
0.18133900 1.51011000
0.08365700 -0.34771220
6 0 1
0.03626700 1.00000000
7 0 1
0.01572000 1.00000000
8 1 15
22760.57000000 0.00004000
5387.67900000 0.00036100
1749.94500000 0.00208300
669.66530000 0.00919700
284.19480000 0.03266000
129.60770000 0.09379500
62.25415000 0.20827400
30.92964000 0.33399300
15.75827000 0.33249300
8.09421100 0.15472800
4.04692100 0.02127100
1.96786900 -0.00169000
0.92529500 -0.00151600
0.35299200 -0.00024200
0.12730700 0.00002300
9 1 15
22760.57000000 -0.00001500
5387.67900000 -0.00013100
1749.94500000 -0.00075500
669.66530000 -0.00335900
284.19480000 -0.01208100
129.60770000 -0.03570300
62.25415000 -0.08250200
30.92964000 -0.13989000
15.75827000 -0.14072900
8.09421100 0.03876600
4.04692100 0.34269500
1.96786900 0.45231000
0.92529500 0.27705400
0.35299200 0.04388500
0.12730700 -0.00280200
10 1 15
22760.57000000 0.00000300
5387.67900000 0.00002500
1749.94500000 0.00014700
669.66530000 0.00065600
284.19480000 0.00235100
129.60770000 0.00700400
62.25415000 0.01613100
30.92964000 0.02777000
15.75827000 0.02756700
8.09421100 -0.01011500
4.04692100 -0.08100900
1.96786900 -0.11040900
0.92529500 -0.07173200
0.35299200 0.18793000
0.12730700 0.56462900
11 1 15
22760.57000000 0.00000500
5387.67900000 0.00004900
1749.94500000 0.00027800
669.66530000 0.00125300
284.19480000 0.00444700
129.60770000 0.01337000
62.25415000 0.03046900
30.92964000 0.05344700
15.75827000 0.05263900
8.09421100 -0.01688100
4.04692100 -0.17944800
1.96786900 -0.20958800
0.92529500 -0.03963300
0.35299200 0.50213000
0.12730700 0.58111100
12 1 1
0.04435600 1.00000000
13 1 1
0.01545000 1.00000000
14 2 7
173.89700000 0.00270000
51.88690000 0.02090900
19.34190000 0.08440800
7.97572000 0.21399900
3.39823000 0.33598000
1.40932000 0.35730100
0.54885800 0.26457800
15 2 7
173.89700000 -0.00336300
51.88690000 -0.02607900
19.34190000 -0.10823100
7.97572000 -0.28221700
3.39823000 -0.34719000
1.40932000 0.02671100
0.54885800 0.49204700
16 2 1
0.19019900 1.00000000
17 2 1
0.06591000 1.00000000
18 3 2
5.02860000 0.42428000
1.25940000 0.76302500
19 3 1
0.46172000 1.00000000

O-ZINC ZN (AUG-CC-PVDZ) BASIS TYPE: 1
# 
19
1 0 19
5820021.00000000 0.00000855
871523.40000000 0.00006647
198335.00000000 0.00034950
56176.31000000 0.00147383
18325.82000000 0.00533833
6614.95500000 0.01712708
2579.19900000 0.04894085
1068.84900000 0.12179340
465.10450000 0.24765890
210.41300000 0.35824310
97.61629000 0.27981740
44.38020000 0.06857491
21.42308000 -0.00131109
10.30891000 0.00191400
4.55364500 -0.00087592
2.13282100 0.00037401
0.92969700 -0.00014014
0.19214700 0.00004757
0.08759500 -0.00003643
2 0 19
5820021.00000000 -0.00000264
871523.40000000 -0.00002053
198335.00000000 -0.00010799
56176.31000000 -0.00045586
18325.82000000 -0.00165776
6614.95500000 -0.00536849
2579.19900000 -0.01571249
1068.84900000 -0.04122558
465.10450000 -0.09406459
210.41300000 -0.17199540
97.61629000 -0.19585230
44.38020000 0.04532907
21.42308000 0.52444420
10.30891000 0.50061420
4.55364500 0.08945527
2.13282100 -0.00214626
0.92969700 0.00211211
0.19214700 -0.00041340
0.08759500 0.00032098
3 0 19
5820021.00000000 0.00000100
871523.40000000 0.00000775
198335.00000000 0.00004076
56176.31000000 0.00017228
18325.82000000 0.00062594
6614.95500000 0.00203286
2579.19900000 0.00595465
1068.84900000 0.01576640
465.10450000 0.03637638
210.41300000 0.06892343
97.61629000 0.08238093
44.38020000 -0.02011360
21.42308000 -0.32525260
10.30891000 -0.46028990
4.55364500 0.16355460
2.13282100 0.72971180
0.92969700 0.37697510
0.19214700 0.01433224
0.08759500 -0.00667121
4 0 19
5820021.00000000 0.00000020
871523.40000000 0.00000155
198335.00000000 0.00000816
56176.31000000 0.00003451
18325.82000000 0.00012533
6614.95500000 0.00040730
2579.19900000 0.00119273
1068.84900000 0.00316314
465.10450000 0.00730394
210.41300000 0.01391279
97.61629000 0.01670620
44.38020000 -0.00403559
21.42308000 -0.06968861
10.30891000 -0.10301050
4.55364500 0.04471442
2.13282100 0.21500270
0.92969700 0.22201630
0.19214700 -0.31147760
0.08759500 -0.56934290
5 0 19
5820021.00000000 -0.00000054
871523.40000000 -0.00000434
198335.00000000 -0.00002198
56176.31000000 -0.00009747
18325.82000000 -0.00033316
6614.95500000 -0.00116619
2579.19900000 -0.00311931
1068.84900000 -0.00923950
465.10450000 -0.01855471
210.41300000 -0.04281189
97.61629000 -0.03571095
44.38020000 -0.01638350
21.42308000 0.26446640
10.30891000 0.20865880
4.55364500 -0.01774382
2.13282100 -1.35387300
0.92969700 0.81829260
0.19214700 1.69503600
0.08759500 -1.38865600
6 0 1
0.03770200 1.00000000
7 0 1
0.01623000 1.00000000
8 1 15
24411.98000000 0.00004100
5778.51800000 0.00036100
1876.86200000 0.00208800
718.23610000 0.00922100
304.83270000 0.03277300
139.04530000 0.09417900
66.80417000 0.20913200
33.20699000 0.33456900
16.92816000 0.33035900
8.69622900 0.15234700
4.35051000 0.02298400
2.11652300 0.00160700
0.99538700 0.00046800
0.37811200 0.00006600
0.13457900 -0.00000200
9 1 15
24411.98000000 -0.00001500
5778.51800000 -0.00013500
1876.86200000 -0.00078200
718.23610000 -0.00347800
304.83270000 -0.01252000
139.04530000 -0.03701600
66.80417000 -0.08555900
33.20699000 -0.14471800
16.92816000 -0.14344200
8.69622900 0.04359500
4.35051000 0.34888800
2.11652300 0.45386500
0.99538700 0.26859400
0.37811200 0.03886800
0.13457900 -0.00249200
10 1 15
24411.98000000 0.00000300
5778.51800000 0.00002500
1876.86200000 0.00014400
718.23610000 0.00064500
304.83270000 0.00231100
139.04530000 0.00689800
66.80417000 0.01588200
33.20699000 0.02735000
16.92816000 0.02662100
8.69622900 -0.01085800
4.35051000 -0.07985300
2.11652300 -0.10612700
0.99538700 -0.06888300
0.37811200 0.18438500
0.13457900 0.56178800
11 1 15
24411.98000000 0.00000500
5778.51800000 0.00004200
1876.86200000 0.00023800
718.23610000 0.00108800
304.83270000 0.00382100
139.04530000 0.01164400
66.80417000 0.02616700
33.20699000 0.04675000
16.92816000 0.04330900
8.69622900 -0.01342900
4.35051000 -0.15389700
2.11652300 -0.16741300
0.99538700 -0.08499500
0.37811200 0.45081300
0.13457900 0.64086900
12 1 1
0.04628200 1.00000000
13 1 1
0.01592000 1.00000000
14 2 7
205.61770000 0.00234200
61.44981000 0.01860600
23.05689000 0.07710200
9.57773900 0.20202600
4.13373400 0.32945400
1.74751800 0.36097600
0.69956000 0.27165700
15 2 7
205.61770000 0.00327900
61.44981000 0.02617600
23.05689000 0.11136700
9.57773900 0.30458100
4.13373400 0.38629900
1.74751800 -0.05837500
0.69956000 -0.53887600
16 2 1
0.25160800 1.00000000
17 2 1
0.09049000 1.00000000
18 3 2
5.73440000 0.43113200
1.46150000 0.75464200
19 3 1
0.54861000 1.00000000

O-GALLIUM GA (AUG-CC-PVDZ) BASIS TYPE: 1
# 
14
1 0 13
485130.00000000 0.00020680
72719.00000000 0.00160470
16552.00000000 0.00834020
4687.80000000 0.03402480
1529.10000000 0.11116990
551.81000000 0.27539300
215.18000000 0.42126280
88.17400000 0.27389060
27.15400000 0.02837200
11.50300000 -0.00629310
3.30180000 0.00206060
1.33140000 -0.00092690
0.19316000 0.00022730
2 0 13
485130.00000000 -0.00006430
72719.00000000 -0.00049540
16552.00000000 -0.00262080
4687.80000000 -0.01068390
1529.10000000 -0.03741230
551.81000000 -0.10096360
215.18000000 -0.21451410
88.17400000 -0.17522970
27.15400000 0.48315990
11.50300000 0.63236770
3.30180000 0.06849420
1.33140000 -0.01187120
0.19316000 0.00266520
3 0 13
485130.00000000 0.00002450
72719.00000000 0.00018950
16552.00000000 0.00099640
4687.80000000 0.00410820
1529.10000000 0.01429380
551.81000000 0.03980340
215.18000000 0.08559400
88.17400000 0.07963050
27.15400000 -0.29391070
11.50300000 -0.52639140
3.30180000 0.58642490
1.33140000 0.67263470
0.19316000 0.02761230
4 0 13
485130.00000000 -0.00000570
72719.00000000 -0.00004400
16552.00000000 -0.00023050
4687.80000000 -0.00095440
1529.10000000 -0.00330550
551.81000000 -0.00928880
215.18000000 -0.01986440
88.17400000 -0.01908880
27.15400000 0.07323560
11.50300000 0.13415260
3.30180000 -0.18319290
1.33140000 -0.35713080
0.19316000 0.62460130
5 0 1
0.07089500 1.00000000
6 0 1
0.02434800 1.00000000
7 1 10
3248.60000000 0.00152600
769.97000000 0.01274860
248.20000000 0.06337420
93.36400000 0.20657750
38.25100000 0.40929630
16.42200000 0.39191830
6.79180000 0.10294410
2.83360000 -0.00072030
1.10620000 0.00209500
0.22250000 -0.00032900
8 1 10
3248.60000000 -0.00058030
769.97000000 -0.00486470
248.20000000 -0.02483940
93.36400000 -0.08417590
38.25100000 -0.18008850
16.42200000 -0.15855550
6.79180000 0.23553760
2.83360000 0.58205870
1.10620000 0.33666190
0.22250000 0.01719120
9 1 10
3248.60000000 0.00009500
769.97000000 0.00078320
248.20000000 0.00408550
93.36400000 0.01359870
38.25100000 0.03026950
16.42200000 0.02417900
6.79180000 -0.04237770
2.83360000 -0.12656610
1.10620000 -0.04994440
0.22250000 0.44941990
10 1 1
0.06177200 1.00000000
11 1 1
0.01516400 1.00000000
12 2 5
65.33700000 0.02738250
18.49700000 0.15108050
6.31500000 0.37492170
2.16350000 0.47507990
0.66675000 0.29827500
13 2 1
0.18840000 1.00000000
14 2 1
0.05370000 1.00000000

O-GERMANIUM GE (AUG-CC-PVDZ) BASIS TYPE: 1
# 
14
1 0 13
521800.00000000 0.00020450
78214.00000000 0.00158680
17803.00000000 0.00824800
5041.90000000 0.03366490
1644.50000000 0.11012490
593.43000000 0.27356070
231.36000000 0.42106700
94.76200000 0.27667910
29.27400000 0.02921800
12.45000000 -0.00659030
3.64630000 0.00224300
1.50250000 -0.00103820
0.24503000 0.00026950
2 0 13
521800.00000000 -0.00006380
78214.00000000 -0.00049160
17803.00000000 -0.00260020
5041.90000000 -0.01060800
1644.50000000 -0.03716020
593.43000000 -0.10057900
231.36000000 -0.21439770
94.76200000 -0.17826170
29.27400000 0.47774040
12.45000000 0.63559830
3.64630000 0.07221740
1.50250000 -0.01272650
0.24503000 0.00296080
3 0 13
521800.00000000 0.00002460
78214.00000000 0.00019000
17803.00000000 0.00099930
5041.90000000 0.00412000
1644.50000000 0.01435570
593.43000000 0.04003750
231.36000000 0.08657940
94.76200000 0.08158610
29.27400000 -0.29347700
12.45000000 -0.53679830
3.64630000 0.56379850
1.50250000 0.69471820
0.24503000 0.03157300
4 0 13
521800.00000000 -0.00000630
78214.00000000 -0.00004860
17803.00000000 -0.00025530
5041.90000000 -0.00105600
1644.50000000 -0.00366740
593.43000000 -0.01030530
231.36000000 -0.02222000
94.76200000 -0.02152750
29.27400000 0.08067520
12.45000000 0.15249580
3.64630000 -0.19805280
1.50250000 -0.40739540
0.24503000 0.64772880
5 0 1
0.09159400 1.00000000
6 0 1
0.03396100 1.00000000
7 1 10
3568.10000000 0.00145910
845.72000000 0.01221760
272.74000000 0.06104900
102.68000000 0.20080390
42.14800000 0.40389420
18.14900000 0.39700270
7.59340000 0.11054810
3.19640000 0.00007680
1.27430000 0.00212630
0.28258000 -0.00037440
8 1 10
3568.10000000 -0.00056300
845.72000000 -0.00473540
272.74000000 -0.02426430
102.68000000 -0.08309000
42.14800000 -0.18002470
18.14900000 -0.16632950
7.59340000 0.21937170
3.19640000 0.58202390
1.27430000 0.34777200
0.28258000 0.01924550
9 1 10
3568.10000000 0.00011150
845.72000000 0.00092120
272.74000000 0.00482730
102.68000000 0.01622720
42.14800000 0.03663540
18.14900000 0.03078670
7.59340000 -0.04806430
3.19640000 -0.15598040
1.27430000 -0.06323700
0.28258000 0.50408190
10 1 1
0.08409000 1.00000000
11 1 1
0.02394500 1.00000000
12 2 5
74.76200000 0.02576840
21.30200000 0.14544210
7.34360000 0.37137210
2.56510000 0.48000020
0.81970000 0.28968000
13 2 1
0.24700000 1.00000000
14 2 1
0.07710000 1.00000000

O-ARSENIC AS (AUG-CC-PVDZ) BASIS TYPE: 1
# 
14
1 0 13
559583.79000000 0.00020240
83879.33000000 0.00157090
19092.66800000 0.00816620
5407.39250000 0.03333990
1763.75590000 0.10917260
636.45672000 0.27188530
248.08843000 0.42085090
101.57851000 0.27922570
31.47551300 0.03003010
13.43728200 -0.00688040
4.00869000 0.00242400
1.68492900 -0.00114910
0.30001900 0.00030950
2 0 13
559583.79000000 -0.00006340
83879.33000000 -0.00048830
19092.66800000 -0.00258210
5407.39250000 -0.01054020
1763.75590000 -0.03693250
636.45672000 -0.10023550
248.08843000 -0.21429480
101.57851000 -0.18105260
31.47551300 0.47254100
13.43728200 0.63861940
4.00869000 0.07581070
1.68492900 -0.01352780
0.30001900 0.00319700
3 0 13
559583.79000000 0.00002460
83879.33000000 0.00019070
19092.66800000 0.00100310
5407.39250000 0.00413530
1763.75590000 0.01442590
636.45672000 0.04029620
248.08843000 0.08756700
101.57851000 0.08351780
31.47551300 -0.29329350
13.43728200 -0.54705200
4.00869000 0.54387380
1.68492900 0.71435910
0.30001900 0.03534430
4 0 13
559583.79000000 -0.00000680
83879.33000000 -0.00005250
19092.66800000 -0.00027560
5407.39250000 -0.00113890
1763.75590000 -0.00396460
636.45672000 -0.01114230
248.08843000 -0.02419910
101.57851000 -0.02363390
31.47551300 0.08663170
13.43728200 0.16858390
4.00869000 -0.20914250
1.68492900 -0.45009180
0.30001900 0.66039780
5 0 1
0.11358700 1.00000000
6 0 1
0.04115200 1.00000000
7 1 10
3886.35640000 0.00140970
921.20201000 0.01182770
297.19319000 0.05932800
111.97508000 0.19651150
46.03462100 0.39978910
19.87419400 0.40046530
8.38608800 0.11641960
3.55872800 0.00069180
1.44728200 0.00216330
0.34777900 -0.00041500
8 1 10
3886.35640000 -0.00055190
921.20201000 -0.00465500
297.19319000 -0.02391760
111.97508000 -0.08256270
46.03462100 -0.18067910
19.87419400 -0.17248480
8.38608800 0.20867000
3.55872800 0.58236220
1.44728200 0.35374650
0.34777900 0.02064390
9 1 10
3886.35640000 0.00012360
921.20201000 0.00102400
297.19319000 0.00538050
111.97508000 0.01824430
46.03462100 0.04159790
19.87419400 0.03629980
8.38608800 -0.05235690
3.55872800 -0.17916670
1.44728200 -0.07404770
0.34777900 0.53580940
10 1 1
0.10769900 1.00000000
11 1 1
0.03126800 1.00000000
12 2 5
84.42423400 0.02452880
24.18158900 0.14113400
8.40177700 0.36875790
2.98050200 0.48406260
0.97900300 0.28244340
13 2 1
0.30980000 1.00000000
14 2 1
0.10780000 1.00000000

O-SELENIUM SE (AUG-CC-PVDZ) BASIS TYPE: 1
# 
14
1 0 13
598990.00000000 0.00020040
89783.00000000 0.00155540
20435.00000000 0.00808720
5786.90000000 0.03303440
1887.30000000 0.10829240
680.97000000 0.27033610
265.39000000 0.42062360
108.63000000 0.28159220
33.76000000 0.03081100
14.46500000 -0.00716170
4.38900000 0.00260220
1.87830000 -0.00125830
0.35859000 0.00034650
2 0 13
598990.00000000 -0.00006290
89783.00000000 -0.00048500
20435.00000000 -0.00256440
5786.90000000 -0.01047610
1887.30000000 -0.03672230
680.97000000 -0.09992250
265.39000000 -0.21419730
108.63000000 -0.18365930
33.76000000 0.46754540
14.46500000 0.64147400
4.38900000 0.07925690
1.87830000 -0.01426970
0.35859000 0.00337920
3 0 13
598990.00000000 0.00002470
89783.00000000 0.00019130
20435.00000000 0.00100680
5786.90000000 0.00415140
1887.30000000 0.01449910
680.97000000 0.04056580
265.39000000 0.08853640
108.63000000 0.08542120
33.76000000 -0.29325810
14.46500000 -0.55707270
4.38900000 0.52614360
1.87830000 0.73203710
0.35859000 0.03882460
4 0 13
598990.00000000 -0.00000720
89783.00000000 -0.00005590
20435.00000000 -0.00029380
5786.90000000 -0.00121360
1887.30000000 -0.00423400
680.97000000 -0.01190350
265.39000000 -0.02602060
108.63000000 -0.02561480
33.76000000 0.09194270
14.46500000 0.18387000
4.38900000 -0.21884610
1.87830000 -0.48965240
0.35859000 0.67758180
5 0 1
0.13649000 1.00000000
6 0 1
0.04874700 1.00000000
7 1 10
4135.60000000 0.00141270
980.34000000 0.01185880
316.35000000 0.05951530
119.25000000 0.19722010
49.06800000 0.40074390
21.21200000 0.39947400
8.94620000 0.11533640
3.82360000 0.00022190
1.58830000 0.00228380
0.40969000 -0.00047560
8 1 10
4135.60000000 -0.00056100
980.34000000 -0.00473400
316.35000000 -0.02435040
119.25000000 -0.08410710
49.06800000 -0.18413840
21.21200000 -0.17350040
8.94620000 0.21672630
3.82360000 0.58500990
1.58830000 0.34168160
0.40969000 0.01991250
9 1 10
4135.60000000 0.00013660
980.34000000 0.00113080
316.35000000 0.00595810
119.25000000 0.02018660
49.06800000 0.04619390
21.21200000 0.03940500
8.94620000 -0.05928460
3.82360000 -0.20146630
1.58830000 -0.06878210
0.40969000 0.55959440
10 1 1
0.12459000 1.00000000
11 1 1
0.03549200 1.00000000
12 2 5
94.47200000 0.02349820
27.18000000 0.13751830
9.50680000 0.36648240
3.41680000 0.48747170
1.14790000 0.27657690
13 2 1
0.36820000 1.00000000
14 2 1
0.12830000 1.00000000

O-BROMINE BR (AUG-CC-PVDZ) BASIS TYPE: 1
# 
14
1 0 13
640100.00000000 0.00019840
95938.00000000 0.00154000
21833.00000000 0.00800960
6181.90000000 0.03273410
2015.70000000 0.10744800
727.10000000 0.26889460
283.28000000 0.42044110
115.91000000 0.28380410
36.12400000 0.03154550
15.53200000 -0.00742680
4.78570000 0.00277280
2.08170000 -0.00136350
0.42028000 0.00038120
2 0 13
640100.00000000 -0.00006250
95938.00000000 -0.00048160
21833.00000000 -0.00254660
6181.90000000 -0.01041120
2015.70000000 -0.03651790
727.10000000 -0.09962950
283.28000000 -0.21413100
115.91000000 -0.18609110
36.12400000 0.46282610
15.53200000 0.64411410
4.78570000 0.08255020
2.08170000 -0.01496940
0.42028000 0.00352880
3 0 13
640100.00000000 0.00002480
95938.00000000 0.00019190
21833.00000000 0.00101000
6181.90000000 0.00416590
2015.70000000 0.01456830
727.10000000 0.04083450
283.28000000 0.08948590
115.91000000 0.08727860
36.12400000 -0.29336440
15.53200000 -0.56671090
4.78570000 0.51056580
2.08170000 0.74772140
0.42028000 0.04215120
4 0 13
640100.00000000 -0.00000760
95938.00000000 -0.00005880
21833.00000000 -0.00030920
6181.90000000 -0.00127660
2015.70000000 -0.00446340
727.10000000 -0.01255750
283.28000000 -0.02761450
115.91000000 -0.02739450
36.12400000 0.09640940
15.53200000 0.19768710
4.78570000 -0.22666930
2.08170000 -0.52411650
0.42028000 0.68898650
5 0 1
0.16069000 1.00000000
6 0 1
0.05694600 1.00000000
7 1 10
4340.80000000 0.00144480
1028.90000000 0.01212880
332.02000000 0.06080770
125.16000000 0.20093580
51.51100000 0.40474190
22.28100000 0.39571510
9.34170000 0.11022130
4.01320000 -0.00090900
1.70020000 0.00248320
0.47194000 -0.00057440
8 1 10
4340.80000000 -0.00058190
1028.90000000 -0.00490650
332.02000000 -0.02525140
125.16000000 -0.08694450
51.51100000 -0.18934220
22.28100000 -0.17108820
9.34170000 0.23687550
4.01320000 0.58984000
1.70020000 0.31719440
0.47194000 0.01798330
9 1 10
4340.80000000 0.00015180
1028.90000000 0.00125630
332.02000000 0.00662240
125.16000000 0.02238160
51.51100000 0.05097170
22.28100000 0.04140090
9.34170000 -0.07039700
4.01320000 -0.22325400
1.70020000 -0.05641790
0.47194000 0.58080790
10 1 1
0.14421000 1.00000000
11 1 1
0.04104900 1.00000000
12 2 5
104.83000000 0.02265830
30.27200000 0.13458950
10.64900000 0.36471810
3.86960000 0.49041960
1.32390000 0.27138850
13 2 1
0.40980000 1.00000000
14 2 1
0.17190000 1.00000000

O-KRYPTON KR (AUG-CC-PVDZ) BASIS TYPE: 1
# 
14
1 0 13
681358.82000000 0.00019690
102126.48000000 0.00152860
23243.71000000 0.00795000
6582.00730000 0.03249380
2146.42860000 0.10672400
774.33782000 0.26757010
301.67020000 0.42018510
123.41184000 0.28580150
38.56755100 0.03224610
16.63737900 -0.00768280
5.19879500 0.00293930
2.29481400 -0.00146620
0.48521100 0.00041440
2 0 13
681358.82000000 -0.00006220
102126.48000000 -0.00047940
23243.71000000 -0.00253410
6582.00730000 -0.01036360
2146.42860000 -0.03635160
774.33782000 -0.09937370
301.67020000 -0.21406100
123.41184000 -0.18831920
38.56755100 0.45838160
16.63737900 0.64656640
5.19879500 0.08565790
2.29481400 -0.01561230
0.48521100 0.00364900
3 0 13
681358.82000000 0.00002490
102126.48000000 0.00019280
23243.71000000 0.00101490
6582.00730000 0.00418570
2146.42860000 0.01464590
774.33782000 0.04110700
301.67020000 0.09039550
123.41184000 0.08906230
38.56755100 -0.29357180
16.63737900 -0.57596980
5.19879500 0.49685780
2.29481400 0.76168950
0.48521100 0.04532670
4 0 13
681358.82000000 -0.00000790
102126.48000000 -0.00006140
23243.71000000 -0.00032300
6582.00730000 -0.00133300
2146.42860000 -0.00466720
774.33782000 -0.01313520
301.67020000 -0.02903420
123.41184000 -0.02901730
38.56755100 0.10026640
16.63737900 0.21038180
5.19879500 -0.23324710
2.29481400 -0.55464970
0.48521100 0.69695220
5 0 1
0.18627000 1.00000000
6 0 1
0.06514500 1.00000000
7 1 10
4474.26990000 0.00151950
1060.57900000 0.01274240
342.20812000 0.06364650
128.99842000 0.20856350
53.08722200 0.41224230
22.95942500 0.38781030
9.50730000 0.10038200
4.08305500 -0.00250780
1.75044600 0.00271390
0.52919000 -0.00069770
8 1 10
4474.26990000 -0.00062080
1060.57900000 -0.00522120
342.20812000 -0.02684630
128.99842000 -0.09158230
53.08722200 -0.19681640
22.95942500 -0.16347500
9.50730000 0.27382040
4.08305500 0.59815920
1.75044600 0.27504530
0.52919000 0.01277060
9 1 10
4474.26990000 0.00017010
1060.57900000 0.00140640
342.20812000 0.00739630
128.99842000 0.02482540
53.08722200 0.05571550
22.95942500 0.04121320
9.50730000 -0.08760570
4.08305500 -0.24405860
1.75044600 -0.02950070
0.52919000 0.60122950
10 1 1
0.16436900 1.00000000
11 1 1
0.04660600 1.00000000
12 2 5
115.52532000 0.02195570
33.46524600 0.13216200
11.83045900 0.36334840
4.33977100 0.49295820
1.50752400 0.26675600
13 2 1
0.50300000 1.00000000
14 2 1
0.21550000 1.00000000

