O-B_11 B_11 (13S) BASIS TYPE: 2
# (1S)-[1S]
13
1 0 1
292590.54838867 1.00000000
2 0 1
630367.22741468 1.00000000
3 0 1
1358085.02218130 1.00000000
4 0 1
2925905.48375682 1.00000000
5 0 1
6303672.27386692 1.00000000
6 0 1
13580850.22121007 1.00000000
7 0 1
29259054.83626914 1.00000000
8 0 1
63036722.73587050 1.00000000
9 0 1
135808502.20607111 1.00000000
10 0 1
292590548.34970117 1.00000000
11 0 1
630367227.33071840 1.00000000
12 0 1
1358085022.00041580 1.00000000
13 0 1
2925905483.36710930 1.00000000

O-U- U- (13S) BASIS TYPE: 2
# (1S)-[1S]
13
1 0 1
2993.53898867 1.00000000
2 0 1
6449.38424306 1.00000000
3 0 1
13894.77714239 1.00000000
4 0 1
29935.38988539 1.00000000
5 0 1
64493.84242776 1.00000000
6 0 1
138947.77141776 1.00000000
7 0 1
299353.89884061 1.00000000
8 0 1
644938.42424895 1.00000000
9 0 1
1389477.71411588 1.00000000
10 0 1
2993538.98827316 1.00000000
11 0 1
6449384.24220320 1.00000000
12 0 1
13894777.14054193 1.00000000
13 0 1
29935389.88140254 1.00000000

