  cc-pV5Z  EMSL  Basis Set Exchange Library   7/13/12 9:15 PM 
 Elements                             References 
 H      : T.H. Dunning, Jr. J. Chem. Phys. 90, 1007 (1989). 
 He     : D.E. Woon and T.H. Dunning, Jr. J. Chem. Phys. 100, 2975 (1994). 
 Li     : Unofficial set from D. Feller. 
 B  - Ne: T.H. Dunning, Jr. J. Chem. Phys. 90, 1007 (1989). 
 Na - Mg: Unofficial set from D. Feller. 
 Al - Ar: D.E. Woon and T.H. Dunning, Jr.  J. Chem. Phys. 98, 1358 (1993). 
 Ca     : J. Koput and K.A. Peterson, J. Phys. Chem. A, 106, 9595 (2002). 
 Sc - Zn: N.B. Balabanov and K.A. Peterson, J. Chem. Phys., 123, 064107 (2005) 
 Ga - Kr: A.K. Wilson, D.E. Woon,K.A. Peterson, T.H.Dunning, Jr., J. Chem. Phys. 110, 7667 (1999) 
  
O-HYDROGEN H (CC-PV5Z) BASIS TYPE: 1
# 
15
1 0 4
402.00000000 0.00027900
60.24000000 0.00216500
13.73000000 0.01120100
3.90500000 0.04487800
2 0 1
1.28300000 1.00000000
3 0 1
0.46550000 1.00000000
4 0 1
0.18110000 1.00000000
5 0 1
0.07279000 1.00000000
6 1 1
4.51600000 1.00000000
7 1 1
1.71200000 1.00000000
8 1 1
0.64900000 1.00000000
9 1 1
0.24600000 1.00000000
10 2 1
2.95000000 1.00000000
11 2 1
1.20600000 1.00000000
12 2 1
0.49300000 1.00000000
13 3 1
2.50600000 1.00000000
14 3 1
0.87500000 1.00000000
15 4 1
2.35800000 1.00000000

O-HYDROGEN EA- (CC-PV5Z) BASIS TYPE: 1
# 
15
1 0 4
402.00000000 0.00027900
60.24000000 0.00216500
13.73000000 0.01120100
3.90500000 0.04487800
2 0 1
1.28300000 1.00000000
3 0 1
0.46550000 1.00000000
4 0 1
0.18110000 1.00000000
5 0 1
0.07279000 1.00000000
6 1 1
4.51600000 1.00000000
7 1 1
1.71200000 1.00000000
8 1 1
0.64900000 1.00000000
9 1 1
0.24600000 1.00000000
10 2 1
2.95000000 1.00000000
11 2 1
1.20600000 1.00000000
12 2 1
0.49300000 1.00000000
13 3 1
2.50600000 1.00000000
14 3 1
0.87500000 1.00000000
15 4 1
2.35800000 1.00000000


O-HELIUM HE (CC-PV5Z) BASIS TYPE: 1
# 
15
1 0 4
1145.00000000 0.00035900
171.70000000 0.00277100
39.07000000 0.01425100
11.04000000 0.05556600
2 0 1
3.56600000 1.00000000
3 0 1
1.24000000 1.00000000
4 0 1
0.44730000 1.00000000
5 0 1
0.16400000 1.00000000
6 1 1
10.15300000 1.00000000
7 1 1
3.62700000 1.00000000
8 1 1
1.29600000 1.00000000
9 1 1
0.46300000 1.00000000
10 2 1
7.66600000 1.00000000
11 2 1
2.64700000 1.00000000
12 2 1
0.91400000 1.00000000
13 3 1
5.41100000 1.00000000
14 3 1
1.70700000 1.00000000
15 4 1
3.43000000 1.00000000

O-LITHIUM LI (CC-PV5Z) BASIS TYPE: 1
# 
21
1 0 10
29493.00000000 0.00001800
4417.10100000 0.00014100
1005.22300000 0.00073900
284.70090000 0.00310700
92.86543000 0.01113500
33.51179000 0.03467000
13.04180000 0.09217100
5.35753600 0.19957600
2.27933800 0.32883600
0.99399000 0.34597500
2 0 10
29493.00000000 -0.00000300
4417.10100000 -0.00002200
1005.22300000 -0.00011500
284.70090000 -0.00048700
92.86543000 -0.00174600
33.51179000 -0.00552000
13.04180000 -0.01492800
5.35753600 -0.03420600
2.27933800 -0.06215500
0.99399000 -0.09590200
3 0 1
0.43347100 1.00000000
4 0 1
0.09556600 1.00000000
5 0 1
0.04465700 1.00000000
6 0 1
0.02063300 1.00000000
7 1 3
11.25000000 0.00131200
2.50000000 0.00991800
0.65000000 0.03754200
8 1 1
0.25000000 1.00000000
9 1 1
0.10000000 1.00000000
10 1 1
0.03900000 1.00000000
11 1 1
0.01700000 1.00000000
12 2 1
0.55000000 1.00000000
13 2 1
0.29000000 1.00000000
14 2 1
0.14000000 1.00000000
15 2 1
0.06100000 1.00000000
16 3 1
0.35000000 1.00000000
17 3 1
0.22000000 1.00000000
18 3 1
0.11000000 1.00000000
19 4 1
0.32000000 1.00000000
20 4 1
0.16000000 1.00000000
