  cc-pVTZ  EMSL  Basis Set Exchange Library   7/13/12 9:17 PM 
 Elements                             References 
 H     : T.H. Dunning, Jr. J. Chem. Phys. 90, 1007 (1989). 
 He    : D.E. Woon and T.H. Dunning, Jr. J. Chem. Phys. 100, 2975 (1994). 
 Li - Ne: T.H. Dunning, Jr. J. Chem. Phys. 90, 1007 (1989). 
 Na - Mg: D.E. Woon and T.H. Dunning, Jr.  (to be published) 
 Al - Ar: D.E. Woon and T.H. Dunning, Jr.  J. Chem. Phys. 98, 1358 (1993). 
 Ca     : J. Koput and K.A. Peterson, J. Phys. Chem. A, 106, 9595 (2002). 
 Sc - Zn: N.B. Balabanov and K.A. Peterson, J. Chem. Phys, 123, 064107 (2005) 
 Ga - Kr: A.K. Wilson, D.E. Woon, K.A. Peterson, T.H. Dunning, Jr., J. Chem. Phys., 110, 7667 (1999) 
  
O-HYDROGEN H (CC-PVTZ) BASIS TYPE: 1
# 
6
1 0 3
33.87000000 0.00606800
5.09500000 0.04530800
1.15900000 0.20282200
2 0 1
0.32580000 1.00000000
3 0 1
0.10270000 1.00000000
4 1 1
1.40700000 1.00000000
5 1 1
0.38800000 1.00000000
6 2 1
1.05700000 1.00000000

O-HELIUM HE (CC-PVTZ) BASIS TYPE: 1
# 
6
1 0 4
234.00000000 0.00258700
35.16000000 0.01953300
7.98900000 0.09099800
2.21200000 0.27205000
2 0 1
0.66690000 1.00000000
3 0 1
0.20890000 1.00000000
4 1 1
3.04400000 1.00000000
5 1 1
0.75800000 1.00000000
6 2 1
1.96500000 1.00000000

O-LITHIUM LI (CC-PVTZ) BASIS TYPE: 1
# 
10
1 0 9
5988.00000000 0.00013300
898.90000000 0.00102500
205.90000000 0.00527200
59.24000000 0.02092900
19.87000000 0.06634000
7.40600000 0.16577500
2.93000000 0.31503800
1.18900000 0.39352300
0.47980000 0.19087000
2 0 9
5988.00000000 -0.00002100
898.90000000 -0.00016100
205.90000000 -0.00082000
59.24000000 -0.00332600
19.87000000 -0.01051900
7.40600000 -0.02809700
2.93000000 -0.05593600
1.18900000 -0.09923700
0.47980000 -0.11218900
3 0 1
0.07509000 1.00000000
4 0 1
0.02832000 1.00000000
5 1 3
3.26600000 0.00863000
0.65110000 0.04753800
0.16960000 0.20977200
6 1 1
0.05578000 1.00000000
7 1 1
0.02050000 1.00000000
8 2 1
0.18740000 1.00000000
9 2 1
0.08010000 1.00000000
10 3 1
0.18290000 1.00000000

O-BERYLLIUM BE (CC-PVTZ) BASIS TYPE: 1
# 
10
1 0 9
6863.00000000 0.00023600
1030.00000000 0.00182600
234.70000000 0.00945200
66.56000000 0.03795700
21.69000000 0.11996500
7.73400000 0.28216200
2.91600000 0.42740400
1.13000000 0.26627800
0.11010000 -0.00727500
2 0 9
6863.00000000 -0.00004300
1030.00000000 -0.00033300
234.70000000 -0.00173600
66.56000000 -0.00701200
21.69000000 -0.02312600
7.73400000 -0.05813800
2.91600000 -0.11455600
1.13000000 -0.13590800
0.11010000 0.57744100
3 0 1
0.25770000 1.00000000
4 0 1
0.04409000 1.00000000
5 1 3
7.43600000 0.01073600
1.57700000 0.06285400
0.43520000 0.24818000
6 1 1
0.14380000 1.00000000
7 1 1
0.04994000 1.00000000
8 2 1
0.34800000 1.00000000
9 2 1
0.18030000 1.00000000
10 3 1
0.32500000 1.00000000

O-BORON B (CC-PVTZ) BASIS TYPE: 1
# 
10
1 0 8
5473.00000000 0.00055500
820.90000000 0.00429100
186.80000000 0.02194900
52.83000000 0.08444100
17.08000000 0.23855700
5.99900000 0.43507200
2.20800000 0.34195500
0.24150000 -0.00954500
2 0 8
5473.00000000 -0.00011200
820.90000000 -0.00086800
186.80000000 -0.00448400
52.83000000 -0.01768300
17.08000000 -0.05363900
5.99900000 -0.11900500
2.20800000 -0.16582400
0.24150000 0.59598100
3 0 1
0.58790000 1.00000000
4 0 1
0.08610000 1.00000000
5 1 3
12.05000000 0.01311800
2.61300000 0.07989600
0.74750000 0.27727500
6 1 1
0.23850000 1.00000000
7 1 1
0.07698000 1.00000000
8 2 1
0.66100000 1.00000000
9 2 1
0.19900000 1.00000000
10 3 1
0.49000000 1.00000000

O-CARBON C (CC-PVTZ) BASIS TYPE: 1
# 
10
1 0 8
8236.00000000 0.00053100
1235.00000000 0.00410800
280.80000000 0.02108700
79.27000000 0.08185300
25.59000000 0.23481700
8.99700000 0.43440100
3.31900000 0.34612900
0.36430000 -0.00898300
2 0 8
8236.00000000 -0.00011300
1235.00000000 -0.00087800
280.80000000 -0.00454000
79.27000000 -0.01813300
25.59000000 -0.05576000
8.99700000 -0.12689500
3.31900000 -0.17035200
0.36430000 0.59868400
3 0 1
0.90590000 1.00000000
4 0 1
0.12850000 1.00000000
5 1 3
18.71000000 0.01403100
4.13300000 0.08686600
1.20000000 0.29021600
6 1 1
0.38270000 1.00000000
7 1 1
0.12090000 1.00000000
8 2 1
1.09700000 1.00000000
9 2 1
0.31800000 1.00000000
10 3 1
0.76100000 1.00000000

O-NITROGEN N (CC-PVTZ) BASIS TYPE: 1
# 
10
1 0 8
11420.00000000 0.00052300
1712.00000000 0.00404500
389.30000000 0.02077500
110.00000000 0.08072700
35.57000000 0.23307400
12.54000000 0.43350100
4.64400000 0.34747200
0.51180000 -0.00850800
2 0 8
11420.00000000 -0.00011500
1712.00000000 -0.00089500
389.30000000 -0.00462400
110.00000000 -0.01852800
35.57000000 -0.05733900
12.54000000 -0.13207600
4.64400000 -0.17251000
0.51180000 0.59994400
3 0 1
1.29300000 1.00000000
4 0 1
0.17870000 1.00000000
5 1 3
26.63000000 0.01467000
5.94800000 0.09176400
1.74200000 0.29868300
6 1 1
0.55500000 1.00000000
7 1 1
0.17250000 1.00000000
8 2 1
1.65400000 1.00000000
9 2 1
0.46900000 1.00000000
10 3 1
1.09300000 1.00000000

O-OXYGEN O (CC-PVTZ) BASIS TYPE: 1
# 
10
1 0 8
15330.00000000 0.00050800
2299.00000000 0.00392900
522.40000000 0.02024300
147.30000000 0.07918100
47.55000000 0.23068700
16.76000000 0.43311800
6.20700000 0.35026000
0.68820000 -0.00815400
2 0 8
15330.00000000 -0.00011500
2299.00000000 -0.00089500
522.40000000 -0.00463600
147.30000000 -0.01872400
47.55000000 -0.05846300
16.76000000 -0.13646300
6.20700000 -0.17574000
0.68820000 0.60341800
3 0 1
1.75200000 1.00000000
4 0 1
0.23840000 1.00000000
5 1 3
34.46000000 0.01592800
7.74900000 0.09974000
2.28000000 0.31049200
6 1 1
0.71560000 1.00000000
7 1 1
0.21400000 1.00000000
8 2 1
2.31400000 1.00000000
9 2 1
0.64500000 1.00000000
10 3 1
1.42800000 1.00000000

O-FLUORINE F (CC-PVTZ) BASIS TYPE: 1
# 
10
1 0 8
19500.00000000 0.00050700
2923.00000000 0.00392300
664.50000000 0.02020000
187.50000000 0.07901000
60.62000000 0.23043900
21.42000000 0.43287200
7.95000000 0.34996400
0.88150000 -0.00789200
2 0 8
19500.00000000 -0.00011700
2923.00000000 -0.00091200
664.50000000 -0.00471700
187.50000000 -0.01908600
60.62000000 -0.05965500
21.42000000 -0.14001000
7.95000000 -0.17678200
0.88150000 0.60504300
3 0 1
2.25700000 1.00000000
4 0 1
0.30410000 1.00000000
5 1 3
43.88000000 0.01666500
9.92600000 0.10447200
2.93000000 0.31726000
6 1 1
0.91320000 1.00000000
7 1 1
0.26720000 1.00000000
8 2 1
3.10700000 1.00000000
9 2 1
0.85500000 1.00000000
10 3 1
1.91700000 1.00000000

O-NEON NE (CC-PVTZ) BASIS TYPE: 1
# 
10
1 0 8
24350.00000000 0.00050200
3650.00000000 0.00388100
829.60000000 0.01999700
234.00000000 0.07841800
75.61000000 0.22967600
26.73000000 0.43272200
9.92700000 0.35064200
1.10200000 -0.00764500
2 0 8
24350.00000000 -0.00011800
3650.00000000 -0.00091500
829.60000000 -0.00473700
234.00000000 -0.01923300
75.61000000 -0.06036900
26.73000000 -0.14250800
9.92700000 -0.17771000
1.10200000 0.60583600
3 0 1
2.83600000 1.00000000
4 0 1
0.37820000 1.00000000
5 1 3
54.70000000 0.01715100
12.43000000 0.10765600
3.67900000 0.32168100
6 1 1
1.14300000 1.00000000
7 1 1
0.33000000 1.00000000
8 2 1
4.01400000 1.00000000
9 2 1
1.09600000 1.00000000
10 3 1
2.54400000 1.00000000

O-SODIUM NA (CC-PVTZ) BASIS TYPE: 1
# 
12
1 0 14
423000.00000000 0.00001806
63340.00000000 0.00014043
14410.00000000 0.00073844
4077.00000000 0.00311182
1328.00000000 0.01120810
478.60000000 0.03528280
186.20000000 0.09598970
76.92000000 0.21373500
33.32000000 0.34868800
15.00000000 0.32456600
6.86900000 0.11263300
2.68300000 0.00706797
1.10900000 0.00059801
0.06015000 -0.00000531
2 0 14
423000.00000000 -0.00000441
63340.00000000 -0.00003434
14410.00000000 -0.00018011
4077.00000000 -0.00076390
1328.00000000 -0.00275248
478.60000000 -0.00886016
186.20000000 -0.02479390
76.92000000 -0.06059950
33.32000000 -0.11644600
15.00000000 -0.16243700
6.86900000 -0.04388910
2.68300000 0.33791700
1.10900000 0.56134700
0.06015000 0.00406754
3 0 14
423000.00000000 0.00000066
63340.00000000 0.00000516
14410.00000000 0.00002712
4077.00000000 0.00011464
1328.00000000 0.00041512
478.60000000 0.00132978
186.20000000 0.00375595
76.92000000 0.00914025
33.32000000 0.01798590
15.00000000 0.02514770
6.86900000 0.00763522
2.68300000 -0.06145890
1.10900000 -0.11572100
0.06015000 0.62640600
4 0 1
0.45400000 1.00000000
5 0 1
0.02382000 1.00000000
6 1 8
243.30000000 0.00224392
57.39000000 0.01739970
18.10000000 0.07741250
6.57500000 0.21910200
2.52100000 0.37852200
0.96070000 0.39490200
0.35120000 0.16042400
0.09827000 0.00233311
7 1 8
243.30000000 -0.00022240
57.39000000 -0.00174277
18.10000000 -0.00775456
6.57500000 -0.02251870
2.52100000 -0.03843300
0.96070000 -0.04501770
0.35120000 -0.01921320
0.09827000 0.18269700
8 1 1
0.03734000 1.00000000
9 1 1
0.01500000 1.00000000
10 2 1
0.13670000 1.00000000
11 2 1
0.06360000 1.00000000
12 3 1
0.13970000 1.00000000

O-MAGNESIUM MG (CC-PVTZ) BASIS TYPE: 1
# 
12
1 0 13
164900.00000000 0.00007299
24710.00000000 0.00056665
5628.00000000 0.00296269
1596.00000000 0.01229620
521.00000000 0.04273240
188.00000000 0.12301300
73.01000000 0.27483200
29.90000000 0.40181800
12.54000000 0.26469700
4.30600000 0.03326120
1.82600000 -0.00441335
0.74170000 0.00206024
0.07612000 0.00070820
2 0 13
164900.00000000 -0.00001842
24710.00000000 -0.00014350
5628.00000000 -0.00074871
1596.00000000 -0.00314407
521.00000000 -0.01104810
188.00000000 -0.03360580
73.01000000 -0.08259460
29.90000000 -0.15931400
12.54000000 -0.15288800
4.30600000 0.19084900
1.82600000 0.57996400
0.74170000 0.37202900
0.07612000 -0.01193440
3 0 13
164900.00000000 0.00000355
24710.00000000 0.00002764
5628.00000000 0.00014440
1596.00000000 0.00060574
521.00000000 0.00213527
188.00000000 0.00649934
73.01000000 0.01614460
29.90000000 0.03157660
12.54000000 0.03163740
4.30600000 -0.04391400
1.82600000 -0.15109300
0.74170000 -0.21766800
0.07612000 0.54724500
4 0 1
0.14570000 1.00000000
5 0 1
0.03310000 1.00000000
6 1 8
316.90000000 0.00207532
74.86000000 0.01628690
23.72000000 0.07386970
8.66900000 0.21429700
3.36300000 0.38215400
1.31000000 0.39817800
0.49110000 0.15287800
0.23640000 -0.00437540
7 1 8
316.90000000 -0.00032973
74.86000000 -0.00258754
23.72000000 -0.01191200
8.66900000 -0.03502270
3.36300000 -0.06399680
1.31000000 -0.07044360
0.49110000 -0.03758360
0.23640000 0.17704300
8 1 1
0.08733000 1.00000000
9 1 1
0.03237000 1.00000000
10 2 1
0.12600000 1.00000000
11 2 1
0.29400000 1.00000000
12 3 1
0.25200000 1.00000000

O-ALUMINUM AL (CC-PVTZ) BASIS TYPE: 1
# 
12
1 0 13
205500.00000000 0.00006788
30780.00000000 0.00052715
7006.00000000 0.00276203
1985.00000000 0.01147280
649.10000000 0.03981880
235.00000000 0.11504000
91.62000000 0.26088700
37.67000000 0.39638600
15.91000000 0.28459700
5.85000000 0.04445830
2.54200000 -0.00489838
1.05700000 0.00261253
0.14550000 0.00072207
2 0 13
205500.00000000 -0.00001764
30780.00000000 -0.00013720
7006.00000000 -0.00071891
1985.00000000 -0.00301146
649.10000000 -0.01060140
235.00000000 -0.03213450
91.62000000 -0.08031560
37.67000000 -0.15679400
15.91000000 -0.16837600
5.85000000 0.12687900
2.54200000 0.56149400
1.05700000 0.43661300
0.14550000 -0.01145630
3 0 13
205500.00000000 0.00000407
30780.00000000 0.00003166
7006.00000000 0.00016612
1985.00000000 0.00069499
649.10000000 0.00245511
235.00000000 0.00744598
91.62000000 0.01882530
37.67000000 0.03727720
15.91000000 0.04194960
5.85000000 -0.03543750
2.54200000 -0.17513200
1.05700000 -0.27620300
0.14550000 0.65280900
4 0 1
0.29310000 1.00000000
5 0 1
0.05650000 1.00000000
6 1 7
444.40000000 0.00162786
105.10000000 0.01306870
33.47000000 0.06123410
12.33000000 0.18787000
4.86900000 0.36045200
1.96100000 0.40845400
0.18880000 0.00976514
7 1 7
444.40000000 -0.00028634
105.10000000 -0.00242308
33.47000000 -0.01086580
12.33000000 -0.03643070
4.86900000 -0.06410740
1.96100000 -0.09722390
0.18880000 0.50344800
8 1 1
0.78340000 1.00000000
9 1 1
0.05557000 1.00000000
10 2 1
0.10900000 1.00000000
11 2 1
0.33300000 1.00000000
12 3 1
0.24400000 1.00000000

O-SILICON SI (CC-PVTZ) BASIS TYPE: 1
# 
12
1 0 13
254900.00000000 0.00006251
38190.00000000 0.00048555
8690.00000000 0.00254516
2462.00000000 0.01058660
804.80000000 0.03687870
291.30000000 0.10747900
113.60000000 0.24793600
46.75000000 0.39092700
19.82000000 0.30202600
7.70800000 0.05592360
3.34000000 -0.00402406
1.40200000 0.00258030
0.20700000 0.00060793
2 0 13
254900.00000000 -0.00001664
38190.00000000 -0.00012931
8690.00000000 -0.00067883
2462.00000000 -0.00284117
804.80000000 -0.01005510
291.30000000 -0.03057740
113.60000000 -0.07772560
46.75000000 -0.15423600
19.82000000 -0.18036800
7.70800000 0.07982180
3.34000000 0.54744100
1.40200000 0.48011900
0.20700000 -0.01069960
3 0 13
254900.00000000 0.00000426
38190.00000000 0.00003311
8690.00000000 0.00017401
2462.00000000 0.00072757
804.80000000 0.00258333
291.30000000 0.00786354
113.60000000 0.02021550
46.75000000 0.04073200
19.82000000 0.04993580
7.70800000 -0.02493960
3.34000000 -0.19035000
1.40200000 -0.31835000
0.20700000 0.68118000
4 0 1
0.43870000 1.00000000
5 0 1
0.07944000 1.00000000
6 1 7
481.50000000 0.00192045
113.90000000 0.01535520
36.23000000 0.07139910
13.34000000 0.21305200
5.25200000 0.39035400
2.12000000 0.39372100
0.25280000 0.00395630
7 1 7
481.50000000 -0.00040522
113.90000000 -0.00335896
36.23000000 -0.01528600
13.34000000 -0.04892180
5.25200000 -0.08550080
2.12000000 -0.11213700
0.25280000 0.55191900
8 1 1
0.85610000 1.00000000
9 1 1
0.07889000 1.00000000
10 2 1
0.15900000 1.00000000
11 2 1
0.48100000 1.00000000
12 3 1
0.33600000 1.00000000

O-PHOSPHOROUS P (CC-PVTZ) BASIS TYPE: 1
# 
12
1 0 13
312400.00000000 0.00005770
46800.00000000 0.00044830
10650.00000000 0.00234939
3018.00000000 0.00978265
986.80000000 0.03414670
357.40000000 0.10020400
139.60000000 0.23437200
57.63000000 0.38243400
24.60000000 0.31808800
10.12000000 0.07077880
4.28300000 -0.00181799
1.80500000 0.00216180
0.27820000 0.00043230
2 0 13
312400.00000000 -0.00001567
46800.00000000 -0.00012172
10650.00000000 -0.00063967
3018.00000000 -0.00267426
986.80000000 -0.00949831
357.40000000 -0.02893490
139.60000000 -0.07451210
57.63000000 -0.14993800
24.60000000 -0.18946700
10.12000000 0.03632700
4.28300000 0.52881600
1.80500000 0.51911500
0.27820000 -0.00925695
3 0 13
312400.00000000 0.00000431
46800.00000000 0.00003342
10650.00000000 0.00017589
3018.00000000 0.00073434
986.80000000 0.00261775
357.40000000 0.00797852
139.60000000 0.02079400
57.63000000 0.04244460
24.60000000 0.05634360
10.12000000 -0.01273580
4.28300000 -0.19649500
1.80500000 -0.35355500
0.27820000 0.70091200
4 0 1
0.61580000 1.00000000
5 0 1
0.10550000 1.00000000
6 1 7
504.90000000 0.00233728
119.40000000 0.01854100
37.96000000 0.08496930
13.95000000 0.24461500
5.45700000 0.42276600
2.17700000 0.36843900
0.28770000 -0.00379005
7 1 7
504.90000000 -0.00055524
119.40000000 -0.00445913
37.96000000 -0.02063500
13.95000000 -0.06176940
5.45700000 -0.10892400
2.17700000 -0.10559900
0.28770000 0.57698100
8 1 1
0.80100000 1.00000000
9 1 1
0.09714000 1.00000000
10 2 1
0.21600000 1.00000000
11 2 1
0.65200000 1.00000000
12 3 1
0.45200000 1.00000000

O-SULFUR S (CC-PVTZ) BASIS TYPE: 1
# 
12
1 0 13
374100.00000000 0.00005421
56050.00000000 0.00042085
12760.00000000 0.00220698
3615.00000000 0.00919258
1183.00000000 0.03211230
428.80000000 0.09466830
167.80000000 0.22363000
69.47000000 0.37439300
29.84000000 0.32910800
12.72000000 0.08470380
5.24400000 0.00044085
2.21900000 0.00164827
0.34900000 0.00030131
2 0 13
374100.00000000 -0.00001498
56050.00000000 -0.00011620
12760.00000000 -0.00061158
3615.00000000 -0.00255370
1183.00000000 -0.00908708
428.80000000 -0.02770450
167.80000000 -0.07200200
69.47000000 -0.14643900
29.84000000 -0.19515000
12.72000000 0.00819193
5.24400000 0.51660100
2.21900000 0.54217800
0.34900000 -0.00918072
3 0 13
374100.00000000 0.00000435
56050.00000000 0.00003371
12760.00000000 0.00017767
3615.00000000 0.00074112
1183.00000000 0.00264591
428.80000000 0.00807487
167.80000000 0.02122760
69.47000000 0.04383230
29.84000000 0.06127160
12.72000000 -0.00361510
5.24400000 -0.20451000
2.21900000 -0.38187100
0.34900000 0.71414700
4 0 1
0.77670000 1.00000000
5 0 1
0.13220000 1.00000000
6 1 7
574.40000000 0.00242264
135.80000000 0.01927960
43.19000000 0.08854010
15.87000000 0.25465400
6.20800000 0.43398400
2.48300000 0.35495300
0.32290000 -0.00502977
7 1 7
574.40000000 -0.00062010
135.80000000 -0.00493882
43.19000000 -0.02326470
15.87000000 -0.06851950
6.20800000 -0.12389600
2.48300000 -0.09694990
0.32290000 0.56939400
8 1 1
0.86880000 1.00000000
9 1 1
0.10980000 1.00000000
10 2 1
0.26900000 1.00000000
11 2 1
0.81900000 1.00000000
12 3 1
0.55700000 1.00000000

O-CHLORINE CL (CC-PVTZ) BASIS TYPE: 1
# 
12
1 0 13
456100.00000000 0.00004930
68330.00000000 0.00038303
15550.00000000 0.00200854
4405.00000000 0.00838558
1439.00000000 0.02947030
520.40000000 0.08783250
203.10000000 0.21147300
83.96000000 0.36536400
36.20000000 0.34088400
15.83000000 0.10213300
6.33400000 0.00311675
2.69400000 0.00105751
0.43130000 0.00015614
2 0 13
456100.00000000 -0.00001383
68330.00000000 -0.00010728
15550.00000000 -0.00056508
4405.00000000 -0.00236135
1439.00000000 -0.00845886
520.40000000 -0.02596380
203.10000000 -0.06863620
83.96000000 -0.14187400
36.20000000 -0.19931900
15.83000000 -0.01956620
6.33400000 0.49974100
2.69400000 0.56373600
0.43130000 -0.00835091
3 0 13
456100.00000000 0.00000419
68330.00000000 0.00003244
15550.00000000 0.00017111
4405.00000000 0.00071418
1439.00000000 0.00256705
520.40000000 0.00788552
203.10000000 0.02108670
83.96000000 0.04422640
36.20000000 0.06516700
15.83000000 0.00603012
6.33400000 -0.20649500
2.69400000 -0.40587100
0.43130000 0.72566100
4 0 1
0.97680000 1.00000000
5 0 1
0.16250000 1.00000000
6 1 7
663.30000000 0.00240448
156.80000000 0.01921480
49.98000000 0.08850970
18.42000000 0.25602000
7.24000000 0.43692700
2.92200000 0.35033400
0.38180000 -0.00458423
7 1 7
663.30000000 -0.00065215
156.80000000 -0.00519445
49.98000000 -0.02469380
18.42000000 -0.07281670
7.24000000 -0.13403000
2.92200000 -0.09477420
0.38180000 0.56466700
8 1 1
1.02200000 1.00000000
9 1 1
0.13010000 1.00000000
10 2 1
1.04600000 1.00000000
11 2 1
0.34400000 1.00000000
12 3 1
0.70600000 1.00000000

O-ARGON AR (CC-PVTZ) BASIS TYPE: 1
# 
12
1 0 13
545000.00000000 0.00004558
81640.00000000 0.00035411
18580.00000000 0.00185797
5261.00000000 0.00776851
1717.00000000 0.02742320
619.90000000 0.08238360
241.60000000 0.20123000
99.79000000 0.35678100
43.15000000 0.34956300
19.14000000 0.11826600
7.48800000 0.00560190
3.20500000 0.00048347
0.52040000 0.00002920
2 0 13
545000.00000000 -0.00001296
81640.00000000 -0.00010043
18580.00000000 -0.00052958
5261.00000000 -0.00221396
1717.00000000 -0.00796845
619.90000000 -0.02458030
241.60000000 -0.06577980
99.79000000 -0.13794200
43.15000000 -0.20163000
19.14000000 -0.04128340
7.48800000 0.48468000
3.20500000 0.57922400
0.52040000 -0.00727553
3 0 13
545000.00000000 0.00000405
81640.00000000 0.00003137
18580.00000000 0.00016565
5261.00000000 0.00069166
1717.00000000 0.00249790
619.90000000 0.00771074
241.60000000 0.02087140
99.79000000 0.04439650
43.15000000 0.06802240
19.14000000 0.01413500
7.48800000 -0.20748900
3.20500000 -0.42504500
0.52040000 0.73362700
4 0 1
1.19600000 1.00000000
5 0 1
0.19540000 1.00000000
6 1 7
761.80000000 0.00236976
180.20000000 0.01901990
57.50000000 0.08808070
21.24000000 0.25637700
8.38800000 0.43871100
3.41600000 0.34756900
0.45230000 -0.00523882
7 1 7
761.80000000 -0.00066721
180.20000000 -0.00532717
57.50000000 -0.02554940
21.24000000 -0.07571970
8.38800000 -0.14113300
3.41600000 -0.09327680
0.45230000 0.56245000
8 1 1
1.20600000 1.00000000
9 1 1
0.15450000 1.00000000
10 2 1
0.41000000 1.00000000
11 2 1
1.25400000 1.00000000
12 3 1
0.89000000 1.00000000

O-CALCIUM CA (CC-PVTZ) BASIS TYPE: 1
# 
15
1 0 18
2402654.00000000 0.00000931
359789.80000000 0.00007239
81878.09000000 0.00038059
23190.89000000 0.00160453
7565.21200000 0.00580780
2730.70200000 0.01859566
1064.64000000 0.05287776
441.06050000 0.13015149
191.72690000 0.25931471
86.53774000 0.36149610
39.89924000 0.26411160
17.64065000 0.05709398
8.35999000 -0.00182200
3.95133000 0.00211164
1.71340000 -0.00097709
0.81086000 0.00045581
0.36025000 -0.00019146
0.04484000 -0.00007874
2 0 18
2402654.00000000 -0.00000270
359789.80000000 -0.00002102
81878.09000000 -0.00011052
23190.89000000 -0.00046666
7565.21200000 -0.00169513
2730.70200000 -0.00548346
1064.64000000 -0.01596597
441.06050000 -0.04151384
191.72690000 -0.09286387
86.53774000 -0.16531657
39.89924000 -0.17664074
17.64065000 0.06444422
8.35999000 0.51087962
3.95133000 0.49463804
1.71340000 0.08750094
0.81086000 -0.00359101
0.36025000 0.00249220
0.04484000 0.00064587
3 0 18
2402654.00000000 0.00000093
359789.80000000 0.00000725
81878.09000000 0.00003811
23190.89000000 0.00016101
7565.21200000 0.00058466
2730.70200000 0.00189504
1064.64000000 0.00552525
441.06050000 0.01447010
191.72690000 0.03271581
86.53774000 0.06003190
39.89924000 0.06701683
17.64065000 -0.02593660
8.35999000 -0.26747467
3.95133000 -0.42697256
1.71340000 0.06796405
0.81086000 0.71020539
0.36025000 0.44180057
0.04484000 -0.01186924
4 0 18
2402654.00000000 -0.00000022
359789.80000000 -0.00000173
81878.09000000 -0.00000910
23190.89000000 -0.00003844
7565.21200000 -0.00013965
2730.70200000 -0.00045251
1064.64000000 -0.00132038
441.06050000 -0.00345841
191.72690000 -0.00783686
86.53774000 -0.01441517
39.89924000 -0.01621648
17.64065000 0.00634420
8.35999000 0.06740626
3.95133000 0.11447396
1.71340000 -0.02634477
0.81086000 -0.23369885
0.36025000 -0.31607538
0.04484000 0.56111035
5 0 1
0.08108000 1.00000000
6 0 1
0.02143000 1.00000000
7 1 12
4061.28900000 0.00019799
962.24650000 0.00173208
312.16860000 0.00953379
118.71440000 0.03839012
49.80670000 0.11675881
22.25998000 0.25626874
10.28764000 0.37978080
4.86115400 0.30829326
2.24877300 0.08592090
1.03366200 0.00212067
0.46413200 0.00128880
0.06739000 0.00014728
8 1 12
4061.28900000 -0.00006455
962.24650000 -0.00056458
312.16860000 -0.00313125
118.71440000 -0.01274086
49.80670000 -0.03991403
22.25998000 -0.09050448
10.28764000 -0.14261898
4.86115400 -0.10980904
2.24877300 0.15162490
1.03366200 0.46176411
0.46413200 0.43260031
0.06739000 0.00252874
9 1 12
4061.28900000 0.00001336
962.24650000 0.00011852
312.16860000 0.00064872
118.71440000 0.00267993
49.80670000 0.00828513
22.25998000 0.01921235
10.28764000 0.02954984
4.86115400 0.02431232
2.24877300 -0.04111230
1.03366200 -0.10419758
0.46413200 -0.15036537
0.06739000 0.59861164
10 1 1
0.19875000 1.00000000
11 1 1
0.02542000 1.00000000
12 2 4
16.94623000 0.01547300
4.47212000 0.07887400
1.43809000 0.20878000
0.46699000 0.33021300
13 2 1
0.14151000 1.00000000
14 2 1
0.04164000 1.00000000
15 3 1
0.15090000 1.00000000

O-SCANDIUM SC (CC-PVTZ) BASIS TYPE: 1
# 
20
1 0 19
2715278.00000000 0.00000815
406598.40000000 0.00006335
92530.04000000 0.00033304
26207.92000000 0.00140405
8549.42900000 0.00508172
3085.97500000 0.01626926
1203.17200000 0.04624577
498.48690000 0.11372230
216.73600000 0.22576360
97.87476000 0.31067000
45.20433000 0.21919060
20.21187000 0.07215879
9.57475100 0.11870300
4.54034600 0.12205320
1.99568700 0.02136795
0.94221500 -0.00053572
0.41784500 0.00024358
0.09576100 -0.00008797
0.05135100 0.00007878
2 0 19
2715278.00000000 -0.00000472
406598.40000000 -0.00003672
92530.04000000 -0.00019309
26207.92000000 -0.00081469
8549.42900000 -0.00295553
3085.97500000 -0.00952003
1203.17200000 -0.02746858
498.48690000 -0.06991528
216.73600000 -0.14992510
97.87476000 -0.24591530
45.20433000 -0.24012930
20.21187000 0.03567987
9.57475100 0.49150230
4.54034600 0.49113810
1.99568700 0.09120633
0.94221500 -0.00535672
0.41784500 0.00088128
0.09576100 -0.00076055
0.05135100 0.00063401
3 0 19
2715278.00000000 0.00000091
406598.40000000 0.00000711
92530.04000000 0.00003738
26207.92000000 0.00015788
8549.42900000 0.00057377
3085.97500000 0.00185924
1203.17200000 0.00543318
498.48690000 0.01425387
216.73600000 0.03246144
97.87476000 0.06003454
45.20433000 0.06916105
20.21187000 -0.02113084
9.57475100 -0.26668320
4.54034600 -0.43675910
1.99568700 0.06498243
0.94221500 0.70095990
0.41784500 0.45155620
0.09576100 0.03011910
0.05135100 -0.01329480
4 0 19
2715278.00000000 -0.00000022
406598.40000000 -0.00000171
92530.04000000 -0.00000901
26207.92000000 -0.00003800
8549.42900000 -0.00013832
3085.97500000 -0.00044737
1203.17200000 -0.00131069
498.48690000 -0.00342986
216.73600000 -0.00784758
97.87476000 -0.01447189
45.20433000 -0.01690669
20.21187000 0.00539611
9.57475100 0.06671062
4.54034600 0.11783560
1.99568700 -0.02738134
0.94221500 -0.22601490
0.41784500 -0.30735390
0.09576100 0.25440540
0.05135100 0.59815900
5 0 19
2715278.00000000 -0.00000038
406598.40000000 -0.00000298
92530.04000000 -0.00001523
26207.92000000 -0.00006685
8549.42900000 -0.00023131
3085.97500000 -0.00079597
1203.17200000 -0.00216196
498.48690000 -0.00620646
216.73600000 -0.01261905
97.87476000 -0.02739459
45.20433000 -0.02336516
20.21187000 -0.00573463
9.57475100 0.15360250
4.54034600 0.14471000
1.99568700 0.09359699
0.94221500 -0.86877300
0.41784500 0.02114597
0.09576100 2.27549800
0.05135100 -1.19077000
6 0 19
2715278.00000000 -0.00000060
406598.40000000 -0.00000482
92530.04000000 -0.00002395
26207.92000000 -0.00010903
8549.42900000 -0.00036019
3085.97500000 -0.00131123
1203.17200000 -0.00332243
498.48690000 -0.01037520
216.73600000 -0.01892174
97.87476000 -0.04755287
45.20433000 -0.02931692
20.21187000 -0.03090088
9.57475100 0.30745970
4.54034600 0.18031000
1.99568700 0.23581780
0.94221500 -2.38854400
0.41784500 2.32940700
0.09576100 0.99182520
0.05135100 -3.50724000
7 0 1
0.02387800 1.00000000
8 1 15
10592.19000000 0.00004500
2507.53300000 0.00040100
814.45710000 0.00230200
311.51950000 0.01003700
131.96170000 0.03495400
59.98718000 0.09790900
28.66250000 0.21068000
14.10851000 0.33009300
7.10370600 0.33102700
3.60920000 0.15796000
1.77607000 0.02209900
0.85476000 -0.00160500
0.40223900 -0.00132600
0.15466500 -0.00028000
0.06494500 0.00003400
9 1 15
10592.19000000 -0.00001500
2507.53300000 -0.00013100
814.45710000 -0.00075700
311.51950000 -0.00331800
131.96170000 -0.01170600
59.98718000 -0.03360400
28.66250000 -0.07487900
14.10851000 -0.12254800
7.10370600 -0.13027600
3.60920000 0.01459600
1.77607000 0.30918400
0.85476000 0.46299800
0.40223900 0.30495700
0.15466500 0.05087800
0.06494500 -0.00449300
10 1 15
10592.19000000 -0.00000400
2507.53300000 -0.00003200
814.45710000 -0.00018500
311.51950000 -0.00080800
131.96170000 -0.00287000
59.98718000 -0.00820700
28.66250000 -0.01847300
14.10851000 -0.03010100
7.10370600 -0.03294300
3.60920000 0.00795800
1.77607000 0.08799300
0.85476000 0.15237700
0.40223900 0.09717000
0.15466500 -0.25693800
0.06494500 -0.58781500
11 1 15
10592.19000000 0.00000400
2507.53300000 0.00003900
814.45710000 0.00022100
311.51950000 0.00098400
131.96170000 0.00342300
59.98718000 0.00999300
28.66250000 0.02191600
14.10851000 0.03700800
7.10370600 0.03779400
3.60920000 -0.00437900
1.77607000 -0.11016400
0.85476000 -0.16101700
0.40223900 -0.18248200
0.15466500 0.38861100
0.06494500 0.69110000
12 1 15
10592.19000000 0.00000900
2507.53300000 0.00007400
814.45710000 0.00047900
311.51950000 0.00186900
131.96170000 0.00742400
59.98718000 0.01876300
28.66250000 0.04871700
14.10851000 0.06544000
7.10370600 0.10794800
3.60920000 -0.05871300
1.77607000 -0.17030600
0.85476000 -0.75497700
0.40223900 0.62011700
0.15466500 1.16754800
0.06494500 -1.00953100
13 1 1
0.02635900 1.00000000
14 2 7
50.51380000 0.00426600
14.74050000 0.02770800
5.19500000 0.10000100
2.02846000 0.23158100
0.80408600 0.34603300
0.30768900 0.37337400
0.11139200 0.26428800
15 2 7
50.51380000 -0.00438900
14.74050000 -0.02836300
5.19500000 -0.10513700
2.02846000 -0.23485400
0.80408600 -0.32460900
0.30768900 -0.06428900
0.11139200 0.60174900
16 2 7
50.51380000 0.00585900
14.74050000 0.03732300
5.19500000 0.14192400
2.02846000 0.30689600
0.80408600 0.30818900
0.30768900 -0.76071700
0.11139200 -0.20477500
17 2 1
0.03735200 1.00000000
18 3 1
0.72670000 1.00000000
19 3 1
0.16650000 1.00000000
20 4 1
0.41870000 1.00000000

O-TITANIUM TI (CC-PVTZ) BASIS TYPE: 1
# 
20
1 0 19
3014643.00000000 0.00000806
451432.90000000 0.00006268
102733.80000000 0.00032950
29098.17000000 0.00138920
9492.33000000 0.00502847
3426.34600000 0.01610419
1335.89600000 0.04581232
553.50260000 0.11286130
240.69250000 0.22481930
108.72930000 0.31145710
50.26457000 0.22249950
22.58004000 0.07293128
10.71432000 0.11606830
5.09354600 0.11947740
2.24418300 0.02097868
1.05957000 -0.00050917
0.46884900 0.00022179
0.10614300 -0.00007637
0.05526200 0.00007720
2 0 19
3014643.00000000 -0.00000463
451432.90000000 -0.00003600
102733.80000000 -0.00018934
29098.17000000 -0.00079888
9492.33000000 -0.00289870
3426.34600000 -0.00933970
1335.89600000 -0.02697464
553.50260000 -0.06878913
240.69250000 -0.14810370
108.72930000 -0.24452530
50.26457000 -0.24199160
22.58004000 0.03183790
10.71432000 0.49326860
5.09354600 0.49396550
2.24418300 0.09196313
1.05957000 -0.00531699
0.46884900 0.00080856
0.10614300 -0.00069185
0.05526200 0.00060865
3 0 19
3014643.00000000 0.00000092
451432.90000000 0.00000718
102733.80000000 0.00003775
29098.17000000 0.00015945
9492.33000000 0.00057951
3426.34600000 0.00187841
1335.89600000 0.00549275
553.50260000 0.01443297
240.69250000 0.03296408
108.72930000 0.06125493
50.26457000 0.07134113
22.58004000 -0.01973150
10.71432000 -0.27418690
5.09354600 -0.44409770
2.24418300 0.07776084
1.05957000 0.70684440
0.46884900 0.44138920
0.10614300 0.02799769
0.05526200 -0.01210790
4 0 19
3014643.00000000 -0.00000022
451432.90000000 -0.00000169
102733.80000000 -0.00000892
29098.17000000 -0.00003764
9492.33000000 -0.00013696
3426.34600000 -0.00044329
1335.89600000 -0.00129887
553.50260000 -0.00340675
240.69250000 -0.00781083
108.72930000 -0.01449245
50.26457000 -0.01708136
22.58004000 0.00489767
10.71432000 0.06753108
5.09354600 0.11733180
2.24418300 -0.02985025
1.05957000 -0.22776340
0.46884900 -0.29281150
0.10614300 0.26653000
0.05526200 0.59124060
5 0 19
3014643.00000000 -0.00000040
451432.90000000 -0.00000316
102733.80000000 -0.00001609
29098.17000000 -0.00007093
9492.33000000 -0.00024427
3426.34600000 -0.00084579
1335.89600000 -0.00228221
553.50260000 -0.00661987
240.69250000 -0.01335024
108.72930000 -0.02955830
50.26457000 -0.02477039
22.58004000 -0.00841462
10.71432000 0.16938550
5.09354600 0.15007870
2.24418300 0.09787777
1.05957000 -0.96536080
0.46884900 0.14897210
0.10614300 2.19117900
0.05526200 -1.24332500
6 0 19
3014643.00000000 -0.00000063
451432.90000000 -0.00000508
102733.80000000 -0.00002534
29098.17000000 -0.00011483
9492.33000000 -0.00038175
3426.34600000 -0.00137965
1335.89600000 -0.00353167
553.50260000 -0.01092225
240.69250000 -0.02029554
108.72930000 -0.05024404
50.26457000 -0.03316309
22.58004000 -0.03098063
10.71432000 0.32446730
5.09354600 0.21556890
2.24418300 0.14996160
1.05957000 -2.42074100
0.46884900 2.53087400
0.10614300 0.34236000
0.05526200 -2.73372200
7 0 1
0.02546500 1.00000000
8 1 15
11912.03000000 0.00004400
2819.94700000 0.00039100
915.94790000 0.00224800
350.38420000 0.00982300
148.48250000 0.03433800
67.53944000 0.09666600
32.30332000 0.20941700
15.92786000 0.33018900
8.03803500 0.33193600
4.09391600 0.15848800
2.02239000 0.02231000
0.97610200 -0.00156600
0.45959500 -0.00132400
0.17715200 -0.00027100
0.07351700 0.00003200
9 1 15
11912.03000000 -0.00001500
2819.94700000 -0.00013100
915.94790000 -0.00075500
350.38420000 -0.00331900
148.48250000 -0.01175000
67.53944000 -0.03392200
32.30332000 -0.07616400
15.92786000 -0.12570200
8.03803500 -0.13309800
4.09391600 0.01740600
2.02239000 0.31516500
0.97610200 0.46181400
0.45959500 0.29985600
0.17715200 0.05000000
0.07351700 -0.00423000
10 1 15
11912.03000000 0.00000400
2819.94700000 0.00003100
915.94790000 0.00018200
350.38420000 0.00079500
148.48250000 0.00283300
67.53944000 0.00815400
32.30332000 0.01847200
15.92786000 0.03040000
8.03803500 0.03304700
4.09391600 -0.00825100
2.02239000 -0.08855400
0.97610200 -0.14961200
0.45959500 -0.09422700
0.17715200 0.25084600
0.07351700 0.58664300
11 1 15
11912.03000000 0.00000400
2819.94700000 0.00003900
915.94790000 0.00022300
350.38420000 0.00099200
148.48250000 0.00347600
67.53944000 0.01017200
32.30332000 0.02257600
15.92786000 0.03823800
8.03803500 0.03933700
4.09391600 -0.00610600
2.02239000 -0.11296200
0.97610200 -0.16811400
0.45959500 -0.16593200
0.17715200 0.39140300
0.07351700 0.68184000
12 1 15
11912.03000000 0.00000900
2819.94700000 0.00007300
915.94790000 0.00046800
350.38420000 0.00185600
148.48250000 0.00729300
67.53944000 0.01885600
32.30332000 0.04840500
15.92786000 0.06737800
8.03803500 0.10454100
4.09391600 -0.05376000
2.02239000 -0.19174900
0.97610200 -0.69472000
0.45959500 0.56016200
0.17715200 1.18133600
0.07351700 -0.99327200
13 1 1
0.02940100 1.00000000
14 2 7
64.01300000 0.00388700
18.81790000 0.02639900
6.72870000 0.09751100
2.66413000 0.23284800
1.07868000 0.35315200
0.42320900 0.37218600
0.15599900 0.24767200
15 2 7
64.01300000 -0.00397000
18.81790000 -0.02687300
6.72870000 -0.10227500
2.66413000 -0.23772800
1.07868000 -0.31211400
0.42320900 -0.04237800
0.15599900 0.58865800
16 2 7
64.01300000 0.00641800
18.81790000 0.04380900
6.72870000 0.17232500
2.66413000 0.37533200
1.07868000 0.22494700
0.42320900 -0.79190700
0.15599900 -0.10442800
17 2 1
0.05188400 1.00000000
18 3 1
1.24830000 1.00000000
19 3 1
0.28360000 1.00000000
20 4 1
0.72510000 1.00000000

O-VANADIUM V (CC-PVTZ) BASIS TYPE: 1
# 
20
1 0 19
3321857.00000000 0.00000804
497435.60000000 0.00006251
113202.70000000 0.00032866
32063.33000000 0.00138570
10459.62000000 0.00501622
3775.50600000 0.01606931
1472.04000000 0.04574242
609.93310000 0.11285440
265.26340000 0.22543440
119.86070000 0.31404610
55.44891000 0.22678190
24.98372000 0.07334069
11.88056000 0.11024740
5.66031100 0.11313580
2.49570300 0.01971295
1.17786600 -0.00047191
0.52004400 0.00018616
0.11596500 -0.00006209
0.05893800 0.00007295
2 0 19
3321857.00000000 -0.00000450
497435.60000000 -0.00003501
113202.70000000 -0.00018413
32063.33000000 -0.00077692
10459.62000000 -0.00281950
3775.50600000 -0.00908749
1472.04000000 -0.02627134
609.93310000 -0.06712726
265.26340000 -0.14511300
119.86070000 -0.24124830
55.44891000 -0.24163140
24.98372000 0.03067362
11.88056000 0.49704150
5.66031100 0.49588750
2.49570300 0.09181868
1.17786600 -0.00539251
0.52004400 0.00071024
0.11596500 -0.00063631
0.05893800 0.00059799
3 0 19
3321857.00000000 0.00000093
497435.60000000 0.00000725
113202.70000000 0.00003812
32063.33000000 0.00016102
10459.62000000 0.00058522
3775.50600000 0.00189750
1472.04000000 0.00555091
609.93310000 0.01460584
265.26340000 0.03342974
119.86070000 0.06235722
55.44891000 0.07312435
24.98372000 -0.01911472
11.88056000 -0.28172490
5.66031100 -0.44881510
2.49570300 0.09202696
1.17786600 0.71101170
0.52004400 0.43092740
0.11596500 0.02604589
0.05893800 -0.01101049
4 0 19
3321857.00000000 -0.00000022
497435.60000000 -0.00000168
113202.70000000 -0.00000883
32063.33000000 -0.00003728
10459.62000000 -0.00013561
3775.50600000 -0.00043924
1472.04000000 -0.00128695
609.93310000 -0.00338215
265.26340000 -0.00776565
119.86070000 -0.01447985
55.44891000 -0.01715502
24.98372000 0.00461010
11.88056000 0.06827831
5.66031100 0.11613680
2.49570300 -0.03277049
1.17786600 -0.22800000
0.52004400 -0.27939910
0.11596500 0.27711650
0.05893800 0.58529990
5 0 19
3321857.00000000 -0.00000041
497435.60000000 -0.00000326
113202.70000000 -0.00001656
32063.33000000 -0.00007317
10459.62000000 -0.00025128
3775.50600000 -0.00087327
1472.04000000 -0.00234765
609.93310000 -0.00685315
265.26340000 -0.01376420
119.86070000 -0.03084679
55.44891000 -0.02562208
24.98372000 -0.01005123
11.88056000 0.17953300
5.66031100 0.15224000
2.49570300 0.09483887
1.17786600 -1.01487600
0.52004400 0.23088100
0.11596500 2.11332100
0.05893800 -1.25304800
6 0 19
3321857.00000000 -0.00000065
497435.60000000 -0.00000527
113202.70000000 -0.00002632
32063.33000000 -0.00011887
10459.62000000 -0.00039686
3775.50600000 -0.00142746
1472.04000000 -0.00367918
609.93310000 -0.01130774
265.26340000 -0.02128221
119.86070000 -0.05218271
55.44891000 -0.03599014
24.98372000 -0.03088759
11.88056000 0.33806570
5.66031100 0.23895590
2.49570300 0.07609068
1.17786600 -2.40811300
0.52004400 2.63359200
0.11596500 -0.05358510
0.05893800 -2.23013500
7 0 1
0.02694600 1.00000000
8 1 15
13273.20000000 0.00004300
3142.12600000 0.00038400
1020.58800000 0.00221000
390.44070000 0.00967800
165.50430000 0.03393600
75.32006000 0.09591700
36.05503000 0.20885300
17.80436000 0.33066000
9.00292900 0.33231200
4.59454400 0.15818800
2.27676000 0.02225200
1.10117800 -0.00156500
0.51863800 -0.00135300
0.20056500 -0.00026500
0.08129100 0.00002900
9 1 15
13273.20000000 -0.00001500
3142.12600000 -0.00013100
1020.58800000 -0.00075500
390.44070000 -0.00332500
165.50430000 -0.01181100
75.32006000 -0.03425600
36.05503000 -0.07736300
17.80436000 -0.12845600
9.00292900 -0.13507800
4.59454400 0.02083800
2.27676000 0.32049900
1.10117800 0.46026000
0.51863800 0.29534600
0.20056500 0.04904600
0.08129100 -0.00382400
10 1 15
13273.20000000 0.00000400
3142.12600000 0.00003200
1020.58800000 0.00018300
390.44070000 0.00080200
165.50430000 0.00286200
75.32006000 0.00828700
36.05503000 0.01887000
17.80436000 0.03130700
9.00292900 0.03366000
4.59454400 -0.00947900
2.27676000 -0.09231300
1.10117800 -0.14898900
0.51863800 -0.08364400
0.20056500 0.24933900
0.08129100 0.58051500
11 1 15
13273.20000000 0.00000400
3142.12600000 0.00003900
1020.58800000 0.00022300
390.44070000 0.00099600
165.50430000 0.00349800
75.32006000 0.01029600
36.05503000 0.02296200
17.80436000 0.03920800
9.00292900 0.03994300
4.59454400 -0.00712100
2.27676000 -0.11622500
1.10117800 -0.16949600
0.51863800 -0.15537400
0.20056500 0.39502200
0.08129100 0.67890800
12 1 15
13273.20000000 0.00000900
3142.12600000 0.00007500
1020.58800000 0.00047900
390.44070000 0.00190600
165.50430000 0.00751200
75.32006000 0.01953000
36.05503000 0.05040200
17.80436000 0.07068500
9.00292900 0.10877500
4.59454400 -0.05853600
2.27676000 -0.21544800
1.10117800 -0.67734200
0.51863800 0.58597900
0.20056500 1.12910800
0.08129100 -0.97405100
13 1 1
0.03179500 1.00000000
14 2 7
77.61150000 0.00359500
22.91590000 0.02521000
8.27954000 0.09478600
3.30993000 0.23036300
1.35863000 0.35289400
0.54135000 0.37041400
0.20235600 0.24571800
15 2 7
77.61150000 -0.00381800
22.91590000 -0.02671700
8.27954000 -0.10369000
3.30993000 -0.24768900
1.35863000 -0.31152300
0.54135000 -0.02282700
0.20235600 0.56972600
16 2 7
77.61150000 0.00600100
22.91590000 0.04220600
8.27954000 0.17075100
3.30993000 0.38551800
1.35863000 0.20620400
0.54135000 -0.77866900
0.20235600 -0.11472100
17 2 1
0.06756800 1.00000000
18 3 1
1.77490000 1.00000000
19 3 1
0.41250000 1.00000000
20 4 1
1.13680000 1.00000000

O-CHROMIUM CR (CC-PVTZ) BASIS TYPE: 1
# 
20
1 0 19
6177194.00000000 0.00000413
924929.50000000 0.00003211
210486.50000000 0.00016884
59620.05000000 0.00071285
19450.76000000 0.00258932
7022.05600000 0.00837735
2738.76300000 0.02441725
1135.81400000 0.06365135
495.09230000 0.14276180
224.74870000 0.25412750
105.38360000 0.30095120
50.19359000 0.17665130
22.24957000 0.06936709
10.98265000 0.11795790
5.38366500 0.08916187
2.34368500 0.01103630
1.10520200 -0.00035460
0.48784800 0.00010573
0.08959900 0.00001115
2 0 19
6177194.00000000 -0.00000230
924929.50000000 -0.00001790
210486.50000000 -0.00009416
59620.05000000 -0.00039751
19450.76000000 -0.00144703
7022.05600000 -0.00469462
2738.76300000 -0.01382387
1135.81400000 -0.03674643
495.09230000 -0.08647185
224.74870000 -0.16967350
105.38360000 -0.25070890
50.19359000 -0.19611560
22.24957000 0.14572440
10.98265000 0.54667060
5.38366500 0.39794340
2.34368500 0.05277007
1.10520200 -0.00437454
0.48784800 0.00032040
0.08959900 -0.00005142
3 0 19
6177194.00000000 0.00000049
924929.50000000 0.00000378
210486.50000000 0.00001991
59620.05000000 0.00008389
19450.76000000 0.00030657
7022.05600000 0.00099441
2738.76300000 0.00296196
1135.81400000 0.00796947
495.09230000 0.01955017
224.74870000 0.04085035
105.38360000 0.06929003
50.19359000 0.06146984
22.24957000 -0.06981302
10.98265000 -0.35175970
5.38366500 -0.38286290
2.34368500 0.26764010
1.10520200 0.71759500
0.48784800 0.30208140
0.08959900 0.00774951
4 0 19
6177194.00000000 -0.00000011
924929.50000000 -0.00000085
210486.50000000 -0.00000452
59620.05000000 -0.00001892
19450.76000000 -0.00006974
7022.05600000 -0.00022379
2738.76300000 -0.00067545
1135.81400000 -0.00178935
495.09230000 -0.00447786
224.74870000 -0.00914014
105.38360000 -0.01610562
50.19359000 -0.01334870
22.24957000 0.01426027
10.98265000 0.08931690
5.38366500 0.08885279
2.34368500 -0.06368776
1.10520200 -0.27832620
0.48784800 -0.18300710
0.08959900 0.67909370
5 0 19
6177194.00000000 0.00000022
924929.50000000 0.00000161
210486.50000000 0.00000911
59620.05000000 0.00003501
19450.76000000 0.00014353
7022.05600000 0.00040359
2738.76300000 0.00142518
1135.81400000 0.00311401
495.09230000 0.00981445
224.74870000 0.01474698
105.38360000 0.03911512
50.19359000 0.00917089
22.24957000 0.01559878
10.98265000 -0.28168440
5.38366500 -0.00689526
2.34368500 -0.17697810
1.10520200 1.44306100
0.48784800 -1.02931800
0.08959900 -1.30766700
6 0 19
6177194.00000000 -0.00000037
924929.50000000 -0.00000277
210486.50000000 -0.00001521
59620.05000000 -0.00006066
19450.76000000 -0.00023750
7022.05600000 -0.00070771
2738.76300000 -0.00233439
1135.81400000 -0.00555506
495.09230000 -0.01585142
224.74870000 -0.02737888
105.38360000 -0.06106975
50.19359000 -0.02887227
22.24957000 0.00681371
10.98265000 0.43276700
5.38366500 0.19684100
2.34368500 -0.37646570
1.10520200 -2.05247300
0.48784800 2.97574100
0.08959900 -2.21170500
7 0 1
0.03342300 1.00000000
8 1 15
14454.20000000 0.00004400
3421.67600000 0.00038900
1111.38700000 0.00224100
425.19180000 0.00982100
180.26230000 0.03447100
82.06117000 0.09746000
39.29726000 0.21198500
19.41959000 0.33399000
9.82889900 0.33013700
5.01681000 0.15222700
2.48709100 0.02042500
1.19878000 -0.00136000
0.55869500 -0.00119500
0.20892400 -0.00019700
0.08460800 0.00002300
9 1 15
14454.20000000 -0.00001500
3421.67600000 -0.00013500
1111.38700000 -0.00077700
425.19180000 -0.00342700
180.26230000 -0.01218900
82.06117000 -0.03538800
39.29726000 -0.07991500
19.41959000 -0.13233500
9.82889900 -0.13540100
5.01681000 0.03200800
2.48709100 0.33384900
1.19878000 0.46177300
0.55869500 0.28129000
0.20892400 0.04184300
0.08460800 -0.00400200
10 1 15
14454.20000000 0.00000400
3421.67600000 0.00003200
1111.38700000 0.00018500
425.19180000 0.00081000
180.26230000 0.00290600
82.06117000 0.00839100
39.29726000 0.01919300
19.41959000 0.03156400
9.82889900 0.03341700
5.01681000 -0.01290700
2.48709100 -0.09365900
1.19878000 -0.14997700
0.55869500 -0.06723400
0.20892400 0.27075900
0.08460800 0.57580700
11 1 15
14454.20000000 0.00000400
3421.67600000 0.00004000
1111.38700000 0.00022900
425.19180000 0.00101900
180.26230000 0.00360200
82.06117000 0.01055000
39.29726000 0.02370200
19.41959000 0.03998800
9.82889900 0.04043700
5.01681000 -0.01207400
2.48709100 -0.11893900
1.19878000 -0.17810000
0.55869500 -0.12386500
0.20892400 0.42972200
0.08460800 0.65078600
12 1 15
14454.20000000 0.00001000
3421.67600000 0.00007900
1111.38700000 0.00051200
425.19180000 0.00202300
180.26230000 0.00805500
82.06117000 0.02077200
39.29726000 0.05422400
19.41959000 0.07468500
9.82889900 0.11598900
5.01681000 -0.07658400
2.48709100 -0.24393100
1.19878000 -0.68018100
0.55869500 0.73366400
0.20892400 0.99912000
0.08460800 -1.01708100
13 1 1
0.03325800 1.00000000
14 2 7
88.57680000 0.00362100
26.20450000 0.02576600
9.51747000 0.09755600
3.82248000 0.23631200
1.57512000 0.35828600
0.62892800 0.36854300
0.23442400 0.23549400
15 2 7
88.57680000 -0.00412200
26.20450000 -0.02930700
9.51747000 -0.11506200
3.82248000 -0.27306800
1.57512000 -0.31442300
0.62892800 0.04209700
0.23442400 0.59140300
16 2 7
88.57680000 0.00595400
26.20450000 0.04253200
9.51747000 0.17451100
3.82248000 0.39390000
1.57512000 0.14927900
0.62892800 -0.81024500
0.23442400 0.01091100
17 2 1
0.07681500 1.00000000
18 3 1
2.25100000 1.00000000
19 3 1
0.53150000 1.00000000
20 4 1
1.44590000 1.00000000

O-MANGANESE MN (CC-PVTZ) BASIS TYPE: 1
# 
20
1 0 19
3960805.00000000 0.00000824
593115.50000000 0.00006409
134976.80000000 0.00033693
38230.67000000 0.00142065
12471.54000000 0.00514368
4501.74300000 0.01648569
1755.21200000 0.04698560
727.30390000 0.11624370
316.36780000 0.23352770
143.00980000 0.32928370
66.21805000 0.24403040
29.91896000 0.07219806
14.30318000 0.07687806
6.83945100 0.07852235
3.01237400 0.01294109
1.41880800 -0.00037849
0.62362400 -0.00002503
0.13409800 -0.00002422
0.06554800 0.00003462
2 0 19
3960805.00000000 -0.00000394
593115.50000000 -0.00003060
134976.80000000 -0.00016096
38230.67000000 -0.00067923
12471.54000000 -0.00246618
4501.74300000 -0.00795763
1755.21200000 -0.02307248
727.30390000 -0.05932956
316.36780000 -0.12994510
143.00980000 -0.22123520
66.21805000 -0.22925500
29.91896000 0.03580733
14.30318000 0.51076020
6.83945100 0.50083070
3.01237400 0.09011830
1.41880800 -0.00690991
0.62362400 -0.00019129
0.13409800 -0.00060323
0.06554800 0.00056216
3 0 19
3960805.00000000 0.00000095
593115.50000000 0.00000736
134976.80000000 0.00003870
38230.67000000 0.00016351
12471.54000000 0.00059418
4501.74300000 0.00192774
1755.21200000 0.00564173
727.30390000 0.01487848
316.36780000 0.03414783
143.00980000 0.06405794
66.21805000 0.07557659
29.91896000 -0.01946070
14.30318000 -0.29578740
6.83945100 -0.45211700
3.01237400 0.12245310
1.41880800 0.71697560
0.62362400 0.40927120
0.13409800 0.02221969
0.06554800 -0.00901120
4 0 19
3960805.00000000 -0.00000021
593115.50000000 -0.00000163
134976.80000000 -0.00000857
38230.67000000 -0.00003619
12471.54000000 -0.00013161
4501.74300000 -0.00042668
1755.21200000 -0.00125027
727.30390000 -0.00329467
316.36780000 -0.00758186
143.00980000 -0.01422864
66.21805000 -0.01693796
29.91896000 0.00445430
14.30318000 0.06867042
6.83945100 0.11133350
3.01237400 -0.03900820
1.41880800 -0.22157550
0.62362400 -0.25443590
0.13409800 0.28658660
0.06554800 0.57557410
5 0 19
3960805.00000000 -0.00000041
593115.50000000 -0.00000328
134976.80000000 -0.00001667
38230.67000000 -0.00007370
12471.54000000 -0.00025295
4501.74300000 -0.00088014
1755.21200000 -0.00236548
727.30390000 -0.00692635
316.36780000 -0.01393851
143.00980000 -0.03143840
66.21805000 -0.02625749
29.91896000 -0.01048313
14.30318000 0.18564720
6.83945100 0.15248390
3.01237400 0.07411368
1.41880800 -1.01809700
0.62362400 0.29803720
0.13409800 1.97198900
0.06554800 -1.17925300
6 0 19
3960805.00000000 -0.00000068
593115.50000000 -0.00000546
134976.80000000 -0.00002744
38230.67000000 -0.00012303
12471.54000000 -0.00041463
4501.74300000 -0.00147515
1755.21200000 -0.00385914
727.30390000 -0.01168405
316.36780000 -0.02257185
143.00980000 -0.05399759
66.21805000 -0.04032351
29.91896000 -0.02742526
14.30318000 0.34855930
6.83945100 0.27578180
3.01237400 -0.05499812
1.41880800 -2.29254500
0.62362400 2.63564400
0.13409800 -0.33791130
0.06554800 -1.78960700
7 0 1
0.02958400 1.00000000
8 1 15
16205.86000000 0.00004200
3836.27400000 0.00037300
1246.04800000 0.00214900
476.75350000 0.00944500
202.18950000 0.03329700
92.09487000 0.09475900
44.14720000 0.20814400
21.85468000 0.33180500
11.08596000 0.33317500
5.67410800 0.15760100
2.82317000 0.02144500
1.36862100 -0.00255800
0.64443100 -0.00202700
0.24838200 -0.00036000
0.09725500 0.00003400
9 1 15
16205.86000000 -0.00001500
3836.27400000 -0.00012900
1246.04800000 -0.00074800
476.75350000 -0.00330800
202.18950000 -0.01181100
92.09487000 -0.03453300
44.14720000 -0.07878500
21.85468000 -0.13218300
11.08596000 -0.13719500
5.67410800 0.02707500
2.82317000 0.32889100
1.36862100 0.45728000
0.64443100 0.28890800
0.24838200 0.04743300
0.09725500 -0.00352200
10 1 15
16205.86000000 0.00000300
3836.27400000 0.00003000
1246.04800000 0.00017200
476.75350000 0.00076200
202.18950000 0.00272600
92.09487000 0.00797600
44.14720000 0.01828700
21.85468000 0.03077600
11.08596000 0.03237300
5.67410800 -0.00997800
2.82317000 -0.09052900
1.36862100 -0.13800400
0.64443100 -0.07796500
0.24838200 0.22956000
0.09725500 0.57612200
11 1 15
16205.86000000 0.00000400
3836.27400000 0.00004000
1246.04800000 0.00022600
476.75350000 0.00101300
202.18950000 0.00357500
92.09487000 0.01061200
44.14720000 0.02390200
21.85468000 0.04127900
11.08596000 0.04147500
5.67410800 -0.00945800
2.82317000 -0.12369500
1.36862100 -0.17439200
0.64443100 -0.12917000
0.24838200 0.40034800
0.09725500 0.66964600
12 1 15
16205.86000000 0.00001000
3836.27400000 0.00008100
1246.04800000 0.00051200
476.75350000 0.00207100
202.18950000 0.00811100
92.09487000 0.02155700
44.14720000 0.05531600
21.85468000 0.08026300
11.08596000 0.11773000
5.67410800 -0.06506900
2.82317000 -0.28291400
1.36862100 -0.64916600
0.64443100 0.69256700
0.24838200 0.97899000
0.09725500 -0.92135700
13 1 1
0.03663300 1.00000000
14 2 7
100.66300000 0.00357900
29.83360000 0.02582700
10.88940000 0.09855900
4.39358000 0.23832700
1.81782000 0.35870700
0.72782700 0.36509200
0.27129500 0.23373800
15 2 7
100.66300000 -0.00345400
29.83360000 -0.02492500
10.88940000 -0.09763500
4.39358000 -0.23669200
1.81782000 -0.29235000
0.72782700 -0.00497300
0.27129500 0.50658800
16 2 7
100.66300000 0.00568500
29.83360000 0.04117100
10.88940000 0.16932200
4.39358000 0.38591200
1.81782000 0.18690900
0.72782700 -0.67811300
0.27129500 -0.25826000
17 2 1
0.08830900 1.00000000
18 3 1
2.73820000 1.00000000
19 3 1
0.65430000 1.00000000
20 4 1
1.73350000 1.00000000

O-IRON FE (CC-PVTZ) BASIS TYPE: 1
# 
20
1 0 19
4316265.00000000 0.00000805
646342.40000000 0.00006258
147089.70000000 0.00032902
41661.52000000 0.00138736
13590.77000000 0.00502326
4905.75000000 0.01610140
1912.74600000 0.04590034
792.60430000 0.11361540
344.80650000 0.22838690
155.89990000 0.32211590
72.23091000 0.23836610
32.72506000 0.07404667
15.66762000 0.09214197
7.50348300 0.09339790
3.31222300 0.01573965
1.55847100 -0.00041867
0.68391400 0.00005376
0.14675700 -0.00003817
0.07058300 0.00004320
2 0 19
4316265.00000000 -0.00000416
646342.40000000 -0.00003231
147089.70000000 -0.00016995
41661.52000000 -0.00071714
13590.77000000 -0.00260363
4905.75000000 -0.00839911
1912.74600000 -0.02434109
792.60430000 -0.06251948
344.80650000 -0.13659290
155.89990000 -0.23127070
72.23091000 -0.23837340
32.72506000 0.03123837
15.66762000 0.50868180
7.50348300 0.49876950
3.31222300 0.09033552
1.55847100 -0.00600534
0.68391400 0.00023125
0.14675700 -0.00056437
0.07058300 0.00049923
3 0 19
4316265.00000000 0.00000095
646342.40000000 0.00000741
147089.70000000 0.00003898
41661.52000000 0.00016472
13590.77000000 0.00059860
4905.75000000 0.00194239
1912.74600000 0.00568724
792.60430000 0.01501329
344.80650000 0.03452455
155.89990000 0.06495820
72.23091000 0.07716194
32.72506000 -0.01873411
15.66762000 -0.30091850
7.50348300 -0.45546610
3.31222300 0.12864630
1.55847100 0.71833160
0.68391400 0.40517430
0.14675700 0.02168227
0.07058300 -0.00834357
4 0 19
4316265.00000000 -0.00000021
646342.40000000 -0.00000160
147089.70000000 -0.00000844
41661.52000000 -0.00003563
13590.77000000 -0.00012960
4905.75000000 -0.00042015
1912.74600000 -0.00123195
792.60430000 -0.00324892
344.80650000 -0.00749372
155.89990000 -0.01410102
72.23091000 -0.01691600
32.72506000 0.00421900
15.66762000 0.06833810
7.50348300 0.10982010
3.31222300 -0.04009005
1.55847100 -0.21747390
0.68391400 -0.24651350
0.14675700 0.27314350
0.07058300 0.57483210
5 0 19
4316265.00000000 -0.00000040
646342.40000000 -0.00000319
147089.70000000 -0.00001623
41661.52000000 -0.00007158
13590.77000000 -0.00024640
4905.75000000 -0.00085449
1912.74600000 -0.00230759
792.60430000 -0.00672829
344.80650000 -0.01366165
155.89990000 -0.03062240
72.23091000 -0.02631137
32.72506000 -0.00976018
15.66762000 0.18019060
7.50348300 0.15296340
3.31222300 0.05505413
1.55847100 -0.95513640
0.68391400 0.25868130
0.14675700 1.83404900
0.07058300 -0.93332400
6 0 19
4316265.00000000 -0.00000070
646342.40000000 -0.00000557
147089.70000000 -0.00002814
41661.52000000 -0.00012524
13590.77000000 -0.00042608
4905.75000000 -0.00149906
1912.74600000 -0.00397910
792.60430000 -0.01185686
344.80650000 -0.02346734
155.89990000 -0.05467736
72.23091000 -0.04393820
32.72506000 -0.02376103
15.66762000 0.34359280
7.50348300 0.31929600
3.31222300 -0.13432070
1.55847100 -2.22102000
0.68391400 2.57114200
0.14675700 -0.22924040
0.07058300 -1.83245200
7 0 1
0.03144900 1.00000000
8 1 15
17745.69000000 0.00004100
4200.72100000 0.00036900
1364.42900000 0.00212900
522.08060000 0.00936900
221.45950000 0.03309700
100.90960000 0.09443100
48.40115000 0.20807700
23.98536000 0.33233300
12.18250000 0.33298700
6.24229800 0.15684300
3.11094400 0.02154900
1.50995800 -0.00209500
0.71084500 -0.00173900
0.27319000 -0.00030000
0.10423300 0.00002900
9 1 15
17745.69000000 -0.00001500
4200.72100000 -0.00013000
1364.42900000 -0.00075100
522.08060000 -0.00332900
221.45950000 -0.01191200
100.90960000 -0.03493300
48.40115000 -0.07998900
23.98536000 -0.13463600
12.18250000 -0.13859800
6.24229800 0.03027800
3.11094400 0.33321600
1.50995800 0.45615300
0.71084500 0.28505100
0.27319000 0.04614400
0.10423300 -0.00324900
10 1 15
17745.69000000 0.00000300
4200.72100000 0.00002900
1364.42900000 0.00016500
522.08060000 0.00073400
221.45950000 0.00262600
100.90960000 0.00772500
48.40115000 0.01773300
23.98536000 0.03005500
12.18250000 0.03109400
6.24229800 -0.01004800
3.11094400 -0.08830600
1.50995800 -0.12982400
0.71084500 -0.07693700
0.27319000 0.21266100
0.10423300 0.57306100
11 1 15
17745.69000000 0.00000500
4200.72100000 0.00004200
1364.42900000 0.00024100
522.08060000 0.00108500
221.45950000 0.00383100
100.90960000 0.01142300
48.40115000 0.02579200
23.98536000 0.04481800
12.18250000 0.04459800
6.24229800 -0.01117700
3.11094400 -0.13813400
1.50995800 -0.18828500
0.71084500 -0.10739900
0.27319000 0.44486300
0.10423300 0.64023900
12 1 15
17745.69000000 0.00001100
4200.72100000 0.00008700
1364.42900000 0.00054100
522.08060000 0.00222600
221.45950000 0.00859300
100.90960000 0.02333900
48.40115000 0.05884400
23.98536000 0.08828900
12.18250000 0.12319200
6.24229800 -0.06318600
3.11094400 -0.35490200
1.50995800 -0.61970800
0.71084500 0.81298600
0.27319000 0.81911800
0.10423300 -0.90170500
13 1 1
0.03829100 1.00000000
14 2 7
113.34400000 0.00353000
33.64140000 0.02578400
12.33100000 0.09911900
4.99478000 0.23907300
2.07280000 0.35719900
0.83075300 0.36218800
0.30917800 0.23646100
15 2 7
113.34400000 -0.00389000
33.64140000 -0.02844200
12.33100000 -0.11242900
4.99478000 -0.27425700
2.07280000 -0.31554600
0.83075300 0.05710900
0.30917800 0.56360400
16 2 7
113.34400000 0.00569500
33.64140000 0.04200100
12.33100000 0.17354000
4.99478000 0.41015700
2.07280000 0.11325200
0.83075300 -0.76968000
0.30917800 -0.03164300
17 2 1
0.10013000 1.00000000
18 3 1
3.27580000 1.00000000
19 3 1
0.79200000 1.00000000
20 4 1
2.08970000 1.00000000

O-COBALT CO (CC-PVTZ) BASIS TYPE: 1
# 
20
1 0 19
4675675.00000000 0.00000798
700161.50000000 0.00006204
159337.30000000 0.00032617
45130.46000000 0.00137536
14722.38000000 0.00498000
5314.22200000 0.01596434
2072.01800000 0.04552086
858.61880000 0.11273850
373.54970000 0.22682620
168.92290000 0.32030740
78.29639000 0.23740210
35.52123000 0.07477686
17.04144000 0.09581872
8.17300000 0.09649911
3.61031800 0.01623362
1.69704700 -0.00045355
0.74353200 0.00005114
0.15834400 -0.00004175
0.07503600 0.00004028
2 0 19
4675675.00000000 -0.00000420
700161.50000000 -0.00003266
159337.30000000 -0.00017176
45130.46000000 -0.00072479
14722.38000000 -0.00263146
5314.22200000 -0.00848927
2072.01800000 -0.02460619
858.61880000 -0.06322059
373.54970000 -0.13819570
168.92290000 -0.23406800
78.29639000 -0.24150020
35.52123000 0.03035312
17.04144000 0.51013410
8.17300000 0.49749390
3.61031800 0.08970746
1.69704700 -0.00594103
0.74353200 0.00021754
0.15834400 -0.00054802
0.07503600 0.00045258
3 0 19
4675675.00000000 0.00000096
700161.50000000 0.00000746
159337.30000000 0.00003923
45130.46000000 0.00016577
14722.38000000 0.00060243
5314.22200000 0.00195522
2072.01800000 0.00572633
858.61880000 0.01512984
373.54970000 0.03483973
168.92290000 0.06570351
78.29639000 0.07831503
35.52123000 -0.01877037
17.04144000 -0.30626630
8.17300000 -0.45664290
3.61031800 0.13781690
1.69704700 0.71936760
0.74353200 0.39925790
0.15834400 0.02079933
0.07503600 -0.00782066
4 0 19
4675675.00000000 -0.00000020
700161.50000000 -0.00000158
159337.30000000 -0.00000830
45130.46000000 -0.00003504
14722.38000000 -0.00012747
5314.22200000 -0.00041327
2072.01800000 -0.00121226
858.61880000 -0.00319932
373.54970000 -0.00739097
168.92290000 -0.01393649
78.29639000 -0.01678575
35.52123000 0.00414986
17.04144000 0.06797646
8.17300000 0.10758070
3.61031800 -0.04166022
1.69704700 -0.21280440
0.74353200 -0.23813600
0.15834400 0.26507880
0.07503600 0.57227740
5 0 19
4675675.00000000 -0.00000039
700161.50000000 -0.00000307
159337.30000000 -0.00001565
45130.46000000 -0.00006884
14722.38000000 -0.00023774
5314.22200000 -0.00082132
2072.01800000 -0.00222963
858.61880000 -0.00646784
373.54970000 -0.01325463
168.92290000 -0.02946686
78.29639000 -0.02599066
35.52123000 -0.00849981
17.04144000 0.17273160
8.17300000 0.15121890
3.61031800 0.03554509
1.69704700 -0.88293530
0.74353200 0.21435300
0.15834400 1.71186500
0.07503600 -0.71400370
6 0 19
4675675.00000000 -0.00000072
700161.50000000 -0.00000572
159337.30000000 -0.00002901
45130.46000000 -0.00012858
14722.38000000 -0.00043984
5314.22200000 -0.00153759
2072.01800000 -0.00411602
858.61880000 -0.01215514
373.54970000 -0.02440441
168.92290000 -0.05601976
78.29639000 -0.04689449
35.52123000 -0.02168828
17.04144000 0.34777890
8.17300000 0.35005970
3.61031800 -0.20485510
1.69704700 -2.16321100
0.74353200 2.52409100
0.15834400 -0.15900110
0.07503600 -1.82526700
7 0 1
0.03309100 1.00000000
8 1 15
19267.78000000 0.00004100
4560.98600000 0.00036900
1481.43600000 0.00212800
566.86710000 0.00937200
240.49100000 0.03315500
109.61050000 0.09475200
52.59491000 0.20909300
26.08361000 0.33372200
13.26143000 0.33220800
6.79977800 0.15461300
3.39341400 0.02090200
1.64876600 -0.00202400
0.77628200 -0.00169700
0.29800300 -0.00028000
0.11361800 0.00002600
9 1 15
19267.78000000 -0.00001500
4560.98600000 -0.00013100
1481.43600000 -0.00075800
566.86710000 -0.00336300
240.49100000 -0.01205400
109.61050000 -0.03542400
52.59491000 -0.08128700
26.08361000 -0.13690800
13.26143000 -0.13901900
6.79977800 0.03546800
3.39341400 0.33849800
1.64876600 0.45443300
0.77628200 0.27979300
0.29800300 0.04477600
0.11361800 -0.00315100
10 1 15
19267.78000000 -0.00000300
4560.98600000 -0.00002900
1481.43600000 -0.00016700
566.86710000 -0.00074200
240.49100000 -0.00266200
109.61050000 -0.00784100
52.59491000 -0.01805100
26.08361000 -0.03058000
13.26143000 -0.03131200
6.79977800 0.01131100
3.39341400 0.08999000
1.64876600 0.13073300
0.77628200 0.07180800
0.29800300 -0.22165800
0.11361800 -0.57102500
11 1 15
19267.78000000 0.00000500
4560.98600000 0.00004500
1481.43600000 0.00025500
566.86710000 0.00114400
240.49100000 0.00406100
109.61050000 0.01209500
52.59491000 0.02747600
26.08361000 0.04755700
13.26143000 0.04730200
6.79977800 -0.01441800
3.39341400 -0.15006200
1.64876600 -0.19909200
0.77628200 -0.07978300
0.29800300 0.45903500
0.11361800 0.61749500
12 1 15
19267.78000000 0.00001100
4560.98600000 0.00009200
1481.43600000 0.00056300
566.86710000 0.00235400
240.49100000 0.00897600
109.61050000 0.02481000
52.59491000 0.06158000
26.08361000 0.09477700
13.26143000 0.12669300
6.79977800 -0.06375400
3.39341400 -0.41856600
1.64876600 -0.56786500
0.77628200 0.87540600
0.29800300 0.71826300
0.11361800 -0.87472200
13 1 1
0.04162400 1.00000000
14 2 7
126.26400000 0.00351000
37.52260000 0.02588400
13.80210000 0.10005800
5.60927000 0.24054700
2.33369000 0.35684300
0.93641500 0.35957900
0.34823700 0.23662900
15 2 7
126.26400000 -0.00406700
37.52260000 -0.03005300
13.80210000 -0.11962000
5.60927000 -0.29151300
2.33369000 -0.31804800
0.93641500 0.09169800
0.34823700 0.56082300
16 2 7
126.26400000 0.00547000
37.52260000 0.04081300
13.80210000 0.16897800
5.60927000 0.40935900
2.33369000 0.08631600
0.93641500 -0.76900800
0.34823700 0.00335500
17 2 1
0.11235300 1.00000000
18 3 1
3.81370000 1.00000000
19 3 1
0.93090000 1.00000000
20 4 1
2.47090000 1.00000000

O-NICKEL NI (CC-PVTZ) BASIS TYPE: 1
# 
20
1 0 19
5045991.00000000 0.00000821
755614.20000000 0.00006383
171956.80000000 0.00033558
48704.79000000 0.00141508
15888.41000000 0.00512444
5735.12300000 0.01643256
2236.13700000 0.04689398
926.64680000 0.11635340
403.17430000 0.23505110
182.34760000 0.33501840
84.54885000 0.25347790
38.39634000 0.07300901
18.45859000 0.06184244
8.86354800 0.06302956
3.91622700 0.01008063
1.83887000 -0.00022445
0.80436200 -0.00005933
0.16979700 -0.00001159
0.07930600 0.00000812
2 0 19
5045991.00000000 -0.00000366
755614.20000000 -0.00002844
171956.80000000 -0.00014959
48704.79000000 -0.00063130
15888.41000000 -0.00229305
5735.12300000 -0.00740512
2236.13700000 -0.02152032
926.64680000 -0.05560974
403.17430000 -0.12301760
182.34760000 -0.21301040
84.54885000 -0.22658370
38.39634000 0.03546796
18.45859000 0.51816970
8.86354800 0.50256300
3.91622700 0.08955674
1.83887000 -0.00703131
0.80436200 -0.00043392
0.16979700 -0.00058317
0.07930600 0.00042288
3 0 19
5045991.00000000 0.00000096
755614.20000000 0.00000746
171956.80000000 0.00003924
48704.79000000 0.00016579
15888.41000000 0.00060259
5735.12300000 0.00195566
2236.13700000 0.00573039
926.64680000 0.01514756
403.17430000 0.03493499
182.34760000 0.06598072
84.54885000 0.07893083
38.39634000 -0.01906249
18.45859000 -0.30959210
8.86354800 -0.45586100
3.91622700 0.14829310
1.83887000 0.71340390
0.80436200 0.39760630
0.16979700 0.02295523
0.07930600 -0.00915176
4 0 19
5045991.00000000 -0.00000020
755614.20000000 -0.00000157
171956.80000000 -0.00000824
48704.79000000 -0.00003478
15888.41000000 -0.00012653
5735.12300000 -0.00041026
2236.13700000 -0.00120383
926.64680000 -0.00317906
403.17430000 -0.00735383
182.34760000 -0.01389022
84.54885000 -0.01677875
38.39634000 0.00416338
18.45859000 0.06814703
8.86354800 0.10610290
3.91622700 -0.04339980
1.83887000 -0.20949500
0.80436200 -0.23102710
0.16979700 0.25905320
0.07930600 0.56914260
5 0 19
5045991.00000000 -0.00000039
755614.20000000 -0.00000311
171956.80000000 -0.00001590
48704.79000000 -0.00006981
15888.41000000 -0.00024178
5735.12300000 -0.00083262
2236.13700000 -0.00227029
926.64680000 -0.00655743
403.17430000 -0.01354288
182.34760000 -0.02989768
84.54885000 -0.02693106
38.39634000 -0.00782769
18.45859000 0.17416670
8.86354800 0.15954680
3.91622700 0.01995550
1.83887000 -0.88970000
0.80436200 0.24868920
0.16979700 1.61301200
0.07930600 -0.59902770
6 0 19
5045991.00000000 -0.00000073
755614.20000000 -0.00000580
171956.80000000 -0.00002959
48704.79000000 -0.00013015
15888.41000000 -0.00044953
5735.12300000 -0.00155331
2236.13700000 -0.00421988
926.64680000 -0.01225419
403.17430000 -0.02519707
182.34760000 -0.05621717
84.54885000 -0.05022229
38.39634000 -0.01677412
18.45859000 0.33880210
8.86354800 0.39849750
3.91622700 -0.30320530
1.83887000 -2.07961900
0.80436200 2.50054200
0.16979700 -0.21690020
0.07930600 -1.70917800
7 0 1
0.03467700 1.00000000
8 1 15
21027.92000000 0.00004100
4977.56000000 0.00036300
1616.74000000 0.00209700
618.67180000 0.00925000
262.51830000 0.03279600
119.69070000 0.09400400
57.46585000 0.20828000
28.52829000 0.33365400
14.52148000 0.33290400
7.45385000 0.15537200
3.72355300 0.02085900
1.80981300 -0.00244000
0.85133600 -0.00199800
0.32481400 -0.00033800
0.11952200 0.00003500
9 1 15
21027.92000000 -0.00001500
4977.56000000 -0.00012900
1616.74000000 -0.00074900
618.67180000 -0.00332800
262.51830000 -0.01194700
119.69070000 -0.03524200
57.46585000 -0.08120400
28.52829000 -0.13749300
14.52148000 -0.13922600
7.45385000 0.03601600
3.72355300 0.33912800
1.80981300 0.45047200
0.85133600 0.28178300
0.32481400 0.04789800
0.11952200 -0.00298700
10 1 15
21027.92000000 0.00000300
4977.56000000 0.00002600
1616.74000000 0.00015200
618.67180000 0.00067800
262.51830000 0.00242700
119.69070000 0.00720100
57.46585000 0.01657800
28.52829000 0.02839200
14.52148000 0.02859900
7.45385000 -0.01013200
3.72355300 -0.08291200
1.80981300 -0.11599800
0.85133600 -0.07279500
0.32481400 0.19564000
0.11952200 0.56709900
11 1 15
21027.92000000 0.00000600
4977.56000000 0.00005300
1616.74000000 0.00030500
618.67180000 0.00136400
262.51830000 0.00487600
119.69070000 0.01450300
57.46585000 0.03329600
28.52829000 0.05748200
14.52148000 0.05870200
7.45385000 -0.01990400
3.72355300 -0.19469500
1.80981300 -0.23961300
0.85133600 -0.00223200
0.32481400 0.52143500
0.11952200 0.54554000
12 1 15
21027.92000000 0.00001100
4977.56000000 0.00009500
1616.74000000 0.00058000
618.67180000 0.00245100
262.51830000 0.00928200
119.69070000 0.02600900
57.46585000 0.06409600
28.52829000 0.10071000
14.52148000 0.13253900
7.45385000 -0.06508900
3.72355300 -0.48975600
1.80981300 -0.49845500
0.85133600 0.96635700
0.32481400 0.52837900
0.11952200 -0.86767600
13 1 1
0.04236600 1.00000000
14 2 7
140.25270000 0.00337600
41.72610000 0.02514100
15.39810000 0.09774600
6.27710000 0.23470900
2.61850000 0.34694500
1.05260000 0.35106800
0.39160000 0.25025500
15 2 7
140.25270000 -0.00349500
41.72610000 -0.02601500
15.39810000 -0.10387600
6.27710000 -0.25207000
2.61850000 -0.29458000
1.05260000 0.00115200
0.39160000 0.43858900
16 2 7
140.25270000 0.00505200
41.72610000 0.03808700
15.39810000 0.15611300
6.27710000 0.38615600
2.61850000 0.17560500
1.05260000 -0.62680700
0.39160000 -0.34277500
17 2 1
0.12620000 1.00000000
18 3 1
4.50460000 1.00000000
19 3 1
1.12860000 1.00000000
20 4 1
2.97710000 1.00000000

O-COPPER CU (CC-PVTZ) BASIS TYPE: 1
# 
20
1 0 19
5430321.00000000 0.00000780
813166.50000000 0.00006066
185054.40000000 0.00031890
52414.66000000 0.00134469
17098.68000000 0.00486905
6171.99400000 0.01561013
2406.48100000 0.04452077
997.25840000 0.11031110
433.92890000 0.22203420
196.28690000 0.31337390
91.04280000 0.23151210
41.38425000 0.07640920
19.93278000 0.11038180
9.58189100 0.10943720
4.23451600 0.01836311
1.98581400 -0.00060431
0.86708300 0.00005092
0.18133900 -0.00005541
0.08365700 0.00003969
2 0 19
5430321.00000000 -0.00000440
813166.50000000 -0.00003425
185054.40000000 -0.00018012
52414.66000000 -0.00076005
17098.68000000 -0.00275935
6171.99400000 -0.00890097
2406.48100000 -0.02579378
997.25840000 -0.06623861
433.92890000 -0.14459270
196.28690000 -0.24401100
91.04280000 -0.25048370
41.38425000 0.02852577
19.93278000 0.51158740
9.58189100 0.49280610
4.23451600 0.08788437
1.98581400 -0.00582028
0.86708300 0.00020135
0.18133900 -0.00051826
0.08365700 0.00037315
3 0 19
5430321.00000000 0.00000097
813166.50000000 0.00000755
185054.40000000 0.00003969
52414.66000000 0.00016772
17098.68000000 0.00060951
6171.99400000 0.00197885
2406.48100000 0.00579805
997.25840000 0.01534158
433.92890000 0.03540484
196.28690000 0.06702098
91.04280000 0.08026945
41.38425000 -0.01927231
19.93278000 -0.31601290
9.58189100 -0.45731620
4.23451600 0.15508410
1.98581400 0.72028720
0.86708300 0.38851220
0.18133900 0.01924326
0.08365700 -0.00710381
4 0 19
5430321.00000000 -0.00000020
813166.50000000 -0.00000152
185054.40000000 -0.00000801
52414.66000000 -0.00003384
17098.68000000 -0.00012312
6171.99400000 -0.00039921
2406.48100000 -0.00117190
997.25840000 -0.00309614
433.92890000 -0.00717199
196.28690000 -0.01356621
91.04280000 -0.01643989
41.38425000 0.00410763
19.93278000 0.06693964
9.58189100 0.10282210
4.23451600 -0.04422945
1.98581400 -0.20311910
0.86708300 -0.22300220
0.18133900 0.25179750
0.08365700 0.56500910
5 0 19
5430321.00000000 -0.00000035
813166.50000000 -0.00000280
185054.40000000 -0.00001433
52414.66000000 -0.00006271
17098.68000000 -0.00021795
6171.99400000 -0.00074743
2406.48100000 -0.00204927
997.25840000 -0.00588520
433.92890000 -0.01226885
196.28690000 -0.02683147
91.04280000 -0.02479261
41.38425000 -0.00598475
19.93278000 0.15571240
9.58189100 0.14366830
4.23451600 0.00837410
1.98581400 -0.74607110
0.86708300 0.12443670
0.18133900 1.51011000
0.08365700 -0.34771220
6 0 19
5430321.00000000 -0.00000075
813166.50000000 -0.00000597
185054.40000000 -0.00003040
52414.66000000 -0.00013404
17098.68000000 -0.00046158
6171.99400000 -0.00160106
2406.48100000 -0.00433094
997.25840000 -0.01265434
433.92890000 -0.02586864
196.28690000 -0.05835428
91.04280000 -0.05132322
41.38425000 -0.01908953
19.93278000 0.35861160
9.58189100 0.38858180
4.23451600 -0.30571060
1.98581400 -2.06989600
0.86708300 2.43177400
0.18133900 -0.02121974
0.08365700 -1.82025100
7 0 1
0.03626700 1.00000000
8 1 15
22760.57000000 0.00004000
5387.67900000 0.00036100
1749.94500000 0.00208300
669.66530000 0.00919700
284.19480000 0.03266000
129.60770000 0.09379500
62.25415000 0.20827400
30.92964000 0.33399300
15.75827000 0.33249300
8.09421100 0.15472800
4.04692100 0.02127100
1.96786900 -0.00169000
0.92529500 -0.00151600
0.35299200 -0.00024200
0.12730700 0.00002300
9 1 15
22760.57000000 -0.00001500
5387.67900000 -0.00013100
1749.94500000 -0.00075500
669.66530000 -0.00335900
284.19480000 -0.01208100
129.60770000 -0.03570300
62.25415000 -0.08250200
30.92964000 -0.13989000
15.75827000 -0.14072900
8.09421100 0.03876600
4.04692100 0.34269500
1.96786900 0.45231000
0.92529500 0.27705400
0.35299200 0.04388500
0.12730700 -0.00280200
10 1 15
22760.57000000 0.00000300
5387.67900000 0.00002500
1749.94500000 0.00014700
669.66530000 0.00065600
284.19480000 0.00235100
129.60770000 0.00700400
62.25415000 0.01613100
30.92964000 0.02777000
15.75827000 0.02756700
8.09421100 -0.01011500
4.04692100 -0.08100900
1.96786900 -0.11040900
0.92529500 -0.07173200
0.35299200 0.18793000
0.12730700 0.56462900
11 1 15
22760.57000000 0.00000500
5387.67900000 0.00004900
1749.94500000 0.00027800
669.66530000 0.00125300
284.19480000 0.00444700
129.60770000 0.01337000
62.25415000 0.03046900
30.92964000 0.05344700
15.75827000 0.05263900
8.09421100 -0.01688100
4.04692100 -0.17944800
1.96786900 -0.20958800
0.92529500 -0.03963300
0.35299200 0.50213000
0.12730700 0.58111100
12 1 15
22760.57000000 0.00001100
5387.67900000 0.00009600
1749.94500000 0.00059000
669.66530000 0.00248400
284.19480000 0.00946300
129.60770000 0.02645300
62.25415000 0.06568900
30.92964000 0.10273200
15.75827000 0.13704100
8.09421100 -0.07096100
4.04692100 -0.50470800
1.96786900 -0.47805600
0.92529500 0.94289200
0.35299200 0.54469900
0.12730700 -0.83276600
13 1 1
0.04435600 1.00000000
14 2 7
173.89700000 0.00270000
51.88690000 0.02090900
19.34190000 0.08440800
7.97572000 0.21399900
3.39823000 0.33598000
1.40932000 0.35730100
0.54885800 0.26457800
15 2 7
173.89700000 -0.00336300
51.88690000 -0.02607900
19.34190000 -0.10823100
7.97572000 -0.28221700
3.39823000 -0.34719000
1.40932000 0.02671100
0.54885800 0.49204700
16 2 7
173.89700000 0.00413300
51.88690000 0.03308500
19.34190000 0.13833600
7.97572000 0.39016600
3.39823000 0.16984200
1.40932000 -0.68301800
0.54885800 -0.26579700
17 2 1
0.19019900 1.00000000
18 3 1
5.08210000 1.00000000
19 3 1
1.27970000 1.00000000
20 4 1
3.48350000 1.00000000

O-ZINC ZN (CC-PVTZ) BASIS TYPE: 1
# 
20
1 0 19
5820021.00000000 0.00000855
871523.40000000 0.00006647
198335.00000000 0.00034950
56176.31000000 0.00147383
18325.82000000 0.00533833
6614.95500000 0.01712708
2579.19900000 0.04894085
1068.84900000 0.12179340
465.10450000 0.24765890
210.41300000 0.35824310
97.61629000 0.27981740
44.38020000 0.06857491
21.42308000 -0.00131109
10.30891000 0.00191400
4.55364500 -0.00087592
2.13282100 0.00037401
0.92969700 -0.00014014
0.19214700 0.00004757
0.08759500 -0.00003643
2 0 19
5820021.00000000 -0.00000264
871523.40000000 -0.00002053
198335.00000000 -0.00010799
56176.31000000 -0.00045586
18325.82000000 -0.00165776
6614.95500000 -0.00536849
2579.19900000 -0.01571249
1068.84900000 -0.04122558
465.10450000 -0.09406459
210.41300000 -0.17199540
97.61629000 -0.19585230
44.38020000 0.04532907
21.42308000 0.52444420
10.30891000 0.50061420
4.55364500 0.08945527
2.13282100 -0.00214626
0.92969700 0.00211211
0.19214700 -0.00041340
0.08759500 0.00032098
3 0 19
5820021.00000000 0.00000100
871523.40000000 0.00000775
198335.00000000 0.00004076
56176.31000000 0.00017228
18325.82000000 0.00062594
6614.95500000 0.00203286
2579.19900000 0.00595465
1068.84900000 0.01576640
465.10450000 0.03637638
210.41300000 0.06892343
97.61629000 0.08238093
44.38020000 -0.02011360
21.42308000 -0.32525260
10.30891000 -0.46028990
4.55364500 0.16355460
2.13282100 0.72971180
0.92969700 0.37697510
0.19214700 0.01433224
0.08759500 -0.00667121
4 0 19
5820021.00000000 0.00000020
871523.40000000 0.00000155
198335.00000000 0.00000816
56176.31000000 0.00003451
18325.82000000 0.00012533
6614.95500000 0.00040730
2579.19900000 0.00119273
1068.84900000 0.00316314
465.10450000 0.00730394
210.41300000 0.01391279
97.61629000 0.01670620
44.38020000 -0.00403559
21.42308000 -0.06968861
10.30891000 -0.10301050
4.55364500 0.04471442
2.13282100 0.21500270
0.92969700 0.22201630
0.19214700 -0.31147760
0.08759500 -0.56934290
5 0 19
5820021.00000000 -0.00000054
871523.40000000 -0.00000434
198335.00000000 -0.00002198
56176.31000000 -0.00009747
18325.82000000 -0.00033316
6614.95500000 -0.00116619
2579.19900000 -0.00311931
1068.84900000 -0.00923950
465.10450000 -0.01855471
210.41300000 -0.04281189
97.61629000 -0.03571095
44.38020000 -0.01638350
21.42308000 0.26446640
10.30891000 0.20865880
4.55364500 -0.01774382
2.13282100 -1.35387300
0.92969700 0.81829260
0.19214700 1.69503600
0.08759500 -1.38865600
6 0 19
5820021.00000000 0.00000080
871523.40000000 0.00000628
198335.00000000 0.00003282
56176.31000000 0.00013989
18325.82000000 0.00050298
6614.95500000 0.00165542
2579.19900000 0.00477868
1068.84900000 0.01292479
465.10450000 0.02925831
210.41300000 0.05791816
97.61629000 0.06640681
44.38020000 -0.00738897
21.42308000 -0.33299890
10.30891000 -0.59178650
4.55364500 0.90114060
2.13282100 1.58595100
0.92969700 -2.78800800
0.19214700 2.07188400
0.08759500 -0.60120250
7 0 1
0.03770200 1.00000000
8 1 15
24411.98000000 0.00004100
5778.51800000 0.00036100
1876.86200000 0.00208800
718.23610000 0.00922100
304.83270000 0.03277300
139.04530000 0.09417900
66.80417000 0.20913200
33.20699000 0.33456900
16.92816000 0.33035900
8.69622900 0.15234700
4.35051000 0.02298400
2.11652300 0.00160700
0.99538700 0.00046800
0.37811200 0.00006600
0.13457900 -0.00000200
9 1 15
24411.98000000 -0.00001500
5778.51800000 -0.00013500
1876.86200000 -0.00078200
718.23610000 -0.00347800
304.83270000 -0.01252000
139.04530000 -0.03701600
66.80417000 -0.08555900
33.20699000 -0.14471800
16.92816000 -0.14344200
8.69622900 0.04359500
4.35051000 0.34888800
2.11652300 0.45386500
0.99538700 0.26859400
0.37811200 0.03886800
0.13457900 -0.00249200
10 1 15
24411.98000000 0.00000300
5778.51800000 0.00002500
1876.86200000 0.00014400
718.23610000 0.00064500
304.83270000 0.00231100
139.04530000 0.00689800
66.80417000 0.01588200
33.20699000 0.02735000
16.92816000 0.02662100
8.69622900 -0.01085800
4.35051000 -0.07985300
2.11652300 -0.10612700
0.99538700 -0.06888300
0.37811200 0.18438500
0.13457900 0.56178800
11 1 15
24411.98000000 0.00000500
5778.51800000 0.00004200
1876.86200000 0.00023800
718.23610000 0.00108800
304.83270000 0.00382100
139.04530000 0.01164400
66.80417000 0.02616700
33.20699000 0.04675000
16.92816000 0.04330900
8.69622900 -0.01342900
4.35051000 -0.15389700
2.11652300 -0.16741300
0.99538700 -0.08499500
0.37811200 0.45081300
0.13457900 0.64086900
12 1 15
24411.98000000 0.00001200
5778.51800000 0.00009600
1876.86200000 0.00059400
718.23610000 0.00248400
304.83270000 0.00953700
139.04530000 0.02647900
66.80417000 0.06636600
33.20699000 0.10245800
16.92816000 0.13868300
8.69622900 -0.08014000
4.35051000 -0.49606900
2.11652300 -0.46351000
0.99538700 0.87453100
0.37811200 0.62979000
0.13457900 -0.81168600
13 1 1
0.04628200 1.00000000
14 2 7
205.61770000 0.00234200
61.44981000 0.01860600
23.05689000 0.07710200
9.57773900 0.20202600
4.13373400 0.32945400
1.74751800 0.36097600
0.69956000 0.27165700
15 2 7
205.61770000 0.00327900
61.44981000 0.02617600
23.05689000 0.11136700
9.57773900 0.30458100
4.13373400 0.38629900
1.74751800 -0.05837500
0.69956000 -0.53887600
16 2 7
205.61770000 0.00374000
61.44981000 0.03182500
23.05689000 0.13222900
9.57773900 0.42455000
4.13373400 0.12037000
1.74751800 -0.76266100
0.69956000 -0.11282300
17 2 1
0.25160800 1.00000000
18 3 1
5.79220000 1.00000000
19 3 1
1.48510000 1.00000000
20 4 1
4.11440000 1.00000000

O-GALLIUM GA (CC-PVTZ) BASIS TYPE: 1
# 
15
1 0 18
6558157.30000000 0.00000800
982025.34000000 0.00006220
223467.69000000 0.00032700
63288.29100000 0.00137940
20642.94000000 0.00499930
7450.52240000 0.01606050
2905.07440000 0.04601240
1204.21000000 0.11522240
524.30454000 0.23739210
237.46563000 0.35319890
110.57866000 0.29155000
51.37462400 0.08121290
24.44084600 0.00076550
11.76859100 0.00161240
5.34211900 -0.00075300
2.49503600 0.00031340
1.09877300 -0.00013060
0.26018000 0.00005130
2 0 18
6558157.30000000 -0.00000250
982025.34000000 -0.00001930
223467.69000000 -0.00010140
63288.29100000 -0.00042810
20642.94000000 -0.00155820
7450.52240000 -0.00504690
2905.07440000 -0.01480560
1204.21000000 -0.03894820
524.30454000 -0.08968320
237.46563000 -0.16640760
110.57866000 -0.20040100
51.37462400 0.01149430
24.44084600 0.49581340
11.76859100 0.52955500
5.34211900 0.11101850
2.49503600 -0.00070000
1.09877300 0.00222830
0.26018000 -0.00050140
3 0 18
6558157.30000000 0.00000090
982025.34000000 0.00000740
223467.69000000 0.00003870
63288.29100000 0.00016330
20642.94000000 0.00059440
7450.52240000 0.00192920
2905.07440000 0.00566890
1204.21000000 0.01502820
524.30454000 0.03502220
237.46563000 0.06711350
110.57866000 0.08501560
51.37462400 -0.00472120
24.44084600 -0.30167370
11.76859100 -0.48254890
5.34211900 0.08916950
2.49503600 0.72878300
1.09877300 0.42885420
0.26018000 0.02072490
4 0 18
6558157.30000000 0.00000020
982025.34000000 0.00000170
223467.69000000 0.00000900
63288.29100000 0.00003800
20642.94000000 0.00013820
7450.52240000 0.00044890
2905.07440000 0.00131880
1204.21000000 0.00350160
524.30454000 0.00816730
237.46563000 0.01573380
110.57866000 0.02002840
51.37462400 -0.00101360
24.44084600 -0.07501620
11.76859100 -0.12579800
5.34211900 0.03008570
2.49503600 0.24881690
1.09877300 0.28437060
0.26018000 -0.31105940
5 0 1
0.12707900 1.00000000
6 0 1
0.05440800 1.00000000
7 1 11
8050.16740000 0.00031690
1907.53610000 0.00276480
618.62746000 0.01512040
235.32417000 0.05995830
98.89964600 0.17331200
44.24821500 0.34108200
20.61742900 0.38969670
9.78051600 0.18398170
4.44123800 0.02188960
1.96404500 0.00116080
0.83357800 0.00027350
8 1 11
8050.16740000 -0.00012030
1907.53610000 -0.00104920
618.62746000 -0.00581020
235.32417000 -0.02343450
98.89964600 -0.07082700
44.24821500 -0.14655110
20.61742900 -0.17696600
9.78051600 0.03638210
4.44123800 0.42328480
1.96404500 0.49525860
0.83357800 0.17974280
9 1 11
8050.16740000 0.00002000
1907.53610000 0.00016890
618.62746000 0.00096680
235.32417000 0.00377970
98.89964600 0.01190820
44.24821500 0.02356930
20.61742900 0.03142330
9.78051600 -0.01361880
4.44123800 -0.07340030
1.96404500 -0.12647850
0.83357800 0.01585790
10 1 1
0.19344500 1.00000000
11 1 1
0.05611700 1.00000000
12 2 7
244.14741000 0.00202700
73.06759500 0.01650880
27.59208100 0.07038230
11.54651800 0.19114300
5.04862800 0.32540920
2.17846500 0.36781990
0.90025300 0.27446850
13 2 1
0.33732700 1.00000000
14 2 1
0.11690000 1.00000000
15 3 1
0.28810000 1.00000000

O-GERMANIUM GE (CC-PVTZ) BASIS TYPE: 1
# 
15
1 0 18
7447966.80000000 0.00000740
1115318.20000000 0.00005740
253842.65000000 0.00030190
71915.28500000 0.00127330
23470.18100000 0.00461230
8477.49180000 0.01482140
3308.39080000 0.04255360
1372.60540000 0.10730550
598.22007000 0.22451780
271.38602000 0.34531310
126.97795000 0.30452610
60.22206500 0.09906700
28.01858200 0.00413170
13.51752200 0.00103470
6.30940600 -0.00048560
2.90453400 0.00018050
1.28755600 -0.00009120
0.16773200 -0.00002660
2 0 18
7447966.80000000 -0.00000230
1115318.20000000 -0.00001790
253842.65000000 -0.00009400
71915.28500000 -0.00039640
23470.18100000 -0.00144250
8477.49180000 -0.00466750
3308.39080000 -0.01371530
1372.60540000 -0.03617970
598.22007000 -0.08416790
271.38602000 -0.15887670
126.97795000 -0.20338070
60.22206500 -0.02514100
28.01858200 0.45751520
13.51752200 0.55719390
6.30940600 0.13970550
2.90453400 0.00226450
1.28755600 0.00209270
0.16773200 0.00032810
3 0 18
7447966.80000000 0.00000090
1115318.20000000 0.00000690
253842.65000000 0.00003620
71915.28500000 0.00015280
23470.18100000 0.00055630
8477.49180000 0.00180180
3308.39080000 0.00530850
1372.60540000 0.01408770
598.22007000 0.03320130
271.38602000 0.06446210
126.97795000 0.08695400
60.22206500 0.01187450
28.01858200 -0.27245340
13.51752200 -0.50014520
6.30940600 0.01085540
2.90453400 0.72164690
1.28755600 0.48052130
0.16773200 -0.01022970
4 0 18
7447966.80000000 -0.00000020
1115318.20000000 -0.00000180
253842.65000000 -0.00000930
71915.28500000 -0.00003920
23470.18100000 -0.00014260
8477.49180000 -0.00046210
3308.39080000 -0.00136140
1372.60540000 -0.00361750
598.22007000 -0.00853590
271.38602000 -0.01665060
126.97795000 -0.02259110
60.22206500 -0.00321470
28.01858200 0.07449980
13.51752200 0.14403330
6.30940600 -0.00808150
2.90453400 -0.27041630
1.28755600 -0.34016070
0.16773200 0.61906570
5 0 1
0.33655200 1.00000000
6 0 1
0.07106900 1.00000000
7 1 11
6979.59820000 0.00045690
1654.16480000 0.00395620
536.02865000 0.02131430
203.53713000 0.08187150
85.23753000 0.22237320
37.84196200 0.39056590
17.40651200 0.35604150
7.88149200 0.10703120
3.53321300 0.00369410
1.52147300 0.00192190
0.19909300 0.00019170
8 1 11
6979.59820000 -0.00017560
1654.16480000 -0.00153050
536.02865000 -0.00831450
203.53713000 -0.03287180
85.23753000 -0.09316610
37.84196200 -0.17555420
17.40651200 -0.14679120
7.88149200 0.18629340
3.53321300 0.52648620
1.52147300 0.39708590
0.19909300 -0.00334780
9 1 11
6979.59820000 0.00003480
1654.16480000 0.00030140
536.02865000 0.00164870
203.53713000 0.00649820
85.23753000 0.01863830
37.84196200 0.03506130
17.40651200 0.02958920
7.88149200 -0.04724580
3.53321300 -0.12498470
1.52147300 -0.12108010
0.19909300 0.57547300
10 1 1
0.56270400 1.00000000
11 1 1
0.06703100 1.00000000
12 2 7
282.23911000 0.00182750
84.54995700 0.01515450
32.07365600 0.06604600
13.49749500 0.18394700
5.95855000 0.32278720
2.61078800 0.37294590
1.10398700 0.27517300
13 2 1
0.42404900 1.00000000
14 2 1
0.15200000 1.00000000
15 3 1
0.34580000 1.00000000

O-ARSENIC AS (CC-PVTZ) BASIS TYPE: 1
# 
15
1 0 18
8482339.60000000 0.00000680
1270150.90000000 0.00005280
289056.96000000 0.00027740
81879.84900000 0.00117020
26716.56400000 0.00424210
9647.58420000 0.01365570
3764.11950000 0.03933990
1561.56560000 0.09992920
680.81467000 0.21215550
309.24119000 0.33638660
145.25736000 0.31551250
69.73904800 0.11813120
31.77032500 0.00800760
15.39175700 0.00032930
7.34152600 -0.00015230
3.32371600 0.00002470
1.48586700 -0.00003660
0.21150000 -0.00000940
2 0 18
8482339.60000000 -0.00000210
1270150.90000000 -0.00001650
289056.96000000 -0.00008660
81879.84900000 -0.00036530
26716.56400000 -0.00133090
9647.58420000 -0.00430930
3764.11950000 -0.01269730
1561.56560000 -0.03361600
680.81467000 -0.07894700
309.24119000 -0.15144580
145.25736000 -0.20420140
69.73904800 -0.05573670
31.77032500 0.41876070
15.39175700 0.57587620
7.34152600 0.16968420
3.32371600 0.00606620
1.48586700 0.00176050
0.21150000 0.00023160
3 0 18
8482339.60000000 0.00000080
1270150.90000000 0.00000640
289056.96000000 0.00003370
81879.84900000 0.00014230
26716.56400000 0.00051880
9647.58420000 0.00168020
3764.11950000 0.00496770
1561.56560000 0.01321150
680.81467000 0.03145660
309.24119000 0.06184460
145.25736000 0.08795660
69.73904800 0.02575480
31.77032500 -0.24554590
15.39175700 -0.50905720
7.34152600 -0.05557490
3.32371600 0.70837960
1.48586700 0.52310270
0.21150000 -0.01111760
4 0 18
8482339.60000000 -0.00000020
1270150.90000000 -0.00000180
289056.96000000 -0.00000930
81879.84900000 -0.00003920
26716.56400000 -0.00014290
9647.58420000 -0.00046290
3764.11950000 -0.00136870
1561.56560000 -0.00364400
680.81467000 -0.00868840
309.24119000 -0.01715560
145.25736000 -0.02455140
69.73904800 -0.00735240
31.77032500 0.07200870
15.39175700 0.15762540
7.34152600 0.01420740
3.32371600 -0.28515930
1.48586700 -0.38853470
0.21150000 0.64953370
5 0 1
0.42108600 1.00000000
6 0 1
0.08897400 1.00000000
7 1 11
7423.86140000 0.00045990
1759.51660000 0.00398230
570.22916000 0.02146380
216.57997000 0.08246170
90.73425200 0.22389020
40.30879100 0.39207040
18.55550200 0.35422380
8.39654300 0.10486410
3.76736700 0.00336640
1.62970100 0.00184950
0.22250300 0.00022970
8 1 11
7423.86140000 -0.00017940
1759.51660000 -0.00156410
570.22916000 -0.00849990
216.57997000 -0.03363270
90.73425200 -0.09532280
40.30879100 -0.17936260
18.55550200 -0.14666820
8.39654300 0.19660160
3.76736700 0.53720880
1.62970100 0.38573610
0.22250300 -0.00540060
9 1 11
7423.86140000 0.00003990
1759.51660000 0.00034880
570.22916000 0.00189530
216.57997000 0.00753250
90.73425200 0.02143150
40.30879100 0.04078070
18.55550200 0.03252490
8.39654300 -0.05488320
3.76736700 -0.15119220
1.62970100 -0.12490110
0.22250300 0.58552930
10 1 1
0.56826300 1.00000000
11 1 1
0.08040500 1.00000000
12 2 7
321.01961000 0.00168400
96.24930500 0.01415860
36.64496300 0.06282590
15.49396500 0.17849930
6.89113800 0.32094520
3.05483100 0.37735150
1.31424100 0.27502310
13 2 1
0.51343000 1.00000000
14 2 1
0.18770000 1.00000000
15 3 1
0.41580000 1.00000000

O-SELENIUM SE (CC-PVTZ) BASIS TYPE: 1
# 
15
1 0 18
9563600.00000000 0.00000630
1432100.00000000 0.00004890
325910.00000000 0.00025740
92312.00000000 0.00108610
30116.00000000 0.00393990
10872.00000000 0.01270410
4240.10000000 0.03671560
1758.40000000 0.09386720
766.59000000 0.20176770
348.43000000 0.32805400
164.03000000 0.32383340
79.14200000 0.13523370
35.52400000 0.01170750
17.30500000 -0.00034360
8.37840000 0.00016650
3.74050000 -0.00011880
1.68900000 0.00002040
0.25520000 0.00000830
2 0 18
9563600.00000000 -0.00000200
1432100.00000000 -0.00001530
325910.00000000 -0.00008060
92312.00000000 -0.00034000
30116.00000000 -0.00123970
10872.00000000 -0.00401770
4240.10000000 -0.01186720
1758.40000000 -0.03153400
766.59000000 -0.07464390
348.43000000 -0.14521790
164.03000000 -0.20384410
79.14200000 -0.07887110
35.52400000 0.38458250
17.30500000 0.58652700
8.37840000 0.19735910
3.74050000 0.01001020
1.68900000 0.00131600
0.25520000 0.00011090
3 0 18
9563600.00000000 0.00000080
1432100.00000000 0.00000600
325910.00000000 0.00003170
92312.00000000 0.00013370
30116.00000000 0.00048830
10872.00000000 0.00158210
4240.10000000 0.00469190
1758.40000000 0.01250980
766.59000000 0.03003810
348.43000000 0.05972710
164.03000000 0.08846960
79.14200000 0.03639200
35.52400000 -0.22353290
17.30500000 -0.51224620
8.37840000 -0.10842240
3.74050000 0.69363720
1.68900000 0.55587110
0.25520000 -0.01138320
4 0 18
9563600.00000000 -0.00000020
1432100.00000000 -0.00000180
325910.00000000 -0.00000930
92312.00000000 -0.00003910
30116.00000000 -0.00014280
10872.00000000 -0.00046270
4240.10000000 -0.00137220
1758.40000000 -0.00366280
766.59000000 -0.00880610
348.43000000 -0.01758670
164.03000000 -0.02620740
79.14200000 -0.01099640
35.52400000 0.06956970
17.30500000 0.16839470
8.37840000 0.03461600
3.74050000 -0.29787020
1.68900000 -0.43225690
0.25520000 0.67572170
5 0 1
0.50927000 1.00000000
6 0 1
0.10651000 1.00000000
7 1 11
8004.30000000 0.00045050
1896.90000000 0.00390490
614.71000000 0.02109010
233.50000000 0.08129200
97.85600000 0.22178410
43.51400000 0.39072700
20.06300000 0.35597140
9.11270000 0.10732720
4.10630000 0.00369850
1.79490000 0.00180320
0.24615000 0.00022080
8 1 11
8004.30000000 -0.00017830
1896.90000000 -0.00155540
614.71000000 -0.00847270
233.50000000 -0.03362450
97.85600000 -0.09582670
43.51400000 -0.18139070
20.06300000 -0.15031520
9.11270000 0.19482630
4.10630000 0.54155540
1.79490000 0.38372990
0.24615000 -0.00501320
9 1 11
8004.30000000 0.00004300
1896.90000000 0.00037700
614.71000000 0.00204650
233.50000000 0.00818990
97.85600000 0.02333560
43.51400000 0.04498130
20.06300000 0.03574750
9.11270000 -0.05868660
4.10630000 -0.17095730
1.79490000 -0.12935830
0.24615000 0.57780690
10 1 1
0.62432000 1.00000000
11 1 1
0.08891700 1.00000000
12 2 7
361.85000000 0.00156550
108.55000000 0.01332620
41.43300000 0.06015270
17.57900000 0.17402930
7.86270000 0.31956900
3.51800000 0.38120290
1.53480000 0.27460860
13 2 1
0.60813000 1.00000000
14 2 1
0.22200000 1.00000000
15 3 1
0.46200000 1.00000000

O-BROMINE BR (CC-PVTZ) BASIS TYPE: 1
# 
15
1 0 18
10639000.00000000 0.00000590
1593400.00000000 0.00004610
362610.00000000 0.00024220
102700.00000000 0.00102260
33501.00000000 0.00371130
12093.00000000 0.01197850
4715.90000000 0.03469270
1955.60000000 0.08912390
852.61000000 0.19345570
387.67000000 0.32090190
182.68000000 0.32992330
88.24500000 0.14941210
39.26300000 0.01499380
19.23400000 -0.00091650
9.40570000 0.00043800
4.16010000 -0.00023980
1.89950000 0.00007360
0.30114000 0.00002390
2 0 18
10639000.00000000 -0.00000190
1593400.00000000 -0.00001450
362610.00000000 -0.00007610
102700.00000000 -0.00032100
33501.00000000 -0.00117090
12093.00000000 -0.00379680
4715.90000000 -0.01123070
1955.60000000 -0.02992770
852.61000000 -0.07127060
387.67000000 -0.14031360
182.68000000 -0.20307630
88.24500000 -0.09609850
39.26300000 0.35580860
19.23400000 0.59217920
9.40570000 0.22159770
4.16010000 0.01376480
1.89950000 0.00083950
0.30114000 -0.00000850
3 0 18
10639000.00000000 0.00000070
1593400.00000000 0.00000570
362610.00000000 0.00003030
102700.00000000 0.00012750
33501.00000000 0.00046590
12093.00000000 0.00150960
4715.90000000 0.00448520
1955.60000000 0.01198350
852.61000000 0.02895710
387.67000000 0.05815660
182.68000000 0.08881330
88.24500000 0.04452440
39.26300000 -0.20603870
19.23400000 -0.51270170
9.40570000 -0.15093490
4.16010000 0.67892030
1.89950000 0.58176970
0.30114000 -0.01118250
4 0 18
10639000.00000000 -0.00000020
1593400.00000000 -0.00000180
362610.00000000 -0.00000930
102700.00000000 -0.00003910
33501.00000000 -0.00014280
12093.00000000 -0.00046280
4715.90000000 -0.00137500
1955.60000000 -0.00367840
852.61000000 -0.00889810
387.67000000 -0.01795290
182.68000000 -0.02757320
88.24500000 -0.01409530
39.26300000 0.06725610
19.23400000 0.17669280
9.40570000 0.05288610
4.16010000 -0.30759550
1.89950000 -0.47006580
0.30114000 0.69803410
5 0 1
0.60472000 1.00000000
6 0 1
0.12515000 1.00000000
7 1 11
8676.50000000 0.00043570
2055.90000000 0.00378150
666.23000000 0.02047820
253.10000000 0.07928340
106.12000000 0.21784730
47.24200000 0.38785850
21.82500000 0.35943500
9.96840000 0.11219950
4.51710000 0.00438740
1.99820000 0.00178090
0.28145000 0.00021220
8 1 11
8676.50000000 -0.00017480
2055.90000000 -0.00152630
666.23000000 -0.00833990
253.10000000 -0.03322030
106.12000000 -0.09541800
47.24200000 -0.18240260
21.82500000 -0.15583080
9.96840000 0.18678990
4.51710000 0.54277330
1.99820000 0.38733090
0.28145000 -0.00437840
9 1 11
8676.50000000 0.00004510
2055.90000000 0.00039640
666.23000000 0.00215550
253.10000000 0.00867200
106.12000000 0.02486800
47.24200000 0.04854720
21.82500000 0.03961560
9.96840000 -0.06057490
4.51710000 -0.18716990
1.99820000 -0.13777570
0.28145000 0.57608960
10 1 1
0.70988000 1.00000000
11 1 1
0.10204000 1.00000000
12 2 7
403.83000000 0.00147320
121.17000000 0.01267250
46.34500000 0.05804510
19.72100000 0.17051030
8.86240000 0.31859580
3.99620000 0.38450230
1.76360000 0.27377370
13 2 1
0.70619000 1.00000000
14 2 1
0.26390000 1.00000000
15 3 1
0.55150000 1.00000000

O-KRYPTON KR (CC-PVTZ) BASIS TYPE: 1
# 
15
1 0 18
11718113.00000000 0.00000560
1754604.40000000 0.00004380
399281.32000000 0.00023050
113084.57000000 0.00097330
36885.92500000 0.00353370
13312.20900000 0.01141670
5189.98830000 0.03313250
2151.65970000 0.08544640
938.03251000 0.18691240
426.55732000 0.31497610
201.06660000 0.33433340
97.09760500 0.16088100
42.99872400 0.01784350
21.17707500 -0.00137930
10.42675200 0.00065720
4.58500800 -0.00033880
2.11760300 0.00012110
0.34922500 0.00003660
2 0 18
11718113.00000000 -0.00000180
1754604.40000000 -0.00001380
399281.32000000 -0.00007260
113084.57000000 -0.00030630
36885.92500000 -0.00111770
13312.20900000 -0.00362700
5189.98830000 -0.01074320
2151.65970000 -0.02869920
938.03251000 -0.06866790
426.55732000 -0.13651550
201.06660000 -0.20224580
97.09760500 -0.10905690
42.99872400 0.33187680
21.17707500 0.59482500
10.42675200 0.24248250
4.58500800 0.01722410
2.11760300 0.00036850
0.34922500 -0.00011530
3 0 18
11718113.00000000 0.00000070
1754604.40000000 0.00000550
399281.32000000 0.00002920
113084.57000000 0.00012280
36885.92500000 0.00044910
13312.20900000 0.00145570
5189.98830000 0.00433190
2151.65970000 0.01159650
938.03251000 0.02815850
426.55732000 0.05703390
201.06660000 0.08913560
97.09760500 0.05084210
42.99872400 -0.19210300
21.17707500 -0.51210400
10.42675200 -0.18570070
4.58500800 0.66541190
2.11760300 0.60239250
0.34922500 -0.01064530
4 0 18
11718113.00000000 -0.00000020
1754604.40000000 -0.00000180
399281.32000000 -0.00000930
113084.57000000 -0.00003910
36885.92500000 -0.00014300
13312.20900000 -0.00046390
5189.98830000 -0.00138010
2151.65970000 -0.00370010
938.03251000 -0.00899210
426.55732000 -0.01830210
201.06660000 -0.02875590
97.09760500 -0.01673240
42.99872400 0.06524100
21.17707500 0.18344220
10.42675200 0.06921830
4.58500800 -0.31560340
2.11760300 -0.50315010
0.34922500 0.71715710
5 0 1
0.70705700 1.00000000
6 0 1
0.14482100 1.00000000
7 1 11
9366.30900000 0.00042310
2219.55430000 0.00367430
719.45288000 0.01993120
273.46446000 0.07742220
114.75225000 0.21403860
51.15556900 0.38485560
23.68267600 0.36263400
10.87548400 0.11708180
4.95513100 0.00512100
2.21726700 0.00175390
0.32215400 0.00021990
8 1 11
9366.30900000 -0.00017200
2219.55430000 -0.00150250
719.45288000 -0.00822690
273.46446000 -0.03285660
114.75225000 -0.09501350
51.15556900 -0.18331060
23.68267600 -0.16121610
10.87548400 0.17876440
4.95513100 0.54378850
2.21726700 0.39133870
0.32215400 -0.00478000
9 1 11
9366.30900000 0.00004660
2219.55430000 0.00041000
719.45288000 0.00223280
273.46446000 0.00901440
114.75225000 0.02601150
51.15556900 0.05133400
23.68267600 0.04309290
10.87548400 -0.06150400
4.95513100 -0.20034240
2.21726700 -0.14573640
0.32215400 0.57645810
10 1 1
0.80641000 1.00000000
11 1 1
0.11761900 1.00000000
12 2 7
446.16133000 0.00140440
133.96477000 0.01217150
51.34590700 0.05639190
21.91690600 0.16764300
9.89372500 0.31773680
4.49252700 0.38726470
2.00229300 0.27280060
13 2 1
0.80840900 1.00000000
14 2 1
0.30060000 1.00000000
15 3 1
0.66220000 1.00000000

