  cc-pCV5Z  EMSL  Basis Set Exchange Library   7/13/12 9:07 PM 
 (cc-pCV5Z) 
 Elements                            Reference 
 B - Ne: (18s,12p,7d,5f,3g,1h) -> [10s,9p,7d,5f,3g,1h] D. Woon, K. Peterson 
 Al- Ar: (20s,12p,8d,6f,4g,2h) -> [7s,6p,4d,3f,2g,1h] K.A. Peterson and T.H. 
 Dunning, Jr., J. Chem. Phys. 117,10548 (2002). 
 Ca     : (26s,18p,12d,6f,4g,2h)-> [12s,10p,9d,6f,4g,2h]  J. Koput and K.A. 
 Peterson, J.  Phys. Chem. A, 106, 9595(2002) 
  
O-BORON B (CC-PCV5Z) BASIS TYPE: 1
# 
35
1 0 10
68260.00000000 0.00002400
10230.00000000 0.00018500
2328.00000000 0.00097000
660.40000000 0.00405600
216.20000000 0.01439900
78.60000000 0.04390100
30.98000000 0.11305700
12.96000000 0.23382500
5.65900000 0.35396000
2.55600000 0.30154700
2 0 10
68260.00000000 -0.00000500
10230.00000000 -0.00003700
2328.00000000 -0.00019600
660.40000000 -0.00082400
216.20000000 -0.00292300
78.60000000 -0.00913800
30.98000000 -0.02410500
12.96000000 -0.05475500
5.65900000 -0.09694300
2.55600000 -0.13748500
3 0 1
1.17500000 1.00000000
4 0 1
0.42490000 1.00000000
5 0 1
0.17120000 1.00000000
6 0 1
0.06913000 1.00000000
7 0 1
6.41100000 1.00000000
8 0 1
14.52100000 1.00000000
9 0 1
32.89000000 1.00000000
10 0 1
74.49600000 1.00000000
11 1 4
66.44000000 0.00083800
15.71000000 0.00640900
4.93600000 0.02808100
1.77000000 0.09215200
12 1 1
0.70080000 1.00000000
13 1 1
0.29010000 1.00000000
14 1 1
0.12110000 1.00000000
15 1 1
0.04973000 1.00000000
16 1 1
5.17200000 1.00000000
17 1 1
13.22500000 1.00000000
18 1 1
33.81600000 1.00000000
19 1 1
86.46700000 1.00000000
20 2 1
2.01000000 1.00000000
21 2 1
0.79600000 1.00000000
22 2 1
0.31600000 1.00000000
23 2 1
0.12500000 1.00000000
24 2 1
7.06600000 1.00000000
25 2 1
19.72100000 1.00000000
26 2 1
55.04200000 1.00000000
27 3 1
1.21500000 1.00000000
28 3 1
0.52500000 1.00000000
29 3 1
0.22700000 1.00000000
30 3 1
9.99400000 1.00000000
31 3 1
33.09000000 1.00000000
32 4 1
1.12400000 1.00000000
33 4 1
0.46100000 1.00000000
34 4 1
24.02000000 1.00000000
