https://doi.org/10.1021/acsomega.2c07782
  
O-HYDROGEN H (CC-PVQZ) BASIS TYPE: 1
# 
19
1 0 3
82.64000000 0.00200600
12.41000000 0.01534300
2.82400000 0.07557900
2 0 1
0.79770000 1.00000000
3 0 1
0.25810000 1.00000000
4 0 1
0.08989000 1.00000000
5 1 1
2.29200000 1.00000000
6 1 1
0.83800000 1.00000000
7 1 1
0.29200000 1.00000000
8 2 1
2.06200000 1.00000000
9 2 1
0.66200000 1.00000000
10 3 1
1.39700000 1.00000000
11 0 1
5.76923 1.00000000
12 0 1
6.64506 1.00000000
13 0 1
7.65385 1.00000000
14 1 1
12.00000 1.00000000
15 1 1
18.30511 1.00000000
16 1 1
27.92308 1.00000000
17 2 1
4.30769 1.00000000
18 2 1
13.28967 1.00000000
19 3 1
2.89474 1.00000000