O-C_12 C_12 (13S) BASIS TYPE: 2
# (1S)-[1S]
13
1 0 1
460028.77685547 1.00000000
2 0 1
991101.95525569 1.00000000
3 0 1
2135264.43372969 1.00000000
4 0 1
4600287.76835045 1.00000000
5 0 1
9911019.55211689 1.00000000
6 0 1
21352644.33634888 1.00000000
7 0 1
46002877.68146206 1.00000000
8 0 1
99110195.51676863 1.00000000
9 0 1
213526443.35400882 1.00000000
10 0 1
460028776.79419661 1.00000000
11 0 1
991101955.12368417 1.00000000
12 0 1
2135264433.44528842 1.00000000
13 0 1
4600287767.73772526 1.00000000

O-U- U- (13S) BASIS TYPE: 2
# (1S)-[1S]
13
1 0 1
4314.33787305 1.00000000
2 0 1
9294.95917807 1.00000000
3 0 1
20025.38249537 1.00000000
4 0 1
43143.37872855 1.00000000
5 0 1
92949.59177660 1.00000000
6 0 1
200253.82494485 1.00000000
7 0 1
431433.78726638 1.00000000
8 0 1
929495.91772477 1.00000000
9 0 1
2002538.24935962 1.00000000
10 0 1
4314337.87247224 1.00000000
11 0 1
9294959.17683499 1.00000000
12 0 1
20025382.49270714 1.00000000
13 0 1
43143378.72280695 1.00000000

