#----------------------------------------------------------------------
# Basis Set Exchange
# Version v0.8.8
# https://www.basissetexchange.org
#----------------------------------------------------------------------
#   Basis set: d-aug-cc-pV6Z
# Description: V6Z5P   Valence Sextuple Zeta + Polarization + Diffuse
#        Role: orbital
#     Version: 0  (Data from the original Basis Set Exchange)
#----------------------------------------------------------------------


# This basis set uses spherical components

O-HYDROGEN H (d-aug-cc-pV6Z)
# (17s,7p,6d,5f,4g,3h) -> [8s,7p,6d,5f,4g,3h]
    33
    1    0    10
   1776.7755600              0.0000440
    254.0177120              0.0003720
     54.6980390              0.0020940
     15.0183440              0.0088630
      4.91507800             0.0305400
      1.79492400             0.0903420
      0.71071600             0.2132390
      0.30480200             0.3523500
      0.13804600             0.3396570
      0.06215700             0.1073300
    2    0    1
      1.79492400             1.0000000
    3    0    1
      0.71071600             1.0000000
    4    0    1
      0.30480200             1.0000000
    5    0    1
      0.13804600             1.0000000
    6    0    1
      0.06215700             1.0000000
    7    0    1
      0.0189                 1.0000
    8    0    1
      0.00575                1.0000
    2    1    1
      8.6490000              1.0000000
    3    1    1
      3.4300000              1.0000000
    4    1    1
      1.3600000              1.0000000
    5    1    1
      0.5390000              1.0000000
    6    1    1
      0.2140000              1.0000000
    7    1    1
      0.0670                 1.0000
    8    1    1
      0.0210                 1.0000
    3    2    1
      4.4530000              1.0000000
    4    2    1
      1.9580000              1.0000000
    5    2    1
      0.8610000              1.0000000
    6    2    1
      0.3780000              1.0000000
    7    2    1
      0.1260                 1.0000
    8    2    1
      0.0420                 1.0000
    4    3    1
      4.1000000              1.0000000
    5    3    1
      1.7800000              1.0000000
    6    3    1
      0.7730000              1.0000000
    7    3    1
      0.2450                 1.0000
    8    3    1
      0.0777                 1.0000
    5    4    1
      3.1990000              1.0000000
    6    4    1
      1.3260000              1.0000000
    7    4    1
      0.4070                 1.0000
    8    4    1
      0.1250                 1.0000
    6    5    1
      2.6530000              1.0000000
    7    5    1
      0.6820                 1.0000
    8    5    1
      0.1750                 1.0000

O-EALONE EA- (d-aug-cc-pV6Z)
# (17s,7p,6d,5f,4g,3h) -> [8s,7p,6d,5f,4g,3h]
    33
    1    0    10
   1776.7755600              0.0000440
    254.0177120              0.0003720
     54.6980390              0.0020940
     15.0183440              0.0088630
      4.91507800             0.0305400
      1.79492400             0.0903420
      0.71071600             0.2132390
      0.30480200             0.3523500
      0.13804600             0.3396570
      0.06215700             0.1073300
    2    0    1
      1.79492400             1.0000000
    3    0    1
      0.71071600             1.0000000
    4    0    1
      0.30480200             1.0000000
    5    0    1
      0.13804600             1.0000000
    6    0    1
      0.06215700             1.0000000
    7    0    1
      0.0189                 1.0000
    8    0    1
      0.00575                1.0000
    2    1    1
      8.6490000              1.0000000
    3    1    1
      3.4300000              1.0000000
    4    1    1
      1.3600000              1.0000000
    5    1    1
      0.5390000              1.0000000
    6    1    1
      0.2140000              1.0000000
    7    1    1
      0.0670                 1.0000
    8    1    1
      0.0210                 1.0000
    3    2    1
      4.4530000              1.0000000
    4    2    1
      1.9580000              1.0000000
    5    2    1
      0.8610000              1.0000000
    6    2    1
      0.3780000              1.0000000
    7    2    1
      0.1260                 1.0000
    8    2    1
      0.0420                 1.0000
    4    3    1
      4.1000000              1.0000000
    5    3    1
      1.7800000              1.0000000
    6    3    1
      0.7730000              1.0000000
    7    3    1
      0.2450                 1.0000
    8    3    1
      0.0777                 1.0000
    5    4    1
      3.1990000              1.0000000
    6    4    1
      1.3260000              1.0000000
    7    4    1
      0.4070                 1.0000
    8    4    1
      0.1250                 1.0000
    6    5    1
      2.6530000              1.0000000
    7    5    1
      0.6820                 1.0000
    8    5    1
      0.1750                 1.0000

O-POSITRON E+ (d-aug-cc-pV6Z)
# (17s,7p,6d,5f,4g,3h) -> [8s,7p,6d,5f,4g,3h]
    33
    1    0    10
   1776.7755600              0.0000440
    254.0177120              0.0003720
     54.6980390              0.0020940
     15.0183440              0.0088630
      4.91507800             0.0305400
      1.79492400             0.0903420
      0.71071600             0.2132390
      0.30480200             0.3523500
      0.13804600             0.3396570
      0.06215700             0.1073300
    2    0    1
      1.79492400             1.0000000
    3    0    1
      0.71071600             1.0000000
    4    0    1
      0.30480200             1.0000000
    5    0    1
      0.13804600             1.0000000
    6    0    1
      0.06215700             1.0000000
    7    0    1
      0.0189                 1.0000
    8    0    1
      0.00575                1.0000
    2    1    1
      8.6490000              1.0000000
    3    1    1
      3.4300000              1.0000000
    4    1    1
      1.3600000              1.0000000
    5    1    1
      0.5390000              1.0000000
    6    1    1
      0.2140000              1.0000000
    7    1    1
      0.0670                 1.0000
    8    1    1
      0.0210                 1.0000
    3    2    1
      4.4530000              1.0000000
    4    2    1
      1.9580000              1.0000000
    5    2    1
      0.8610000              1.0000000
    6    2    1
      0.3780000              1.0000000
    7    2    1
      0.1260                 1.0000
    8    2    1
      0.0420                 1.0000
    4    3    1
      4.1000000              1.0000000
    5    3    1
      1.7800000              1.0000000
    6    3    1
      0.7730000              1.0000000
    7    3    1
      0.2450                 1.0000
    8    3    1
      0.0777                 1.0000
    5    4    1
      3.1990000              1.0000000
    6    4    1
      1.3260000              1.0000000
    7    4    1
      0.4070                 1.0000
    8    4    1
      0.1250                 1.0000
    6    5    1
      2.6530000              1.0000000
    7    5    1
      0.6820                 1.0000
    8    5    1
      0.1750                 1.0000

