  d-aug-cc-pVQZ  EMSL  Basis Set Exchange Library   7/22/12 8:44 PM 
 Elements                             References 
 H     : T.H. Dunning, Jr. J. Chem. Phys. 90, 1007 (1989). 
 He    : D.E. Woon and T.H. Dunning, Jr. J. Chem. Phys. 100, 2975 (1994). 
 Li - Ne: T.H. Dunning, Jr. J. Chem. Phys. 90, 1007 (1989). 
 Na - Mg: D.E. Woon and T.H. Dunning, Jr.  (to be published) 
 Al - Ar: D.E. Woon and T.H. Dunning, Jr.  J. Chem. Phys. 98, 1358 (1993). 
 Ca     : J. Koput and K.A. Peterson, J. Phys. Chem. A, 106, 9595 (2002). 
 Sc - Zn: N.B. Balabanov and K.A. Peterson, J. Chem. Phys, 123, 064107 (2005) 
 Ga - Kr: A.K. Wilson, D.E. Woon, K.A. Peterson, T.H. Dunning, Jr. J. Chem. Phys., 110, 7667 (1999) 
  
 Elements                             References 
 H    :  T.H. Dunning, Jr. J. Chem. Phys. 90, 1007 (1989). 
 He   :  D.E. Woon and T.H. Dunning, Jr., J. Chem. Phys. 100, 2975 (1994). 
 B - F:  R.A. Kendall, T.H. Dunning, Jr. and R.J. Harrison, J. Chem. Phys. 96, 
 6796 (1992). 
 Al - Cl: D.E. Woon and T.H. Dunning, Jr. J. Chem. Phys. 98, 1358 (1993). 
 Sc - Zn: N.B. Balabanov and K.A. Peterson, J. Chem. Phys, 123, 064107 (2005) 
  
 Elements                             References 
 H - He:  D.E. Woon and T.H. Dunning, Jr., J. Chem. Phys. 100, 2975 (1994). 
  B - F: 
 Al - Cl:  
    
O-HYDROGEN H (D-AUG-CC-PVQZ) BASIS TYPE: 1
# 
18
1 0 3
82.64000000 0.00200600
12.41000000 0.01534300
2.82400000 0.07557900
2 0 1
0.79770000 1.00000000
3 0 1
0.25810000 1.00000000
4 0 1
0.08989000 1.00000000
5 0 1
0.02363000 1.00000000
6 0 1
0.00621000 1.00000000
7 1 1
2.29200000 1.00000000
8 1 1
0.83800000 1.00000000
9 1 1
0.29200000 1.00000000
10 1 1
0.08480000 1.00000000
11 1 1
0.02460000 1.00000000
12 2 1
2.06200000 1.00000000
13 2 1
0.66200000 1.00000000
14 2 1
0.19000000 1.00000000
15 2 1
0.05450000 1.00000000
16 3 1
1.39700000 1.00000000
17 3 1
0.36000000 1.00000000
18 3 1
0.09280000 1.00000000

O-POSITRON E+ (D-AUG-CC-PVQZ) BASIS TYPE: 1
# 
18
1 0 3
82.64000000 0.00200600
12.41000000 0.01534300
2.82400000 0.07557900
2 0 1
0.79770000 1.00000000
3 0 1
0.25810000 1.00000000
4 0 1
0.08989000 1.00000000
5 0 1
0.02363000 1.00000000
6 0 1
0.00621000 1.00000000
7 1 1
2.29200000 1.00000000
8 1 1
0.83800000 1.00000000
9 1 1
0.29200000 1.00000000
10 1 1
0.08480000 1.00000000
11 1 1
0.02460000 1.00000000
12 2 1
2.06200000 1.00000000
13 2 1
0.66200000 1.00000000
14 2 1
0.19000000 1.00000000
15 2 1
0.05450000 1.00000000
16 3 1
1.39700000 1.00000000
17 3 1
0.36000000 1.00000000
18 3 1
0.09280000 1.00000000



O-HELIUM HE (D-AUG-CC-PVQZ) BASIS TYPE: 1
# 
18
1 0 4
528.50000000 0.00094000
79.31000000 0.00721400
18.05000000 0.03597500
5.08500000 0.12778200
2 0 1
1.60900000 1.00000000
3 0 1
0.53630000 1.00000000
4 0 1
0.18330000 1.00000000
5 0 1
0.04819000 1.00000000
6 0 1
0.01270000 1.00000000
7 1 1
5.99400000 1.00000000
8 1 1
1.74500000 1.00000000
9 1 1
0.56000000 1.00000000
10 1 1
0.16260000 1.00000000
11 1 1
0.04720000 1.00000000
12 2 1
4.29900000 1.00000000
13 2 1
1.22300000 1.00000000
14 2 1
0.35100000 1.00000000
15 2 1
0.10100000 1.00000000
16 3 1
2.68000000 1.00000000
17 3 1
0.69060000 1.00000000
18 3 1
0.17800000 1.00000000

O-BORON B (D-AUG-CC-PVQZ) BASIS TYPE: 1
# 
25
1 0 9
23870.00000000 0.00008800
3575.00000000 0.00068700
812.80000000 0.00360000
229.70000000 0.01494900
74.69000000 0.05143500
26.81000000 0.14330200
10.32000000 0.30093500
4.17800000 0.40352600
1.72700000 0.22534000
2 0 9
23870.00000000 -0.00001800
3575.00000000 -0.00013900
812.80000000 -0.00072500
229.70000000 -0.00306300
74.69000000 -0.01058100
26.81000000 -0.03136500
10.32000000 -0.07101200
4.17800000 -0.13210300
1.72700000 -0.12307200
3 0 1
0.47040000 1.00000000
4 0 1
0.18960000 1.00000000
5 0 1
0.07394000 1.00000000
6 0 1
0.02721000 1.00000000
7 0 1
0.01000000 1.00000000
8 1 3
22.26000000 0.00509500
5.05800000 0.03320600
1.48700000 0.13231400
9 1 1
0.50710000 1.00000000
10 1 1
0.18120000 1.00000000
11 1 1
0.06463000 1.00000000
12 1 1
0.01878000 1.00000000
13 1 1
0.00546000 1.00000000
14 2 1
1.11000000 1.00000000
15 2 1
0.40200000 1.00000000
16 2 1
0.14500000 1.00000000
17 2 1
0.04660000 1.00000000
18 2 1
0.01500000 1.00000000
19 3 1
0.88200000 1.00000000
20 3 1
0.31100000 1.00000000
21 3 1
0.11300000 1.00000000
22 3 1
0.04110000 1.00000000
23 4 1
0.67300000 1.00000000
24 4 1
0.27300000 1.00000000
25 4 1
0.11100000 1.00000000

O-CARBON C (D-AUG-CC-PVQZ) BASIS TYPE: 1
# 
25
1 0 9
33980.00000000 0.00009100
5089.00000000 0.00070400
1157.00000000 0.00369300
326.60000000 0.01536000
106.10000000 0.05292900
38.11000000 0.14704300
14.75000000 0.30563100
6.03500000 0.39934500
2.53000000 0.21705100
2 0 9
33980.00000000 -0.00001900
5089.00000000 -0.00015100
1157.00000000 -0.00078500
326.60000000 -0.00332400
106.10000000 -0.01151200
38.11000000 -0.03416000
14.75000000 -0.07717300
6.03500000 -0.14149300
2.53000000 -0.11801900
3 0 1
0.73550000 1.00000000
4 0 1
0.29050000 1.00000000
5 0 1
0.11110000 1.00000000
6 0 1
0.04145000 1.00000000
7 0 1
0.01550000 1.00000000
8 1 3
34.51000000 0.00537800
7.91500000 0.03613200
2.36800000 0.14249300
9 1 1
0.81320000 1.00000000
10 1 1
0.28900000 1.00000000
11 1 1
0.10070000 1.00000000
12 1 1
0.03218000 1.00000000
13 1 1
0.01030000 1.00000000
14 2 1
1.84800000 1.00000000
15 2 1
0.64900000 1.00000000
16 2 1
0.22800000 1.00000000
17 2 1
0.07660000 1.00000000
18 2 1
0.02570000 1.00000000
19 3 1
1.41900000 1.00000000
20 3 1
0.48500000 1.00000000
21 3 1
0.18700000 1.00000000
22 3 1
0.07210000 1.00000000
23 4 1
1.01100000 1.00000000
24 4 1
0.42400000 1.00000000
25 4 1
0.17800000 1.00000000

O-NITROGEN N (D-AUG-CC-PVQZ) BASIS TYPE: 1
# 
25
1 0 9
45840.00000000 0.00009200
6868.00000000 0.00071700
1563.00000000 0.00374900
442.40000000 0.01553200
144.30000000 0.05314600
52.18000000 0.14678700
20.34000000 0.30466300
8.38100000 0.39768400
3.52900000 0.21764100
2 0 9
45840.00000000 -0.00002000
6868.00000000 -0.00015900
1563.00000000 -0.00082400
442.40000000 -0.00347800
144.30000000 -0.01196600
52.18000000 -0.03538800
20.34000000 -0.08007700
8.38100000 -0.14672200
3.52900000 -0.11636000
3 0 1
1.05400000 1.00000000
4 0 1
0.41180000 1.00000000
5 0 1
0.15520000 1.00000000
6 0 1
0.05464000 1.00000000
7 0 1
0.01920000 1.00000000
8 1 3
49.33000000 0.00553300
11.37000000 0.03796200
3.43500000 0.14902800
9 1 1
1.18200000 1.00000000
10 1 1
0.41730000 1.00000000
11 1 1
0.14280000 1.00000000
12 1 1
0.04402000 1.00000000
13 1 1
0.01360000 1.00000000
14 2 1
2.83700000 1.00000000
15 2 1
0.96800000 1.00000000
16 2 1
0.33500000 1.00000000
17 2 1
0.11100000 1.00000000
18 2 1
0.03680000 1.00000000
19 3 1
2.02700000 1.00000000
20 3 1
0.68500000 1.00000000
21 3 1
0.24500000 1.00000000
22 3 1
0.08760000 1.00000000
23 4 1
1.42700000 1.00000000
24 4 1
0.55900000 1.00000000
25 4 1
0.21900000 1.00000000

O-OXYGEN O (D-AUG-CC-PVQZ) BASIS TYPE: 1
# 
25
1 0 9
61420.00000000 0.00009000
9199.00000000 0.00069800
2091.00000000 0.00366400
590.90000000 0.01521800
192.30000000 0.05242300
69.32000000 0.14592100
26.97000000 0.30525800
11.10000000 0.39850800
4.68200000 0.21698000
2 0 9
61420.00000000 -0.00002000
9199.00000000 -0.00015900
2091.00000000 -0.00082900
590.90000000 -0.00350800
192.30000000 -0.01215600
69.32000000 -0.03626100
26.97000000 -0.08299200
11.10000000 -0.15209000
4.68200000 -0.11533100
3 0 1
1.42800000 1.00000000
4 0 1
0.55470000 1.00000000
5 0 1
0.20670000 1.00000000
6 0 1
0.06959000 1.00000000
7 0 1
0.02340000 1.00000000
8 1 3
63.42000000 0.00604400
14.66000000 0.04179900
4.45900000 0.16114300
9 1 1
1.53100000 1.00000000
10 1 1
0.53020000 1.00000000
11 1 1
0.17500000 1.00000000
12 1 1
0.05348000 1.00000000
13 1 1
0.01630000 1.00000000
14 2 1
3.77500000 1.00000000
15 2 1
1.30000000 1.00000000
16 2 1
0.44400000 1.00000000
17 2 1
0.15400000 1.00000000
18 2 1
0.05340000 1.00000000
19 3 1
2.66600000 1.00000000
20 3 1
0.85900000 1.00000000
21 3 1
0.32400000 1.00000000
22 3 1
0.12200000 1.00000000
23 4 1
1.84600000 1.00000000
24 4 1
0.71400000 1.00000000
25 4 1
0.27600000 1.00000000

O-FLUORINE F (D-AUG-CC-PVQZ) BASIS TYPE: 1
# 
25
1 0 9
74530.00000000 0.00009500
11170.00000000 0.00073800
2543.00000000 0.00385800
721.00000000 0.01592600
235.90000000 0.05428900
85.60000000 0.14951300
33.55000000 0.30825200
13.93000000 0.39485300
5.91500000 0.21103100
2 0 9
74530.00000000 -0.00002200
11170.00000000 -0.00017200
2543.00000000 -0.00089100
721.00000000 -0.00374800
235.90000000 -0.01286200
85.60000000 -0.03806100
33.55000000 -0.08623900
13.93000000 -0.15586500
5.91500000 -0.11091400
3 0 1
1.84300000 1.00000000
4 0 1
0.71240000 1.00000000
5 0 1
0.26370000 1.00000000
6 0 1
0.08594000 1.00000000
7 0 1
0.02800000 1.00000000
8 1 3
80.39000000 0.00634700
18.63000000 0.04420400
5.69400000 0.16851400
9 1 1
1.95300000 1.00000000
10 1 1
0.67020000 1.00000000
11 1 1
0.21660000 1.00000000
12 1 1
0.06568000 1.00000000
13 1 1
0.01990000 1.00000000
14 2 1
5.01400000 1.00000000
15 2 1
1.72500000 1.00000000
16 2 1
0.58600000 1.00000000
17 2 1
0.20700000 1.00000000
18 2 1
0.07310000 1.00000000
19 3 1
3.56200000 1.00000000
20 3 1
1.14800000 1.00000000
21 3 1
0.46000000 1.00000000
22 3 1
0.18400000 1.00000000
23 4 1
2.37600000 1.00000000
24 4 1
0.92400000 1.00000000
25 4 1
0.35900000 1.00000000

O-NEON NE (D-AUG-CC-PVQZ) BASIS TYPE: 1
# 
25
1 0 9
99920.00000000 0.00008600
14960.00000000 0.00066900
3399.00000000 0.00351800
958.90000000 0.01466700
311.20000000 0.05096200
111.70000000 0.14374400
43.32000000 0.30456200
17.80000000 0.40010500
7.50300000 0.21864400
2 0 9
99920.00000000 -0.00002000
14960.00000000 -0.00015800
3399.00000000 -0.00082400
958.90000000 -0.00350000
311.20000000 -0.01223300
111.70000000 -0.03701700
43.32000000 -0.08611300
17.80000000 -0.15838100
7.50300000 -0.11428800
3 0 1
2.33700000 1.00000000
4 0 1
0.90010000 1.00000000
5 0 1
0.33010000 1.00000000
6 0 1
0.10540000 1.00000000
7 0 1
0.03370000 1.00000000
8 1 3
99.68000000 0.00656600
23.15000000 0.04597900
7.10800000 0.17341900
9 1 1
2.44100000 1.00000000
10 1 1
0.83390000 1.00000000
11 1 1
0.26620000 1.00000000
12 1 1
0.08178000 1.00000000
13 1 1
0.02510000 1.00000000
14 2 1
6.47100000 1.00000000
15 2 1
2.21300000 1.00000000
16 2 1
0.74700000 1.00000000
17 2 1
0.27300000 1.00000000
18 2 1
0.09980000 1.00000000
19 3 1
4.65700000 1.00000000
20 3 1
1.52400000 1.00000000
21 3 1
0.68900000 1.00000000
22 3 1
0.31100000 1.00000000
23 4 1
2.98300000 1.00000000
24 4 1
1.22400000 1.00000000
25 4 1
0.50200000 1.00000000

