  d-aug-cc-pVTZ  EMSL  Basis Set Exchange Library   7/22/12 8:44 PM 
 Elements                             References 
 H     : T.H. Dunning, Jr. J. Chem. Phys. 90, 1007 (1989). 
 He    : D.E. Woon and T.H. Dunning, Jr. J. Chem. Phys. 100, 2975 (1994). 
 Li - Ne: T.H. Dunning, Jr. J. Chem. Phys. 90, 1007 (1989). 
 Na - Mg: D.E. Woon and T.H. Dunning, Jr.  (to be published) 
 Al - Ar: D.E. Woon and T.H. Dunning, Jr.  J. Chem. Phys. 98, 1358 (1993). 
 Ca     : J. Koput and K.A. Peterson, J. Phys. Chem. A, 106, 9595 (2002). 
 Sc - Zn: N.B. Balabanov and K.A. Peterson, J. Chem. Phys, 123, 064107 (2005) 
 Ga - Kr: A.K. Wilson, D.E. Woon, K.A. Peterson, T.H. Dunning, Jr., J. Chem. Phys., 110, 7667 (1999) 
  
 Elements                             References 
 H    :  T.H. Dunning, Jr. J. Chem. Phys. 90, 1007 (1989). 
 He   :  D.E. Woon and T.H. Dunning, Jr., J. Chem. Phys. 100, 2975 (1994). 
 B - F:  R.A. Kendall, T.H. Dunning, Jr. and R.J. Harrison, J. Chem. Phys. 96, 
 6796 (1992). 
 Al - Cl: D.E. Woon and T.H. Dunning, Jr. J. Chem. Phys. 98, 1358 (1993). 
 Sc - Zn: N.B. Balabanov and K.A. Peterson, J. Chem. Phys, 123, 064107 (2005) 
  
 Elements                             References 
 H - He:  D.E. Woon and T.H. Dunning, Jr., J. Chem. Phys. 100, 2975 (1994). 
  B - F: 
 Al - Cl:  
    
O-HYDROGEN H (D-AUG-CC-PVTZ) BASIS TYPE: 1
# 
12
1 0 3
33.87000000 0.00606800
5.09500000 0.04530800
1.15900000 0.20282200
2 0 1
0.32580000 1.00000000
3 0 1
0.10270000 1.00000000
4 0 1
0.02526000 1.00000000
5 0 1
0.00621000 1.00000000
6 1 1
1.40700000 1.00000000
7 1 1
0.38800000 1.00000000
8 1 1
0.10200000 1.00000000
9 1 1
0.02680000 1.00000000
10 2 1
1.05700000 1.00000000
11 2 1
0.24700000 1.00000000
12 2 1
0.05770000 1.00000000

O-POSITRON E+ (D-AUG-CC-PVTZ) BASIS TYPE: 1
# 
12
1 0 3
33.87000000 0.00606800
5.09500000 0.04530800
1.15900000 0.20282200
2 0 1
0.32580000 1.00000000
3 0 1
0.10270000 1.00000000
4 0 1
0.02526000 1.00000000
5 0 1
0.00621000 1.00000000
6 1 1
1.40700000 1.00000000
7 1 1
0.38800000 1.00000000
8 1 1
0.10200000 1.00000000
9 1 1
0.02680000 1.00000000
10 2 1
1.05700000 1.00000000
11 2 1
0.24700000 1.00000000
12 2 1
0.05770000 1.00000000



O-HELIUM HE (D-AUG-CC-PVTZ) BASIS TYPE: 1
# 
12
1 0 4
234.00000000 0.00258700
35.16000000 0.01953300
7.98900000 0.09099800
2.21200000 0.27205000
2 0 1
0.66690000 1.00000000
3 0 1
0.20890000 1.00000000
4 0 1
0.05138000 1.00000000
5 0 1
0.01260000 1.00000000
6 1 1
3.04400000 1.00000000
7 1 1
0.75800000 1.00000000
8 1 1
0.19930000 1.00000000
9 1 1
0.05240000 1.00000000
10 2 1
1.96500000 1.00000000
11 2 1
0.45920000 1.00000000
12 2 1
0.10700000 1.00000000

O-BORON B (D-AUG-CC-PVTZ) BASIS TYPE: 1
# 
18
1 0 8
5473.00000000 0.00055500
820.90000000 0.00429100
186.80000000 0.02194900
52.83000000 0.08444100
17.08000000 0.23855700
5.99900000 0.43507200
2.20800000 0.34195500
0.24150000 -0.00954500
2 0 8
5473.00000000 -0.00011200
820.90000000 -0.00086800
186.80000000 -0.00448400
52.83000000 -0.01768300
17.08000000 -0.05363900
5.99900000 -0.11900500
2.20800000 -0.16582400
0.24150000 0.59598100
3 0 1
0.58790000 1.00000000
4 0 1
0.08610000 1.00000000
5 0 1
0.02914000 1.00000000
6 0 1
0.00986000 1.00000000
7 1 3
12.05000000 0.01311800
2.61300000 0.07989600
0.74750000 0.27727500
8 1 1
0.23850000 1.00000000
9 1 1
0.07698000 1.00000000
10 1 1
0.02096000 1.00000000
11 1 1
0.00571000 1.00000000
12 2 1
0.66100000 1.00000000
13 2 1
0.19900000 1.00000000
14 2 1
0.06040000 1.00000000
15 2 1
0.01830000 1.00000000
16 3 1
0.49000000 1.00000000
17 3 1
0.16300000 1.00000000
18 3 1
0.05420000 1.00000000

O-CARBON C (D-AUG-CC-PVTZ) BASIS TYPE: 1
# 
18
1 0 8
8236.00000000 0.00053100
1235.00000000 0.00410800
280.80000000 0.02108700
79.27000000 0.08185300
25.59000000 0.23481700
8.99700000 0.43440100
3.31900000 0.34612900
0.36430000 -0.00898300
2 0 8
8236.00000000 -0.00011300
1235.00000000 -0.00087800
280.80000000 -0.00454000
79.27000000 -0.01813300
25.59000000 -0.05576000
8.99700000 -0.12689500
3.31900000 -0.17035200
0.36430000 0.59868400
3 0 1
0.90590000 1.00000000
4 0 1
0.12850000 1.00000000
5 0 1
0.04402000 1.00000000
6 0 1
0.01510000 1.00000000
7 1 3
18.71000000 0.01403100
4.13300000 0.08686600
1.20000000 0.29021600
8 1 1
0.38270000 1.00000000
9 1 1
0.12090000 1.00000000
10 1 1
0.03569000 1.00000000
11 1 1
0.01050000 1.00000000
12 2 1
1.09700000 1.00000000
13 2 1
0.31800000 1.00000000
14 2 1
0.10000000 1.00000000
15 2 1
0.03140000 1.00000000
16 3 1
0.76100000 1.00000000
17 3 1
0.26800000 1.00000000
18 3 1
0.09440000 1.00000000

O-NITROGEN N (D-AUG-CC-PVTZ) BASIS TYPE: 1
# 
18
1 0 8
11420.00000000 0.00052300
1712.00000000 0.00404500
389.30000000 0.02077500
110.00000000 0.08072700
35.57000000 0.23307400
12.54000000 0.43350100
4.64400000 0.34747200
0.51180000 -0.00850800
2 0 8
11420.00000000 -0.00011500
1712.00000000 -0.00089500
389.30000000 -0.00462400
110.00000000 -0.01852800
35.57000000 -0.05733900
12.54000000 -0.13207600
4.64400000 -0.17251000
0.51180000 0.59994400
3 0 1
1.29300000 1.00000000
4 0 1
0.17870000 1.00000000
5 0 1
0.05760000 1.00000000
6 0 1
0.01860000 1.00000000
7 1 3
26.63000000 0.01467000
5.94800000 0.09176400
1.74200000 0.29868300
8 1 1
0.55500000 1.00000000
9 1 1
0.17250000 1.00000000
10 1 1
0.04910000 1.00000000
11 1 1
0.01400000 1.00000000
12 2 1
1.65400000 1.00000000
13 2 1
0.46900000 1.00000000
14 2 1
0.15100000 1.00000000
15 2 1
0.04860000 1.00000000
16 3 1
1.09300000 1.00000000
17 3 1
0.36400000 1.00000000
18 3 1
0.12100000 1.00000000

O-OXYGEN O (D-AUG-CC-PVTZ) BASIS TYPE: 1
# 
18
1 0 8
15330.00000000 0.00050800
2299.00000000 0.00392900
522.40000000 0.02024300
147.30000000 0.07918100
47.55000000 0.23068700
16.76000000 0.43311800
6.20700000 0.35026000
0.68820000 -0.00815400
2 0 8
15330.00000000 -0.00011500
2299.00000000 -0.00089500
522.40000000 -0.00463600
147.30000000 -0.01872400
47.55000000 -0.05846300
16.76000000 -0.13646300
6.20700000 -0.17574000
0.68820000 0.60341800
3 0 1
1.75200000 1.00000000
4 0 1
0.23840000 1.00000000
5 0 1
0.07376000 1.00000000
6 0 1
0.02280000 1.00000000
7 1 3
34.46000000 0.01592800
7.74900000 0.09974000
2.28000000 0.31049200
8 1 1
0.71560000 1.00000000
9 1 1
0.21400000 1.00000000
10 1 1
0.05974000 1.00000000
11 1 1
0.01670000 1.00000000
12 2 1
2.31400000 1.00000000
13 2 1
0.64500000 1.00000000
14 2 1
0.21400000 1.00000000
15 2 1
0.07100000 1.00000000
16 3 1
1.42800000 1.00000000
17 3 1
0.50000000 1.00000000
18 3 1
0.17500000 1.00000000

O-FLUORINE F (D-AUG-CC-PVTZ) BASIS TYPE: 1
# 
18
1 0 8
19500.00000000 0.00050700
2923.00000000 0.00392300
664.50000000 0.02020000
187.50000000 0.07901000
60.62000000 0.23043900
21.42000000 0.43287200
7.95000000 0.34996400
0.88150000 -0.00789200
2 0 8
19500.00000000 -0.00011700
2923.00000000 -0.00091200
664.50000000 -0.00471700
187.50000000 -0.01908600
60.62000000 -0.05965500
21.42000000 -0.14001000
7.95000000 -0.17678200
0.88150000 0.60504300
3 0 1
2.25700000 1.00000000
4 0 1
0.30410000 1.00000000
5 0 1
0.09158000 1.00000000
6 0 1
0.02760000 1.00000000
7 1 3
43.88000000 0.01666500
9.92600000 0.10447200
2.93000000 0.31726000
8 1 1
0.91320000 1.00000000
9 1 1
0.26720000 1.00000000
10 1 1
0.07361000 1.00000000
11 1 1
0.02030000 1.00000000
12 2 1
3.10700000 1.00000000
13 2 1
0.85500000 1.00000000
14 2 1
0.29200000 1.00000000
15 2 1
0.09970000 1.00000000
16 3 1
1.91700000 1.00000000
17 3 1
0.72400000 1.00000000
18 3 1
0.27300000 1.00000000

O-NEON NE (D-AUG-CC-PVTZ) BASIS TYPE: 1
# 
18
1 0 8
24350.00000000 0.00050200
3650.00000000 0.00388100
829.60000000 0.01999700
234.00000000 0.07841800
75.61000000 0.22967600
26.73000000 0.43272200
9.92700000 0.35064200
1.10200000 -0.00764500
2 0 8
24350.00000000 -0.00011800
3650.00000000 -0.00091500
829.60000000 -0.00473700
234.00000000 -0.01923300
75.61000000 -0.06036900
26.73000000 -0.14250800
9.92700000 -0.17771000
1.10200000 0.60583600
3 0 1
2.83600000 1.00000000
4 0 1
0.37820000 1.00000000
5 0 1
0.11330000 1.00000000
6 0 1
0.03390000 1.00000000
7 1 3
54.70000000 0.01715100
12.43000000 0.10765600
3.67900000 0.32168100
8 1 1
1.14300000 1.00000000
9 1 1
0.33000000 1.00000000
10 1 1
0.09175000 1.00000000
11 1 1
0.02550000 1.00000000
12 2 1
4.01400000 1.00000000
13 2 1
1.09600000 1.00000000
14 2 1
0.38600000 1.00000000
15 2 1
0.13600000 1.00000000
16 3 1
2.54400000 1.00000000
17 3 1
1.08400000 1.00000000
18 3 1
0.46200000 1.00000000

