  d-aug-cc-pVDZ  EMSL  Basis Set Exchange Library   7/22/12 8:43 PM 
 Elements                             References 
 H     : T.H. Dunning, Jr. J. Chem. Phys. 90, 1007 (1989). 
 He    : D.E. Woon and T.H. Dunning, Jr. J. Chem. Phys. 100, 2975 (1994). 
 Li - Ne: T.H. Dunning, Jr. J. Chem. Phys. 90, 1007 (1989). 
 Na - Mg: D.E. Woon and T.H. Dunning, Jr.  (to be published) 
 Al - Ar: D.E. Woon and T.H. Dunning, Jr.  J. Chem. Phys. 98, 1358 (1993). 
 Sc - Zn: N.B. Balabanov and K.A. Peterson, J. Chem. Phys. 123, 064107 (2005), 
 N.B. Balabanov and K.A. Peterson, J. Chem. Phys. 125, 074110 (2006) 
 Ca     : J. Koput and K.A. Peterson, J. Phys. Chem. A, 106, 9595 (2002). 
  
 Elements                             References 
 H    :  T.H. Dunning, Jr. J. Chem. Phys. 90, 1007 (1989). 
 He   :  D.E. Woon and T.H. Dunning, Jr., J. Chem. Phys. 100, 2975 (1994). 
 B - F:  R.A. Kendall, T.H. Dunning, Jr. and R.J. Harrison, J. Chem. Phys. 96, 
 6796 (1992). 
 Al - Cl: D.E. Woon and T.H. Dunning, Jr. J. Chem. Phys. 98, 1358 (1993). 
 Sc - Zn: N.B. Balabanov and K.A. Peterson, J. Chem. Phys. 123, 064107 (2005), 
 N.B. Balabanov and K.A. Peterson, J. Chem. Phys. 125, 074110 (2006). 
  
 Elements                             References 
 H - He:  D.E. Woon and T.H. Dunning, Jr., J. Chem. Phys. 100, 2975 (1994). 
  B - F:   
 Al - Cl:  
    
O-HYDROGEN H (D-AUG-CC-PVDZ) BASIS TYPE: 1
# 
7
1 0 3
13.01000000 0.01968500
1.96200000 0.13797700
0.44460000 0.47814800
2 0 1
0.12200000 1.00000000
3 0 1
0.02974000 1.00000000
4 0 1
0.00725000 1.00000000
5 1 1
0.72700000 1.00000000
6 1 1
0.14100000 1.00000000
7 1 1
0.02730000 1.00000000

O-HELIUM HE (D-AUG-CC-PVDZ) BASIS TYPE: 1
# 
7
1 0 3
38.36000000 0.02380900
5.77000000 0.15489100
1.24000000 0.46998700
2 0 1
0.29760000 1.00000000
3 0 1
0.07255000 1.00000000
4 0 1
0.01770000 1.00000000
5 1 1
1.27500000 1.00000000
6 1 1
0.24730000 1.00000000
7 1 1
0.04800000 1.00000000

O-BORON B (D-AUG-CC-PVDZ) BASIS TYPE: 1
# 
12
1 0 8
4570.00000000 0.00069600
685.90000000 0.00535300
156.50000000 0.02713400
44.47000000 0.10138000
14.48000000 0.27205500
5.13100000 0.44840300
1.89800000 0.29012300
0.33290000 0.01432200
2 0 8
4570.00000000 -0.00013900
685.90000000 -0.00109700
156.50000000 -0.00544400
44.47000000 -0.02191600
14.48000000 -0.05975100
5.13100000 -0.13873200
1.89800000 -0.13148200
0.33290000 0.53952600
3 0 1
0.10430000 1.00000000
4 0 1
0.03105000 1.00000000
5 0 1
0.00924000 1.00000000
6 1 3
6.00100000 0.03548100
1.24100000 0.19807200
0.33640000 0.50523000
7 1 1
0.09538000 1.00000000
8 1 1
0.02378000 1.00000000
9 1 1
0.00593000 1.00000000
10 2 1
0.34300000 1.00000000
11 2 1
0.09040000 1.00000000
12 2 1
0.02380000 1.00000000

O-CARBON C (D-AUG-CC-PVDZ) BASIS TYPE: 1
# 
12
1 0 8
6665.00000000 0.00069200
1000.00000000 0.00532900
228.00000000 0.02707700
64.71000000 0.10171800
21.06000000 0.27474000
7.49500000 0.44856400
2.79700000 0.28507400
0.52150000 0.01520400
2 0 8
6665.00000000 -0.00014600
1000.00000000 -0.00115400
228.00000000 -0.00572500
64.71000000 -0.02331200
21.06000000 -0.06395500
7.49500000 -0.14998100
2.79700000 -0.12726200
0.52150000 0.54452900
3 0 1
0.15960000 1.00000000
4 0 1
0.04690000 1.00000000
5 0 1
0.01380000 1.00000000
6 1 3
9.43900000 0.03810900
2.00200000 0.20948000
0.54560000 0.50855700
7 1 1
0.15170000 1.00000000
8 1 1
0.04041000 1.00000000
9 1 1
0.01080000 1.00000000
10 2 1
0.55000000 1.00000000
11 2 1
0.15100000 1.00000000
12 2 1
0.04150000 1.00000000

O-NITROGEN N (D-AUG-CC-PVDZ) BASIS TYPE: 1
# 
12
1 0 8
9046.00000000 0.00070000
1357.00000000 0.00538900
309.30000000 0.02740600
87.73000000 0.10320700
28.56000000 0.27872300
10.21000000 0.44854000
3.83800000 0.27823800
0.74660000 0.01544000
2 0 8
9046.00000000 -0.00015300
1357.00000000 -0.00120800
309.30000000 -0.00599200
87.73000000 -0.02454400
28.56000000 -0.06745900
10.21000000 -0.15807800
3.83800000 -0.12183100
0.74660000 0.54900300
3 0 1
0.22480000 1.00000000
4 0 1
0.06124000 1.00000000
5 0 1
0.01670000 1.00000000
6 1 3
13.55000000 0.03991900
2.91700000 0.21716900
0.79730000 0.51031900
7 1 1
0.21850000 1.00000000
8 1 1
0.05611000 1.00000000
9 1 1
0.01440000 1.00000000
10 2 1
0.81700000 1.00000000
11 2 1
0.23000000 1.00000000
12 2 1
0.06470000 1.00000000

O-OXYGEN O (D-AUG-CC-PVDZ) BASIS TYPE: 1
# 
12
1 0 8
11720.00000000 0.00071000
1759.00000000 0.00547000
400.80000000 0.02783700
113.70000000 0.10480000
37.03000000 0.28306200
13.27000000 0.44871900
5.02500000 0.27095200
1.01300000 0.01545800
2 0 8
11720.00000000 -0.00016000
1759.00000000 -0.00126300
400.80000000 -0.00626700
113.70000000 -0.02571600
37.03000000 -0.07092400
13.27000000 -0.16541100
5.02500000 -0.11695500
1.01300000 0.55736800
3 0 1
0.30230000 1.00000000
4 0 1
0.07896000 1.00000000
5 0 1
0.02060000 1.00000000
6 1 3
17.70000000 0.04301800
3.85400000 0.22891300
1.04600000 0.50872800
7 1 1
0.27530000 1.00000000
8 1 1
0.06856000 1.00000000
9 1 1
0.01710000 1.00000000
10 2 1
1.18500000 1.00000000
11 2 1
0.33200000 1.00000000
12 2 1
0.09300000 1.00000000

O-FLUORINE F (D-AUG-CC-PVDZ) BASIS TYPE: 1
# 
12
1 0 8
14710.00000000 0.00072100
2207.00000000 0.00555300
502.80000000 0.02826700
142.60000000 0.10644400
46.47000000 0.28681400
16.70000000 0.44864100
6.35600000 0.26476100
1.31600000 0.01533300
2 0 8
14710.00000000 -0.00016500
2207.00000000 -0.00130800
502.80000000 -0.00649500
142.60000000 -0.02669100
46.47000000 -0.07369000
16.70000000 -0.17077600
6.35600000 -0.11232700
1.31600000 0.56281400
3 0 1
0.38970000 1.00000000
4 0 1
0.09863000 1.00000000
5 0 1
0.02500000 1.00000000
6 1 3
22.67000000 0.04487800
4.97700000 0.23571800
1.34700000 0.50852100
7 1 1
0.34710000 1.00000000
8 1 1
0.08502000 1.00000000
9 1 1
0.02080000 1.00000000
10 2 1
1.64000000 1.00000000
11 2 1
0.46400000 1.00000000
12 2 1
0.13100000 1.00000000

O-NEON NE (D-AUG-CC-PVDZ) BASIS TYPE: 1
# 
12
1 0 8
17880.00000000 0.00073800
2683.00000000 0.00567700
611.50000000 0.02888300
173.50000000 0.10854000
56.64000000 0.29090700
20.42000000 0.44832400
7.81000000 0.25802600
1.65300000 0.01506300
2 0 8
17880.00000000 -0.00017200
2683.00000000 -0.00135700
611.50000000 -0.00673700
173.50000000 -0.02766300
56.64000000 -0.07620800
20.42000000 -0.17522700
7.81000000 -0.10703800
1.65300000 0.56705000
3 0 1
0.48690000 1.00000000
4 0 1
0.12300000 1.00000000
5 0 1
0.03110000 1.00000000
6 1 3
28.39000000 0.04608700
6.27000000 0.24018100
1.69500000 0.50874400
7 1 1
0.43170000 1.00000000
8 1 1
0.10640000 1.00000000
9 1 1
0.02620000 1.00000000
10 2 1
2.20200000 1.00000000
11 2 1
0.63100000 1.00000000
12 2 1
0.18100000 1.00000000

