  Def2-TZVPPD  EMSL  Basis Set Exchange Library   7/22/12 8:46 PM 
 Elements                             References 
 H He Li Be B C N O F Ne Na Mg Al Si P S Cl Ar K Ca Sc Ti V Cr Mn Fe Co Ni Cu Zn Ga Ge As Se Br Kr Rb Sr Y Zr Nb Mo Tc Ru Rh Pd Ag Cd In Sn Sb Te I Xe Cs Ba La Hf Ta W Re Os Ir Pt Au Hg Tl Pb Bi Po At Rn: Dmitrij Rappoport and F. Furche, Property-optimized Gaussian basis sets for molecular response calculations, J. Chem. Phys. 133, 134105 (2010). 
  
 Elements                             References 
 --------                             ---------- 
 Y-Cd(ecp-28), Hf-Hg(ecp-46): D. Andrae,U. Haeussermann, M.Dolg, H.Stoll, H.Preuss, Theor.Chim.Acta, 1990, 77, 123?141. 
 In-Sb(ecp-28), Tl-Bi(ecp-46): B. Metz, H. Stoll, M. Dolg, J. Chem. Phys., 2000, 113, 2563?2569. 
 Te-Xe(ecp-28), Po-Rn(ecp-46): K. A. Peterson, D. Figgen, E. Goll, H. Stoll, M. Dolg, J. Chem. Phys., 2003, 119, 11113?11123. 
 Rb(ecp-28), Cs(ecp-46): T.Leininger, A.Nicklass, W.Kuechle, H.Stoll, M.Dolg, A.Bergner, Chem. Phys. Lett., 1996, 255, 274?280. 
 Sr(ecp-28), Ba(ecp-46): M. Kaupp, P. V. Schleyer, H. Stoll and H. Preuss, J. Chem. Phys., 1991, 94, 1360?1366. 
  
O-HYDROGEN H (DEF2-TZVPPD) BASIS TYPE: 1
# 
11
1 0 3
34.06134100 0.00602520
5.12357460 0.04502109
1.16466260 0.20189726
2 0 1
0.32723041 1.00000000
3 0 1
0.10307241 1.00000000
4 1 1
1.40700000 1.00000000
5 1 1
0.38800000 1.00000000
6 1 1
0.09577413 1.00000000
7 2 1
1.05700000 1.00000000
1	   0	1
0.03259436 1.0
2	   0	1
0.01030724 1.0	
3	   1	1
0.03028644 1.0
4	   1	1
0.00957741 1.0	

O-LITHIUM LI (DEF2-TZVPPD) BASIS TYPE: 1
# 
14
1 0 6
6269.26280100 0.00020541
940.31612431 0.00159166
214.22107528 0.00828698
60.75984018 0.03385637
19.91515203 0.11103226
7.31715098 0.27449383
2 0 2
2.97246742 0.23792456
1.26398523 0.30765412
3 0 1
0.51427490 1.00000000
4 0 1
0.07703089 1.00000000
5 0 1
0.02893890 1.00000000
6 1 1
0.40000000 1.00000000
7 1 1
0.06000000 1.00000000
8 1 1
3.32700000 1.00000000
9 1 1
0.02009723 1.00000000
10 2 1
0.13190000 1.00000000
1	   0	1
0.00915128 1.0
2	   0	1
0.00289389 1.0
3	   1	1
0.00635530 1.0
4	   1	1
0.00200972 1.0

O-BERYLLIUM BE (DEF2-TZVPPD) BASIS TYPE: 1
# 
14
1 0 6
4700.23656260 0.00023584
704.82845622 0.00182438
160.43110478 0.00939661
45.42534734 0.03690892
14.79833413 0.10897561
5.35124525 0.21694285
2 0 2
2.15420448 0.44695409
0.93363744 0.20866986
3 0 1
0.18791433 1.00000000
4 0 1
0.07464827 1.00000000
5 0 1
0.03265048 1.00000000
6 1 2
0.71695694 -0.16877854
0.19541933 -0.51403420
7 1 1
3.63169171 1.00000000
8 1 1
0.06051547 1.00000000
9 1 1
0.02772632 1.00000000
10 2 1
0.18000000 1.00000000
1	   0	1
0.01032499 1.0
2	   0	1
0.00326505 1.0
3	   1	1
0.00876783 1.0
4	   1	1
0.00277263 1.0	

O-BORON B (DEF2-TZVPPD) BASIS TYPE: 1
# 
19
1 0 6
8564.86606870 0.00022837
1284.15162630 0.00176826
292.27871604 0.00914071
82.77546918 0.03634264
27.01793927 0.11063458
9.81496197 0.23367344
2 0 2
3.93185591 0.41818778
1.65955997 0.22325474
3 0 1
0.35762965 1.00000000
4 0 1
0.14246277 1.00000000
5 0 1
0.06056059 1.00000000
6 0 1
0.03133474 1.00000000
7 1 4
22.45387580 0.00502656
5.10450583 0.03280174
1.49860813 0.13151231
0.50927831 0.33197168
8 1 1
0.18147078 1.00000000
9 1 1
0.06462189 1.00000000
10 2 1
0.66100000 1.00000000
11 2 1
0.19900000 1.00000000
12 2 1
0.05954909 1.00000000
13 3 1
0.49000000 1.00000000
1	   0	1
0.00990891 1.0
2	   0	1
0.00313347 1.0
3	   1	1
0.02043524 1.0
4	   1	1
0.00646219 1.0
5	   2	1
0.01883108 1.0
6	   2	1
0.00595491 1.0	

O-CARBON C (DEF2-TZVPPD) BASIS TYPE: 1
# 
19
1 0 6
13575.34968200 0.00022246
2035.23336800 0.00172327
463.22562359 0.00892557
131.20019598 0.03572798
42.85301589 0.11076260
15.58418577 0.24295628
2 0 2
6.20671385 0.41440263
2.57648965 0.23744969
3 0 1
0.57696339 1.00000000
4 0 1
0.22972831 1.00000000
5 0 1
0.09516444 1.00000000
6 0 1
0.04847540 1.00000000
7 1 4
34.69723224 0.00533337
7.95826228 0.03586411
2.37808269 0.14215873
0.81433208 0.34270472
8 1 1
0.28887547 1.00000000
9 1 1
0.10056824 1.00000000
10 2 1
1.09700000 1.00000000
11 2 1
0.31800000 1.00000000
12 2 1
0.09098534 1.00000000
13 3 1
0.76100000 1.00000000
1	   0	1
0.01532927 1.0
2	   0	1
0.00484754 1.0
3	   1	1
0.03180247 1.0
4	   1	1
0.01005682 1.0
5	   2	1
0.02877209 1.0
6	   2	1
0.00909853 1.0	

O-NITROGEN N (DEF2-TZVPPD) BASIS TYPE: 1
# 
19
1 0 6
19730.80064700 0.00021888
2957.89587450 0.00169607
673.22133595 0.00879546
190.68249494 0.03535938
62.29544190 0.11095789
22.65416118 0.24982973
2 0 2
8.97914774 0.40623896
3.68630024 0.24338217
3 0 1
0.84660077 1.00000000
4 0 1
0.33647134 1.00000000
5 0 1
0.13647654 1.00000000
6 0 1
0.06844161 1.00000000
7 1 4
49.20038051 0.00555524
11.34679054 0.03805238
3.42739724 0.14953671
1.17855251 0.34949305
8 1 1
0.41642205 1.00000000
9 1 1
0.14260826 1.00000000
10 2 1
1.65400000 1.00000000
11 2 1
0.46900000 1.00000000
12 2 1
0.12829642 1.00000000
13 3 1
1.09300000 1.00000000
1	   0	1
0.02164314 1.0
2	   0	1
0.00684416 1.0
3	   1	1
0.04509669 1.0
4	   1	1
0.01426083 1.0
5	   2	1
0.04057089 1.0
6	   2	1
0.01282964 1.0	

O-OXYGEN O (DEF2-TZVPPD) BASIS TYPE: 1
# 
20
1 0 6
27032.38263100 0.00021726
4052.38713920 0.00168387
922.32722710 0.00873956
261.24070989 0.03523997
85.35464135 0.11153519
31.03503524 0.25588954
2 0 2
12.26086073 0.39768731
4.99870760 0.24627849
3 0 1
1.17031082 1.00000000
4 0 1
0.46474741 1.00000000
5 0 1
0.18504536 1.00000000
6 0 1
0.07028803 1.00000000
7 1 4
63.27495480 0.00606851
14.62704938 0.04191258
4.45012235 0.16153841
1.52757996 0.35706951
8 1 1
0.52935118 1.00000000
9 1 1
0.17478421 1.00000000
10 1 1
0.05111275 1.00000000
11 2 1
2.31400000 1.00000000
12 2 1
0.64500000 1.00000000
13 2 1
0.14696477 1.00000000
14 3 1
1.42800000 1.00000000
1	   0	1
0.02222703 1.0
2	   0	1
0.00702880 1.0
3	   1	1
0.01616327 1.0
4	   1	1
0.00511127 1.0
5	   2	1
0.04647434 1.0
6	   2	1
0.01469648 1.0	

O-FLUORINE F (DEF2-TZVPPD) BASIS TYPE: 1
# 
20
1 0 6
35479.10044100 0.00021545
5318.47289830 0.00167007
1210.48109750 0.00867332
342.85518140 0.03504993
112.01943181 0.11165320
40.71474025 0.25988507
2 0 2
16.03967811 0.39422967
6.50381867 0.24998239
3 0 1
1.54404775 1.00000000
4 0 1
0.61223453 1.00000000
5 0 1
0.24027980 1.00000000
6 0 1
0.09091845 1.00000000
7 1 4
80.23390048 0.00636860
18.59401074 0.04430314
5.68679027 0.16867249
1.95110063 0.36166346
8 1 1
0.66970211 1.00000000
9 1 1
0.21651300 1.00000000
10 1 1
0.05961328 1.00000000
11 2 1
3.10700000 1.00000000
12 2 1
0.85500000 1.00000000
13 2 1
0.18608388 1.00000000
14 3 1
1.91700000 1.00000000
1	   0	1
0.02875094 1.0
2	   0	1
0.00909184 1.0
3	   1	1
0.01885137 1.0
4	   1	1
0.00596133 1.0
5	   2	1
0.05884489 1.0
6	   2	1
0.01860839 1.0	




