O-HYDROGEN H_1 (DZSPDH) BASIS TYPE: 2
# 
9
1 0 1
42.32953000 1.00000000
2 0 1
30.60121000 1.00000000
3 0 1
20.17583000 1.00000000
4 1 1
40.25819000 1.00000000
5 1 1
29.49726000 1.00000000
6 1 1
18.21766000 1.00000000
7 2 1
36.88654000 1.00000000
8 2 1
25.51488000 1.00000000
9 2 1
16.73036000 1.00000000

O-HYDROGEN H_2 (DZSPDH) BASIS TYPE: 2
# 
9
1 0 1
42.32953000 1.00000000
2 0 1
30.60121000 1.00000000
3 0 1
20.17583000 1.00000000
4 1 1
40.25819000 1.00000000
5 1 1
29.49726000 1.00000000
6 1 1
18.21766000 1.00000000
7 2 1
36.88654000 1.00000000
8 2 1
25.51488000 1.00000000
9 2 1
16.73036000 1.00000000


