O-HYDROGEN H_1 (DZSPDH) BASIS TYPE: 2
# 
6
1 0 1
29.29266100 1.00000000
2 0 1
20.17583100 1.00000000
3 1 1
26.16687500 1.00000000
4 1 1
18.21765900 1.00000000
5 2 1
23.70662200 1.00000000
6 2 1
16.73036200 1.00000000

O-HYDROGEN H-A_1 (DZSPDH) BASIS TYPE: 2
# 
6
1 0 1
29.29266100 1.00000000
2 0 1
20.17583100 1.00000000
3 1 1
26.16687500 1.00000000
4 1 1
18.21765900 1.00000000
5 2 1
23.70662200 1.00000000
6 2 1
16.73036200 1.00000000

O-HYDROGEN H-B_1 (DZSPDH) BASIS TYPE: 2
# 
6
1 0 1
29.29266100 1.00000000
2 0 1
20.17583100 1.00000000
3 1 1
26.16687500 1.00000000
4 1 1
18.21765900 1.00000000
5 2 1
23.70662200 1.00000000
6 2 1
16.73036200 1.00000000

O-HYDROGEN H-C_1 (DZSPDH) BASIS TYPE: 2
# 
6
1 0 1
29.29266100 1.00000000
2 0 1
20.17583100 1.00000000
3 1 1
26.16687500 1.00000000
4 1 1
18.21765900 1.00000000
5 2 1
23.70662200 1.00000000
6 2 1
16.73036200 1.00000000

O-HYDROGEN H-D_1 (DZSPDH) BASIS TYPE: 2
# 
6
1 0 1
29.29266100 1.00000000
2 0 1
20.17583100 1.00000000
3 1 1
26.16687500 1.00000000
4 1 1
18.21765900 1.00000000
5 2 1
23.70662200 1.00000000
6 2 1
16.73036200 1.00000000

O-HYDROGEN H-E_1 (DZSPDH) BASIS TYPE: 2
# 
6
1 0 1
29.29266100 1.00000000
2 0 1
20.17583100 1.00000000
3 1 1
26.16687500 1.00000000
4 1 1
18.21765900 1.00000000
5 2 1
23.70662200 1.00000000
6 2 1
16.73036200 1.00000000

O-HYDROGEN H-F_1 (DZSPDH) BASIS TYPE: 2
# 
6
1 0 1
29.29266100 1.00000000
2 0 1
20.17583100 1.00000000
3 1 1
26.16687500 1.00000000
4 1 1
18.21765900 1.00000000
5 2 1
23.70662200 1.00000000
6 2 1
16.73036200 1.00000000

O-HYDROGEN H-G_1 (DZSPDH) BASIS TYPE: 2
# 
6
1 0 1
29.29266100 1.00000000
2 0 1
20.17583100 1.00000000
3 1 1
26.16687500 1.00000000
4 1 1
18.21765900 1.00000000
5 2 1
23.70662200 1.00000000
6 2 1
16.73036200 1.00000000

O-HYDROGEN H-H_1 (DZSPDH) BASIS TYPE: 2
# 
6
1 0 1
29.29266100 1.00000000
2 0 1
20.17583100 1.00000000
3 1 1
26.16687500 1.00000000
4 1 1
18.21765900 1.00000000
5 2 1
23.70662200 1.00000000
6 2 1
16.73036200 1.00000000

O-HYDROGEN H-I_1 (DZSPDH) BASIS TYPE: 2
# 
6
1 0 1
29.29266100 1.00000000
2 0 1
20.17583100 1.00000000
3 1 1
26.16687500 1.00000000
4 1 1
18.21765900 1.00000000
5 2 1
23.70662200 1.00000000
6 2 1
16.73036200 1.00000000

O-HYDROGEN H-J_1 (DZSPDH) BASIS TYPE: 2
# 
6
1 0 1
29.29266100 1.00000000
2 0 1
20.17583100 1.00000000
3 1 1
26.16687500 1.00000000
4 1 1
18.21765900 1.00000000
5 2 1
23.70662200 1.00000000
6 2 1
16.73036200 1.00000000

O-HYDROGEN H-K_1 (DZSPDH) BASIS TYPE: 2
# 
6
1 0 1
29.29266100 1.00000000
2 0 1
20.17583100 1.00000000
3 1 1
26.16687500 1.00000000
4 1 1
18.21765900 1.00000000
5 2 1
23.70662200 1.00000000
6 2 1
16.73036200 1.00000000

O-HYDROGEN H-L_1 (DZSPDH) BASIS TYPE: 2
# 
6
1 0 1
29.29266100 1.00000000
2 0 1
20.17583100 1.00000000
3 1 1
26.16687500 1.00000000
4 1 1
18.21765900 1.00000000
5 2 1
23.70662200 1.00000000
6 2 1
16.73036200 1.00000000

O-HYDROGEN H-M_1 (DZSPDH) BASIS TYPE: 2
# 
6
1 0 1
29.29266100 1.00000000
2 0 1
20.17583100 1.00000000
3 1 1
26.16687500 1.00000000
4 1 1
18.21765900 1.00000000
5 2 1
23.70662200 1.00000000
6 2 1
16.73036200 1.00000000

O-HYDROGEN H-N_1 (DZSPDH) BASIS TYPE: 2
# 
6
1 0 1
29.29266100 1.00000000
2 0 1
20.17583100 1.00000000
3 1 1
26.16687500 1.00000000
4 1 1
18.21765900 1.00000000
5 2 1
23.70662200 1.00000000
6 2 1
16.73036200 1.00000000

O-HYDROGEN H-O_1 (DZSPDH) BASIS TYPE: 2
# 
6
1 0 1
29.29266100 1.00000000
2 0 1
20.17583100 1.00000000
3 1 1
26.16687500 1.00000000
4 1 1
18.21765900 1.00000000
5 2 1
23.70662200 1.00000000
6 2 1
16.73036200 1.00000000

O-HYDROGEN H-P_1 (DZSPDH) BASIS TYPE: 2
# 
6
1 0 1
29.29266100 1.00000000
2 0 1
20.17583100 1.00000000
3 1 1
26.16687500 1.00000000
4 1 1
18.21765900 1.00000000
5 2 1
23.70662200 1.00000000
6 2 1
16.73036200 1.00000000

O-HYDROGEN H-Q_1 (DZSPDH) BASIS TYPE: 2
# 
6
1 0 1
29.29266100 1.00000000
2 0 1
20.17583100 1.00000000
3 1 1
26.16687500 1.00000000
4 1 1
18.21765900 1.00000000
5 2 1
23.70662200 1.00000000
6 2 1
16.73036200 1.00000000

O-HYDROGEN H-R_1 (DZSPDH) BASIS TYPE: 2
# 
6
1 0 1
29.29266100 1.00000000
2 0 1
20.17583100 1.00000000
3 1 1
26.16687500 1.00000000
4 1 1
18.21765900 1.00000000
5 2 1
23.70662200 1.00000000
6 2 1
16.73036200 1.00000000

O-HYDROGEN H-S_1 (DZSPDH) BASIS TYPE: 2
# 
6
1 0 1
29.29266100 1.00000000
2 0 1
20.17583100 1.00000000
3 1 1
26.16687500 1.00000000
4 1 1
18.21765900 1.00000000
5 2 1
23.70662200 1.00000000
6 2 1
16.73036200 1.00000000

O-HYDROGEN H-T_1 (DZSPDH) BASIS TYPE: 2
# 
6
1 0 1
29.29266100 1.00000000
2 0 1
20.17583100 1.00000000
3 1 1
26.16687500 1.00000000
4 1 1
18.21765900 1.00000000
5 2 1
23.70662200 1.00000000
6 2 1
16.73036200 1.00000000

O-HYDROGEN H-U_1 (DZSPDH) BASIS TYPE: 2
# 
6
1 0 1
29.29266100 1.00000000
2 0 1
20.17583100 1.00000000
3 1 1
26.16687500 1.00000000
4 1 1
18.21765900 1.00000000
5 2 1
23.70662200 1.00000000
6 2 1
16.73036200 1.00000000

O-HYDROGEN H-V_1 (DZSPDH) BASIS TYPE: 2
# 
6
1 0 1
29.29266100 1.00000000
2 0 1
20.17583100 1.00000000
3 1 1
26.16687500 1.00000000
4 1 1
18.21765900 1.00000000
5 2 1
23.70662200 1.00000000
6 2 1
16.73036200 1.00000000

O-HYDROGEN H-W_1 (DZSPDH) BASIS TYPE: 2
# 
6
1 0 1
29.29266100 1.00000000
2 0 1
20.17583100 1.00000000
3 1 1
26.16687500 1.00000000
4 1 1
18.21765900 1.00000000
5 2 1
23.70662200 1.00000000
6 2 1
16.73036200 1.00000000

O-HYDROGEN H-X_1 (DZSPDH) BASIS TYPE: 2
# 
6
1 0 1
29.29266100 1.00000000
2 0 1
20.17583100 1.00000000
3 1 1
26.16687500 1.00000000
4 1 1
18.21765900 1.00000000
5 2 1
23.70662200 1.00000000
6 2 1
16.73036200 1.00000000

O-HYDROGEN H-Y_1 (DZSPDH) BASIS TYPE: 2
# 
6
1 0 1
29.29266100 1.00000000
2 0 1
20.17583100 1.00000000
3 1 1
26.16687500 1.00000000
4 1 1
18.21765900 1.00000000
5 2 1
23.70662200 1.00000000
6 2 1
16.73036200 1.00000000

O-HYDROGEN H-Z_1 (DZSPDH) BASIS TYPE: 2
# 
6
1 0 1
29.29266100 1.00000000
2 0 1
20.17583100 1.00000000
3 1 1
26.16687500 1.00000000
4 1 1
18.21765900 1.00000000
5 2 1
23.70662200 1.00000000
6 2 1
16.73036200 1.00000000

O-HYDROGEN H-AA_1 (DZSPDH) BASIS TYPE: 2
# 
6
1 0 1
29.29266100 1.00000000
2 0 1
20.17583100 1.00000000
3 1 1
26.16687500 1.00000000
4 1 1
18.21765900 1.00000000
5 2 1
23.70662200 1.00000000
6 2 1
16.73036200 1.00000000

O-HYDROGEN H-AB_1 (DZSPDH) BASIS TYPE: 2
# 
6
1 0 1
29.29266100 1.00000000
2 0 1
20.17583100 1.00000000
3 1 1
26.16687500 1.00000000
4 1 1
18.21765900 1.00000000
5 2 1
23.70662200 1.00000000
6 2 1
16.73036200 1.00000000

O-HYDROGEN H-AC_1 (DZSPDH) BASIS TYPE: 2
# 
6
1 0 1
29.29266100 1.00000000
2 0 1
20.17583100 1.00000000
3 1 1
26.16687500 1.00000000
4 1 1
18.21765900 1.00000000
5 2 1
23.70662200 1.00000000
6 2 1
16.73036200 1.00000000

O-HYDROGEN H-AD_1 (DZSPDH) BASIS TYPE: 2
# 
6
1 0 1
29.29266100 1.00000000
2 0 1
20.17583100 1.00000000
3 1 1
26.16687500 1.00000000
4 1 1
18.21765900 1.00000000
5 2 1
23.70662200 1.00000000
6 2 1
16.73036200 1.00000000

O-HYDROGEN H-AE_1 (DZSPDH) BASIS TYPE: 2
# 
6
1 0 1
29.29266100 1.00000000
2 0 1
20.17583100 1.00000000
3 1 1
26.16687500 1.00000000
4 1 1
18.21765900 1.00000000
5 2 1
23.70662200 1.00000000
6 2 1
16.73036200 1.00000000

O-HYDROGEN H-AF_1 (DZSPDH) BASIS TYPE: 2
# 
6
1 0 1
29.29266100 1.00000000
2 0 1
20.17583100 1.00000000
3 1 1
26.16687500 1.00000000
4 1 1
18.21765900 1.00000000
5 2 1
23.70662200 1.00000000
6 2 1
16.73036200 1.00000000

O-HYDROGEN H-AG_1 (DZSPDH) BASIS TYPE: 2
# 
6
1 0 1
29.29266100 1.00000000
2 0 1
20.17583100 1.00000000
3 1 1
26.16687500 1.00000000
4 1 1
18.21765900 1.00000000
5 2 1
23.70662200 1.00000000
6 2 1
16.73036200 1.00000000

O-HYDROGEN H-AH_1 (DZSPDH) BASIS TYPE: 2
# 
6
1 0 1
29.29266100 1.00000000
2 0 1
20.17583100 1.00000000
3 1 1
26.16687500 1.00000000
4 1 1
18.21765900 1.00000000
5 2 1
23.70662200 1.00000000
6 2 1
16.73036200 1.00000000

O-HYDROGEN H-AI_1 (DZSPDH) BASIS TYPE: 2
# 
6
1 0 1
29.29266100 1.00000000
2 0 1
20.17583100 1.00000000
3 1 1
26.16687500 1.00000000
4 1 1
18.21765900 1.00000000
5 2 1
23.70662200 1.00000000
6 2 1
16.73036200 1.00000000

O-HYDROGEN H-AJ_1 (DZSPDH) BASIS TYPE: 2
# 
6
1 0 1
29.29266100 1.00000000
2 0 1
20.17583100 1.00000000
3 1 1
26.16687500 1.00000000
4 1 1
18.21765900 1.00000000
5 2 1
23.70662200 1.00000000
6 2 1
16.73036200 1.00000000

O-HYDROGEN H-AK_1 (DZSPDH) BASIS TYPE: 2
# 
6
1 0 1
29.29266100 1.00000000
2 0 1
20.17583100 1.00000000
3 1 1
26.16687500 1.00000000
4 1 1
18.21765900 1.00000000
5 2 1
23.70662200 1.00000000
6 2 1
16.73036200 1.00000000

O-HYDROGEN H-AL_1 (DZSPDH) BASIS TYPE: 2
# 
6
1 0 1
29.29266100 1.00000000
2 0 1
20.17583100 1.00000000
3 1 1
26.16687500 1.00000000
4 1 1
18.21765900 1.00000000
5 2 1
23.70662200 1.00000000
6 2 1
16.73036200 1.00000000

O-HYDROGEN H-AM_1 (DZSPDH) BASIS TYPE: 2
# 
6
1 0 1
29.29266100 1.00000000
2 0 1
20.17583100 1.00000000
3 1 1
26.16687500 1.00000000
4 1 1
18.21765900 1.00000000
5 2 1
23.70662200 1.00000000
6 2 1
16.73036200 1.00000000

O-HYDROGEN H-AN_1 (DZSPDH) BASIS TYPE: 2
# 
6
1 0 1
29.29266100 1.00000000
2 0 1
20.17583100 1.00000000
3 1 1
26.16687500 1.00000000
4 1 1
18.21765900 1.00000000
5 2 1
23.70662200 1.00000000
6 2 1
16.73036200 1.00000000

O-HYDROGEN H-AO_1 (DZSPDH) BASIS TYPE: 2
# 
6
1 0 1
29.29266100 1.00000000
2 0 1
20.17583100 1.00000000
3 1 1
26.16687500 1.00000000
4 1 1
18.21765900 1.00000000
5 2 1
23.70662200 1.00000000
6 2 1
16.73036200 1.00000000

O-HYDROGEN H-AP_1 (DZSPDH) BASIS TYPE: 2
# 
6
1 0 1
29.29266100 1.00000000
2 0 1
20.17583100 1.00000000
3 1 1
26.16687500 1.00000000
4 1 1
18.21765900 1.00000000
5 2 1
23.70662200 1.00000000
6 2 1
16.73036200 1.00000000

O-HYDROGEN H-AQ_1 (DZSPDH) BASIS TYPE: 2
# 
6
1 0 1
29.29266100 1.00000000
2 0 1
20.17583100 1.00000000
3 1 1
26.16687500 1.00000000
4 1 1
18.21765900 1.00000000
5 2 1
23.70662200 1.00000000
6 2 1
16.73036200 1.00000000

O-HYDROGEN H-AR_1 (DZSPDH) BASIS TYPE: 2
# 
6
1 0 1
29.29266100 1.00000000
2 0 1
20.17583100 1.00000000
3 1 1
26.16687500 1.00000000
4 1 1
18.21765900 1.00000000
5 2 1
23.70662200 1.00000000
6 2 1
16.73036200 1.00000000

O-HYDROGEN H-AS_1 (DZSPDH) BASIS TYPE: 2
# 
6
1 0 1
29.29266100 1.00000000
2 0 1
20.17583100 1.00000000
3 1 1
26.16687500 1.00000000
4 1 1
18.21765900 1.00000000
5 2 1
23.70662200 1.00000000
6 2 1
16.73036200 1.00000000

O-HYDROGEN H-AT_1 (DZSPDH) BASIS TYPE: 2
# 
6
1 0 1
29.29266100 1.00000000
2 0 1
20.17583100 1.00000000
3 1 1
26.16687500 1.00000000
4 1 1
18.21765900 1.00000000
5 2 1
23.70662200 1.00000000
6 2 1
16.73036200 1.00000000

O-HYDROGEN H-AU_1 (DZSPDH) BASIS TYPE: 2
# 
6
1 0 1
29.29266100 1.00000000
2 0 1
20.17583100 1.00000000
3 1 1
26.16687500 1.00000000
4 1 1
18.21765900 1.00000000
5 2 1
23.70662200 1.00000000
6 2 1
16.73036200 1.00000000

O-HYDROGEN H-AV_1 (DZSPDH) BASIS TYPE: 2
# 
6
1 0 1
29.29266100 1.00000000
2 0 1
20.17583100 1.00000000
3 1 1
26.16687500 1.00000000
4 1 1
18.21765900 1.00000000
5 2 1
23.70662200 1.00000000
6 2 1
16.73036200 1.00000000

O-HYDROGEN H-AW_1 (DZSPDH) BASIS TYPE: 2
# 
6
1 0 1
29.29266100 1.00000000
2 0 1
20.17583100 1.00000000
3 1 1
26.16687500 1.00000000
4 1 1
18.21765900 1.00000000
5 2 1
23.70662200 1.00000000
6 2 1
16.73036200 1.00000000

O-HYDROGEN H-AX_1 (DZSPDH) BASIS TYPE: 2
# 
6
1 0 1
29.29266100 1.00000000
2 0 1
20.17583100 1.00000000
3 1 1
26.16687500 1.00000000
4 1 1
18.21765900 1.00000000
5 2 1
23.70662200 1.00000000
6 2 1
16.73036200 1.00000000

O-HYDROGEN H-AY_1 (DZSPDH) BASIS TYPE: 2
# 
6
1 0 1
29.29266100 1.00000000
2 0 1
20.17583100 1.00000000
3 1 1
26.16687500 1.00000000
4 1 1
18.21765900 1.00000000
5 2 1
23.70662200 1.00000000
6 2 1
16.73036200 1.00000000

O-HYDROGEN H-AZ_1 (DZSPDH) BASIS TYPE: 2
# 
6
1 0 1
29.29266100 1.00000000
2 0 1
20.17583100 1.00000000
3 1 1
26.16687500 1.00000000
4 1 1
18.21765900 1.00000000
5 2 1
23.70662200 1.00000000
6 2 1
16.73036200 1.00000000

O-HYDROGEN H-BA_1 (DZSPDH) BASIS TYPE: 2
# 
6
1 0 1
29.29266100 1.00000000
2 0 1
20.17583100 1.00000000
3 1 1
26.16687500 1.00000000
4 1 1
18.21765900 1.00000000
5 2 1
23.70662200 1.00000000
6 2 1
16.73036200 1.00000000

O-HYDROGEN H-BB_1 (DZSPDH) BASIS TYPE: 2
# 
6
1 0 1
29.29266100 1.00000000
2 0 1
20.17583100 1.00000000
3 1 1
26.16687500 1.00000000
4 1 1
18.21765900 1.00000000
5 2 1
23.70662200 1.00000000
6 2 1
16.73036200 1.00000000

O-HYDROGEN H-BC_1 (DZSPDH) BASIS TYPE: 2
# 
6
1 0 1
29.29266100 1.00000000
2 0 1
20.17583100 1.00000000
3 1 1
26.16687500 1.00000000
4 1 1
18.21765900 1.00000000
5 2 1
23.70662200 1.00000000
6 2 1
16.73036200 1.00000000

O-HYDROGEN H-BD_1 (DZSPDH) BASIS TYPE: 2
# 
6
1 0 1
29.29266100 1.00000000
2 0 1
20.17583100 1.00000000
3 1 1
26.16687500 1.00000000
4 1 1
18.21765900 1.00000000
5 2 1
23.70662200 1.00000000
6 2 1
16.73036200 1.00000000

O-HYDROGEN H-BE_1 (DZSPDH) BASIS TYPE: 2
# 
6
1 0 1
29.29266100 1.00000000
2 0 1
20.17583100 1.00000000
3 1 1
26.16687500 1.00000000
4 1 1
18.21765900 1.00000000
5 2 1
23.70662200 1.00000000
6 2 1
16.73036200 1.00000000

O-HYDROGEN H-BF_1 (DZSPDH) BASIS TYPE: 2
# 
6
1 0 1
29.29266100 1.00000000
2 0 1
20.17583100 1.00000000
3 1 1
26.16687500 1.00000000
4 1 1
18.21765900 1.00000000
5 2 1
23.70662200 1.00000000
6 2 1
16.73036200 1.00000000

O-HYDROGEN H-BG_1 (DZSPDH) BASIS TYPE: 2
# 
6
1 0 1
29.29266100 1.00000000
2 0 1
20.17583100 1.00000000
3 1 1
26.16687500 1.00000000
4 1 1
18.21765900 1.00000000
5 2 1
23.70662200 1.00000000
6 2 1
16.73036200 1.00000000

O-HYDROGEN H-BH_1 (DZSPDH) BASIS TYPE: 2
# 
6
1 0 1
29.29266100 1.00000000
2 0 1
20.17583100 1.00000000
3 1 1
26.16687500 1.00000000
4 1 1
18.21765900 1.00000000
5 2 1
23.70662200 1.00000000
6 2 1
16.73036200 1.00000000

O-HYDROGEN H-BI_1 (DZSPDH) BASIS TYPE: 2
# 
6
1 0 1
29.29266100 1.00000000
2 0 1
20.17583100 1.00000000
3 1 1
26.16687500 1.00000000
4 1 1
18.21765900 1.00000000
5 2 1
23.70662200 1.00000000
6 2 1
16.73036200 1.00000000

O-HYDROGEN H-BJ_1 (DZSPDH) BASIS TYPE: 2
# 
6
1 0 1
29.29266100 1.00000000
2 0 1
20.17583100 1.00000000
3 1 1
26.16687500 1.00000000
4 1 1
18.21765900 1.00000000
5 2 1
23.70662200 1.00000000
6 2 1
16.73036200 1.00000000

O-HYDROGEN H-BK_1 (DZSPDH) BASIS TYPE: 2
# 
6
1 0 1
29.29266100 1.00000000
2 0 1
20.17583100 1.00000000
3 1 1
26.16687500 1.00000000
4 1 1
18.21765900 1.00000000
5 2 1
23.70662200 1.00000000
6 2 1
16.73036200 1.00000000

O-HYDROGEN H-BL_1 (DZSPDH) BASIS TYPE: 2
# 
6
1 0 1
29.29266100 1.00000000
2 0 1
20.17583100 1.00000000
3 1 1
26.16687500 1.00000000
4 1 1
18.21765900 1.00000000
5 2 1
23.70662200 1.00000000
6 2 1
16.73036200 1.00000000

O-HYDROGEN H-BM_1 (DZSPDH) BASIS TYPE: 2
# 
6
1 0 1
29.29266100 1.00000000
2 0 1
20.17583100 1.00000000
3 1 1
26.16687500 1.00000000
4 1 1
18.21765900 1.00000000
5 2 1
23.70662200 1.00000000
6 2 1
16.73036200 1.00000000

O-HYDROGEN H-BN_1 (DZSPDH) BASIS TYPE: 2
# 
6
1 0 1
29.29266100 1.00000000
2 0 1
20.17583100 1.00000000
3 1 1
26.16687500 1.00000000
4 1 1
18.21765900 1.00000000
5 2 1
23.70662200 1.00000000
6 2 1
16.73036200 1.00000000

O-HYDROGEN H-BO_1 (DZSPDH) BASIS TYPE: 2
# 
6
1 0 1
29.29266100 1.00000000
2 0 1
20.17583100 1.00000000
3 1 1
26.16687500 1.00000000
4 1 1
18.21765900 1.00000000
5 2 1
23.70662200 1.00000000
6 2 1
16.73036200 1.00000000

O-HYDROGEN H-BP_1 (DZSPDH) BASIS TYPE: 2
# 
6
1 0 1
29.29266100 1.00000000
2 0 1
20.17583100 1.00000000
3 1 1
26.16687500 1.00000000
4 1 1
18.21765900 1.00000000
5 2 1
23.70662200 1.00000000
6 2 1
16.73036200 1.00000000

O-HYDROGEN H-BQ_1 (DZSPDH) BASIS TYPE: 2
# 
6
1 0 1
29.29266100 1.00000000
2 0 1
20.17583100 1.00000000
3 1 1
26.16687500 1.00000000
4 1 1
18.21765900 1.00000000
5 2 1
23.70662200 1.00000000
6 2 1
16.73036200 1.00000000

O-HYDROGEN H-BR_1 (DZSPDH) BASIS TYPE: 2
# 
6
1 0 1
29.29266100 1.00000000
2 0 1
20.17583100 1.00000000
3 1 1
26.16687500 1.00000000
4 1 1
18.21765900 1.00000000
5 2 1
23.70662200 1.00000000
6 2 1
16.73036200 1.00000000

O-HYDROGEN H-BS_1 (DZSPDH) BASIS TYPE: 2
# 
6
1 0 1
29.29266100 1.00000000
2 0 1
20.17583100 1.00000000
3 1 1
26.16687500 1.00000000
4 1 1
18.21765900 1.00000000
5 2 1
23.70662200 1.00000000
6 2 1
16.73036200 1.00000000

O-HYDROGEN H-BT_1 (DZSPDH) BASIS TYPE: 2
# 
6
1 0 1
29.29266100 1.00000000
2 0 1
20.17583100 1.00000000
3 1 1
26.16687500 1.00000000
4 1 1
18.21765900 1.00000000
5 2 1
23.70662200 1.00000000
6 2 1
16.73036200 1.00000000

O-HYDROGEN H-BU_1 (DZSPDH) BASIS TYPE: 2
# 
6
1 0 1
29.29266100 1.00000000
2 0 1
20.17583100 1.00000000
3 1 1
26.16687500 1.00000000
4 1 1
18.21765900 1.00000000
5 2 1
23.70662200 1.00000000
6 2 1
16.73036200 1.00000000

O-HYDROGEN H-BV_1 (DZSPDH) BASIS TYPE: 2
# 
6
1 0 1
29.29266100 1.00000000
2 0 1
20.17583100 1.00000000
3 1 1
26.16687500 1.00000000
4 1 1
18.21765900 1.00000000
5 2 1
23.70662200 1.00000000
6 2 1
16.73036200 1.00000000

O-HYDROGEN H-BW_1 (DZSPDH) BASIS TYPE: 2
# 
6
1 0 1
29.29266100 1.00000000
2 0 1
20.17583100 1.00000000
3 1 1
26.16687500 1.00000000
4 1 1
18.21765900 1.00000000
5 2 1
23.70662200 1.00000000
6 2 1
16.73036200 1.00000000

O-HYDROGEN H-BX_1 (DZSPDH) BASIS TYPE: 2
# 
6
1 0 1
29.29266100 1.00000000
2 0 1
20.17583100 1.00000000
3 1 1
26.16687500 1.00000000
4 1 1
18.21765900 1.00000000
5 2 1
23.70662200 1.00000000
6 2 1
16.73036200 1.00000000

O-HYDROGEN H-BY_1 (DZSPDH) BASIS TYPE: 2
# 
6
1 0 1
29.29266100 1.00000000
2 0 1
20.17583100 1.00000000
3 1 1
26.16687500 1.00000000
4 1 1
18.21765900 1.00000000
5 2 1
23.70662200 1.00000000
6 2 1
16.73036200 1.00000000

O-HYDROGEN H-BZ_1 (DZSPDH) BASIS TYPE: 2
# 
6
1 0 1
29.29266100 1.00000000
2 0 1
20.17583100 1.00000000
3 1 1
26.16687500 1.00000000
4 1 1
18.21765900 1.00000000
5 2 1
23.70662200 1.00000000
6 2 1
16.73036200 1.00000000

O-HYDROGEN H-CA_1 (DZSPDH) BASIS TYPE: 2
# 
6
1 0 1
29.29266100 1.00000000
2 0 1
20.17583100 1.00000000
3 1 1
26.16687500 1.00000000
4 1 1
18.21765900 1.00000000
5 2 1
23.70662200 1.00000000
6 2 1
16.73036200 1.00000000

O-HYDROGEN H-CB_1 (DZSPDH) BASIS TYPE: 2
# 
6
1 0 1
29.29266100 1.00000000
2 0 1
20.17583100 1.00000000
3 1 1
26.16687500 1.00000000
4 1 1
18.21765900 1.00000000
5 2 1
23.70662200 1.00000000
6 2 1
16.73036200 1.00000000

O-HYDROGEN H-CC_1 (DZSPDH) BASIS TYPE: 2
# 
6
1 0 1
29.29266100 1.00000000
2 0 1
20.17583100 1.00000000
3 1 1
26.16687500 1.00000000
4 1 1
18.21765900 1.00000000
5 2 1
23.70662200 1.00000000
6 2 1
16.73036200 1.00000000

O-HYDROGEN H-CD_1 (DZSPDH) BASIS TYPE: 2
# 
6
1 0 1
29.29266100 1.00000000
2 0 1
20.17583100 1.00000000
3 1 1
26.16687500 1.00000000
4 1 1
18.21765900 1.00000000
5 2 1
23.70662200 1.00000000
6 2 1
16.73036200 1.00000000

O-HYDROGEN H-CE_1 (DZSPDH) BASIS TYPE: 2
# 
6
1 0 1
29.29266100 1.00000000
2 0 1
20.17583100 1.00000000
3 1 1
26.16687500 1.00000000
4 1 1
18.21765900 1.00000000
5 2 1
23.70662200 1.00000000
6 2 1
16.73036200 1.00000000

O-HYDROGEN H-CF_1 (DZSPDH) BASIS TYPE: 2
# 
6
1 0 1
29.29266100 1.00000000
2 0 1
20.17583100 1.00000000
3 1 1
26.16687500 1.00000000
4 1 1
18.21765900 1.00000000
5 2 1
23.70662200 1.00000000
6 2 1
16.73036200 1.00000000

O-HYDROGEN H-CG_1 (DZSPDH) BASIS TYPE: 2
# 
6
1 0 1
29.29266100 1.00000000
2 0 1
20.17583100 1.00000000
3 1 1
26.16687500 1.00000000
4 1 1
18.21765900 1.00000000
5 2 1
23.70662200 1.00000000
6 2 1
16.73036200 1.00000000

O-HYDROGEN H-CH_1 (DZSPDH) BASIS TYPE: 2
# 
6
1 0 1
29.29266100 1.00000000
2 0 1
20.17583100 1.00000000
3 1 1
26.16687500 1.00000000
4 1 1
18.21765900 1.00000000
5 2 1
23.70662200 1.00000000
6 2 1
16.73036200 1.00000000

O-HYDROGEN H-CI_1 (DZSPDH) BASIS TYPE: 2
# 
6
1 0 1
29.29266100 1.00000000
2 0 1
20.17583100 1.00000000
3 1 1
26.16687500 1.00000000
4 1 1
18.21765900 1.00000000
5 2 1
23.70662200 1.00000000
6 2 1
16.73036200 1.00000000

O-HYDROGEN H-CJ_1 (DZSPDH) BASIS TYPE: 2
# 
6
1 0 1
29.29266100 1.00000000
2 0 1
20.17583100 1.00000000
3 1 1
26.16687500 1.00000000
4 1 1
18.21765900 1.00000000
5 2 1
23.70662200 1.00000000
6 2 1
16.73036200 1.00000000

O-HYDROGEN H-CK_1 (DZSPDH) BASIS TYPE: 2
# 
6
1 0 1
29.29266100 1.00000000
2 0 1
20.17583100 1.00000000
3 1 1
26.16687500 1.00000000
4 1 1
18.21765900 1.00000000
5 2 1
23.70662200 1.00000000
6 2 1
16.73036200 1.00000000

O-HYDROGEN H-CL_1 (DZSPDH) BASIS TYPE: 2
# 
6
1 0 1
29.29266100 1.00000000
2 0 1
20.17583100 1.00000000
3 1 1
26.16687500 1.00000000
4 1 1
18.21765900 1.00000000
5 2 1
23.70662200 1.00000000
6 2 1
16.73036200 1.00000000

O-HYDROGEN H-CM_1 (DZSPDH) BASIS TYPE: 2
# 
6
1 0 1
29.29266100 1.00000000
2 0 1
20.17583100 1.00000000
3 1 1
26.16687500 1.00000000
4 1 1
18.21765900 1.00000000
5 2 1
23.70662200 1.00000000
6 2 1
16.73036200 1.00000000

O-HYDROGEN H-CN_1 (DZSPDH) BASIS TYPE: 2
# 
6
1 0 1
29.29266100 1.00000000
2 0 1
20.17583100 1.00000000
3 1 1
26.16687500 1.00000000
4 1 1
18.21765900 1.00000000
5 2 1
23.70662200 1.00000000
6 2 1
16.73036200 1.00000000

O-HYDROGEN H-CO_1 (DZSPDH) BASIS TYPE: 2
# 
6
1 0 1
29.29266100 1.00000000
2 0 1
20.17583100 1.00000000
3 1 1
26.16687500 1.00000000
4 1 1
18.21765900 1.00000000
5 2 1
23.70662200 1.00000000
6 2 1
16.73036200 1.00000000

O-HYDROGEN H-CP_1 (DZSPDH) BASIS TYPE: 2
# 
6
1 0 1
29.29266100 1.00000000
2 0 1
20.17583100 1.00000000
3 1 1
26.16687500 1.00000000
4 1 1
18.21765900 1.00000000
5 2 1
23.70662200 1.00000000
6 2 1
16.73036200 1.00000000

O-HYDROGEN H-CQ_1 (DZSPDH) BASIS TYPE: 2
# 
6
1 0 1
29.29266100 1.00000000
2 0 1
20.17583100 1.00000000
3 1 1
26.16687500 1.00000000
4 1 1
18.21765900 1.00000000
5 2 1
23.70662200 1.00000000
6 2 1
16.73036200 1.00000000

O-HYDROGEN H-CR_1 (DZSPDH) BASIS TYPE: 2
# 
6
1 0 1
29.29266100 1.00000000
2 0 1
20.17583100 1.00000000
3 1 1
26.16687500 1.00000000
4 1 1
18.21765900 1.00000000
5 2 1
23.70662200 1.00000000
6 2 1
16.73036200 1.00000000

O-HYDROGEN H-CS_1 (DZSPDH) BASIS TYPE: 2
# 
6
1 0 1
29.29266100 1.00000000
2 0 1
20.17583100 1.00000000
3 1 1
26.16687500 1.00000000
4 1 1
18.21765900 1.00000000
5 2 1
23.70662200 1.00000000
6 2 1
16.73036200 1.00000000

O-HYDROGEN H-CT_1 (DZSPDH) BASIS TYPE: 2
# 
6
1 0 1
29.29266100 1.00000000
2 0 1
20.17583100 1.00000000
3 1 1
26.16687500 1.00000000
4 1 1
18.21765900 1.00000000
5 2 1
23.70662200 1.00000000
6 2 1
16.73036200 1.00000000

O-HYDROGEN H-CU_1 (DZSPDH) BASIS TYPE: 2
# 
6
1 0 1
29.29266100 1.00000000
2 0 1
20.17583100 1.00000000
3 1 1
26.16687500 1.00000000
4 1 1
18.21765900 1.00000000
5 2 1
23.70662200 1.00000000
6 2 1
16.73036200 1.00000000

O-HYDROGEN H-CV_1 (DZSPDH) BASIS TYPE: 2
# 
6
1 0 1
29.29266100 1.00000000
2 0 1
20.17583100 1.00000000
3 1 1
26.16687500 1.00000000
4 1 1
18.21765900 1.00000000
5 2 1
23.70662200 1.00000000
6 2 1
16.73036200 1.00000000

O-HYDROGEN H-CW_1 (DZSPDH) BASIS TYPE: 2
# 
6
1 0 1
29.29266100 1.00000000
2 0 1
20.17583100 1.00000000
3 1 1
26.16687500 1.00000000
4 1 1
18.21765900 1.00000000
5 2 1
23.70662200 1.00000000
6 2 1
16.73036200 1.00000000

O-HYDROGEN H-CX_1 (DZSPDH) BASIS TYPE: 2
# 
6
1 0 1
29.29266100 1.00000000
2 0 1
20.17583100 1.00000000
3 1 1
26.16687500 1.00000000
4 1 1
18.21765900 1.00000000
5 2 1
23.70662200 1.00000000
6 2 1
16.73036200 1.00000000

O-HYDROGEN H-CY_1 (DZSPDH) BASIS TYPE: 2
# 
6
1 0 1
29.29266100 1.00000000
2 0 1
20.17583100 1.00000000
3 1 1
26.16687500 1.00000000
4 1 1
18.21765900 1.00000000
5 2 1
23.70662200 1.00000000
6 2 1
16.73036200 1.00000000

O-HYDROGEN H-CZ_1 (DZSPDH) BASIS TYPE: 2
# 
6
1 0 1
29.29266100 1.00000000
2 0 1
20.17583100 1.00000000
3 1 1
26.16687500 1.00000000
4 1 1
18.21765900 1.00000000
5 2 1
23.70662200 1.00000000
6 2 1
16.73036200 1.00000000

O-HYDROGEN H-DA_1 (DZSPDH) BASIS TYPE: 2
# 
6
1 0 1
29.29266100 1.00000000
2 0 1
20.17583100 1.00000000
3 1 1
26.16687500 1.00000000
4 1 1
18.21765900 1.00000000
5 2 1
23.70662200 1.00000000
6 2 1
16.73036200 1.00000000

O-HYDROGEN H-DB_1 (DZSPDH) BASIS TYPE: 2
# 
6
1 0 1
29.29266100 1.00000000
2 0 1
20.17583100 1.00000000
3 1 1
26.16687500 1.00000000
4 1 1
18.21765900 1.00000000
5 2 1
23.70662200 1.00000000
6 2 1
16.73036200 1.00000000

O-HYDROGEN H-DC_1 (DZSPDH) BASIS TYPE: 2
# 
6
1 0 1
29.29266100 1.00000000
2 0 1
20.17583100 1.00000000
3 1 1
26.16687500 1.00000000
4 1 1
18.21765900 1.00000000
5 2 1
23.70662200 1.00000000
6 2 1
16.73036200 1.00000000

O-HYDROGEN H-DD_1 (DZSPDH) BASIS TYPE: 2
# 
6
1 0 1
29.29266100 1.00000000
2 0 1
20.17583100 1.00000000
3 1 1
26.16687500 1.00000000
4 1 1
18.21765900 1.00000000
5 2 1
23.70662200 1.00000000
6 2 1
16.73036200 1.00000000

O-HYDROGEN H-DE_1 (DZSPDH) BASIS TYPE: 2
# 
6
1 0 1
29.29266100 1.00000000
2 0 1
20.17583100 1.00000000
3 1 1
26.16687500 1.00000000
4 1 1
18.21765900 1.00000000
5 2 1
23.70662200 1.00000000
6 2 1
16.73036200 1.00000000

O-HYDROGEN H-DF_1 (DZSPDH) BASIS TYPE: 2
# 
6
1 0 1
29.29266100 1.00000000
2 0 1
20.17583100 1.00000000
3 1 1
26.16687500 1.00000000
4 1 1
18.21765900 1.00000000
5 2 1
23.70662200 1.00000000
6 2 1
16.73036200 1.00000000

O-HYDROGEN H-DG_1 (DZSPDH) BASIS TYPE: 2
# 
6
1 0 1
29.29266100 1.00000000
2 0 1
20.17583100 1.00000000
3 1 1
26.16687500 1.00000000
4 1 1
18.21765900 1.00000000
5 2 1
23.70662200 1.00000000
6 2 1
16.73036200 1.00000000

O-HYDROGEN H-DH_1 (DZSPDH) BASIS TYPE: 2
# 
6
1 0 1
29.29266100 1.00000000
2 0 1
20.17583100 1.00000000
3 1 1
26.16687500 1.00000000
4 1 1
18.21765900 1.00000000
5 2 1
23.70662200 1.00000000
6 2 1
16.73036200 1.00000000

O-HYDROGEN H-DI_1 (DZSPDH) BASIS TYPE: 2
# 
6
1 0 1
29.29266100 1.00000000
2 0 1
20.17583100 1.00000000
3 1 1
26.16687500 1.00000000
4 1 1
18.21765900 1.00000000
5 2 1
23.70662200 1.00000000
6 2 1
16.73036200 1.00000000

O-HYDROGEN H-DJ_1 (DZSPDH) BASIS TYPE: 2
# 
6
1 0 1
29.29266100 1.00000000
2 0 1
20.17583100 1.00000000
3 1 1
26.16687500 1.00000000
4 1 1
18.21765900 1.00000000
5 2 1
23.70662200 1.00000000
6 2 1
16.73036200 1.00000000

O-HYDROGEN H-DK_1 (DZSPDH) BASIS TYPE: 2
# 
6
1 0 1
29.29266100 1.00000000
2 0 1
20.17583100 1.00000000
3 1 1
26.16687500 1.00000000
4 1 1
18.21765900 1.00000000
5 2 1
23.70662200 1.00000000
6 2 1
16.73036200 1.00000000

O-HYDROGEN H-DL_1 (DZSPDH) BASIS TYPE: 2
# 
6
1 0 1
29.29266100 1.00000000
2 0 1
20.17583100 1.00000000
3 1 1
26.16687500 1.00000000
4 1 1
18.21765900 1.00000000
5 2 1
23.70662200 1.00000000
6 2 1
16.73036200 1.00000000

O-HYDROGEN H-DM_1 (DZSPDH) BASIS TYPE: 2
# 
6
1 0 1
29.29266100 1.00000000
2 0 1
20.17583100 1.00000000
3 1 1
26.16687500 1.00000000
4 1 1
18.21765900 1.00000000
5 2 1
23.70662200 1.00000000
6 2 1
16.73036200 1.00000000

O-HYDROGEN H-DN_1 (DZSPDH) BASIS TYPE: 2
# 
6
1 0 1
29.29266100 1.00000000
2 0 1
20.17583100 1.00000000
3 1 1
26.16687500 1.00000000
4 1 1
18.21765900 1.00000000
5 2 1
23.70662200 1.00000000
6 2 1
16.73036200 1.00000000

O-HYDROGEN H-DO_1 (DZSPDH) BASIS TYPE: 2
# 
6
1 0 1
29.29266100 1.00000000
2 0 1
20.17583100 1.00000000
3 1 1
26.16687500 1.00000000
4 1 1
18.21765900 1.00000000
5 2 1
23.70662200 1.00000000
6 2 1
16.73036200 1.00000000

O-HYDROGEN H-DP_1 (DZSPDH) BASIS TYPE: 2
# 
6
1 0 1
29.29266100 1.00000000
2 0 1
20.17583100 1.00000000
3 1 1
26.16687500 1.00000000
4 1 1
18.21765900 1.00000000
5 2 1
23.70662200 1.00000000
6 2 1
16.73036200 1.00000000

O-HYDROGEN H-DQ_1 (DZSPDH) BASIS TYPE: 2
# 
6
1 0 1
29.29266100 1.00000000
2 0 1
20.17583100 1.00000000
3 1 1
26.16687500 1.00000000
4 1 1
18.21765900 1.00000000
5 2 1
23.70662200 1.00000000
6 2 1
16.73036200 1.00000000

O-HYDROGEN H-DR_1 (DZSPDH) BASIS TYPE: 2
# 
6
1 0 1
29.29266100 1.00000000
2 0 1
20.17583100 1.00000000
3 1 1
26.16687500 1.00000000
4 1 1
18.21765900 1.00000000
5 2 1
23.70662200 1.00000000
6 2 1
16.73036200 1.00000000

O-HYDROGEN H-DS_1 (DZSPDH) BASIS TYPE: 2
# 
6
1 0 1
29.29266100 1.00000000
2 0 1
20.17583100 1.00000000
3 1 1
26.16687500 1.00000000
4 1 1
18.21765900 1.00000000
5 2 1
23.70662200 1.00000000
6 2 1
16.73036200 1.00000000

O-HYDROGEN H-DT_1 (DZSPDH) BASIS TYPE: 2
# 
6
1 0 1
29.29266100 1.00000000
2 0 1
20.17583100 1.00000000
3 1 1
26.16687500 1.00000000
4 1 1
18.21765900 1.00000000
5 2 1
23.70662200 1.00000000
6 2 1
16.73036200 1.00000000

O-HYDROGEN H-DU_1 (DZSPDH) BASIS TYPE: 2
# 
6
1 0 1
29.29266100 1.00000000
2 0 1
20.17583100 1.00000000
3 1 1
26.16687500 1.00000000
4 1 1
18.21765900 1.00000000
5 2 1
23.70662200 1.00000000
6 2 1
16.73036200 1.00000000

O-HYDROGEN H-DV_1 (DZSPDH) BASIS TYPE: 2
# 
6
1 0 1
29.29266100 1.00000000
2 0 1
20.17583100 1.00000000
3 1 1
26.16687500 1.00000000
4 1 1
18.21765900 1.00000000
5 2 1
23.70662200 1.00000000
6 2 1
16.73036200 1.00000000

O-HYDROGEN H-DW_1 (DZSPDH) BASIS TYPE: 2
# 
6
1 0 1
29.29266100 1.00000000
2 0 1
20.17583100 1.00000000
3 1 1
26.16687500 1.00000000
4 1 1
18.21765900 1.00000000
5 2 1
23.70662200 1.00000000
6 2 1
16.73036200 1.00000000

O-HYDROGEN H-DX_1 (DZSPDH) BASIS TYPE: 2
# 
6
1 0 1
29.29266100 1.00000000
2 0 1
20.17583100 1.00000000
3 1 1
26.16687500 1.00000000
4 1 1
18.21765900 1.00000000
5 2 1
23.70662200 1.00000000
6 2 1
16.73036200 1.00000000

O-HYDROGEN H-DY_1 (DZSPDH) BASIS TYPE: 2
# 
6
1 0 1
29.29266100 1.00000000
2 0 1
20.17583100 1.00000000
3 1 1
26.16687500 1.00000000
4 1 1
18.21765900 1.00000000
5 2 1
23.70662200 1.00000000
6 2 1
16.73036200 1.00000000

O-HYDROGEN H-DZ_1 (DZSPDH) BASIS TYPE: 2
# 
6
1 0 1
29.29266100 1.00000000
2 0 1
20.17583100 1.00000000
3 1 1
26.16687500 1.00000000
4 1 1
18.21765900 1.00000000
5 2 1
23.70662200 1.00000000
6 2 1
16.73036200 1.00000000

O-HYDROGEN H_2 (DZSPDH) BASIS TYPE: 2
# 
6
1 0 1
42.32953000 1.00000000
2 0 1
30.60121000 1.00000000
3 1 1
40.25819000 1.00000000
4 1 1
29.49726000 1.00000000
5 2 1
36.88654000 1.00000000
6 2 1
25.51488000 1.00000000

O-HYDROGEN H-A_2 (DZSPDH) BASIS TYPE: 2
# 
6
1 0 1
42.32953000 1.00000000
2 0 1
30.60121000 1.00000000
3 1 1
40.25819000 1.00000000
4 1 1
29.49726000 1.00000000
5 2 1
36.88654000 1.00000000
6 2 1
25.51488000 1.00000000

O-HYDROGEN H-B_2 (DZSPDH) BASIS TYPE: 2
# 
6
1 0 1
42.32953000 1.00000000
2 0 1
30.60121000 1.00000000
3 1 1
40.25819000 1.00000000
4 1 1
29.49726000 1.00000000
5 2 1
36.88654000 1.00000000
6 2 1
25.51488000 1.00000000

O-HYDROGEN H-C_2 (DZSPDH) BASIS TYPE: 2
# 
6
1 0 1
42.32953000 1.00000000
2 0 1
30.60121000 1.00000000
3 1 1
40.25819000 1.00000000
4 1 1
29.49726000 1.00000000
5 2 1
36.88654000 1.00000000
6 2 1
25.51488000 1.00000000

O-HYDROGEN H-D_2 (DZSPDH) BASIS TYPE: 2
# 
6
1 0 1
42.32953000 1.00000000
2 0 1
30.60121000 1.00000000
3 1 1
40.25819000 1.00000000
4 1 1
29.49726000 1.00000000
5 2 1
36.88654000 1.00000000
6 2 1
25.51488000 1.00000000

O-HYDROGEN H-E_2 (DZSPDH) BASIS TYPE: 2
# 
6
1 0 1
42.32953000 1.00000000
2 0 1
30.60121000 1.00000000
3 1 1
40.25819000 1.00000000
4 1 1
29.49726000 1.00000000
5 2 1
36.88654000 1.00000000
6 2 1
25.51488000 1.00000000

O-HYDROGEN H-F_2 (DZSPDH) BASIS TYPE: 2
# 
6
1 0 1
42.32953000 1.00000000
2 0 1
30.60121000 1.00000000
3 1 1
40.25819000 1.00000000
4 1 1
29.49726000 1.00000000
5 2 1
36.88654000 1.00000000
6 2 1
25.51488000 1.00000000

O-HYDROGEN H-G_2 (DZSPDH) BASIS TYPE: 2
# 
6
1 0 1
42.32953000 1.00000000
2 0 1
30.60121000 1.00000000
3 1 1
40.25819000 1.00000000
4 1 1
29.49726000 1.00000000
5 2 1
36.88654000 1.00000000
6 2 1
25.51488000 1.00000000

O-HYDROGEN H-H_2 (DZSPDH) BASIS TYPE: 2
# 
6
1 0 1
42.32953000 1.00000000
2 0 1
30.60121000 1.00000000
3 1 1
40.25819000 1.00000000
4 1 1
29.49726000 1.00000000
5 2 1
36.88654000 1.00000000
6 2 1
25.51488000 1.00000000

O-HYDROGEN H-I_2 (DZSPDH) BASIS TYPE: 2
# 
6
1 0 1
42.32953000 1.00000000
2 0 1
30.60121000 1.00000000
3 1 1
40.25819000 1.00000000
4 1 1
29.49726000 1.00000000
5 2 1
36.88654000 1.00000000
6 2 1
25.51488000 1.00000000

O-HYDROGEN H-J_2 (DZSPDH) BASIS TYPE: 2
# 
6
1 0 1
42.32953000 1.00000000
2 0 1
30.60121000 1.00000000
3 1 1
40.25819000 1.00000000
4 1 1
29.49726000 1.00000000
5 2 1
36.88654000 1.00000000
6 2 1
25.51488000 1.00000000

O-HYDROGEN H-K_2 (DZSPDH) BASIS TYPE: 2
# 
6
1 0 1
42.32953000 1.00000000
2 0 1
30.60121000 1.00000000
3 1 1
40.25819000 1.00000000
4 1 1
29.49726000 1.00000000
5 2 1
36.88654000 1.00000000
6 2 1
25.51488000 1.00000000

O-HYDROGEN H-L_2 (DZSPDH) BASIS TYPE: 2
# 
6
1 0 1
42.32953000 1.00000000
2 0 1
30.60121000 1.00000000
3 1 1
40.25819000 1.00000000
4 1 1
29.49726000 1.00000000
5 2 1
36.88654000 1.00000000
6 2 1
25.51488000 1.00000000

O-HYDROGEN H-M_2 (DZSPDH) BASIS TYPE: 2
# 
6
1 0 1
42.32953000 1.00000000
2 0 1
30.60121000 1.00000000
3 1 1
40.25819000 1.00000000
4 1 1
29.49726000 1.00000000
5 2 1
36.88654000 1.00000000
6 2 1
25.51488000 1.00000000

O-HYDROGEN H-N_2 (DZSPDH) BASIS TYPE: 2
# 
6
1 0 1
42.32953000 1.00000000
2 0 1
30.60121000 1.00000000
3 1 1
40.25819000 1.00000000
4 1 1
29.49726000 1.00000000
5 2 1
36.88654000 1.00000000
6 2 1
25.51488000 1.00000000

O-HYDROGEN H-O_2 (DZSPDH) BASIS TYPE: 2
# 
6
1 0 1
42.32953000 1.00000000
2 0 1
30.60121000 1.00000000
3 1 1
40.25819000 1.00000000
4 1 1
29.49726000 1.00000000
5 2 1
36.88654000 1.00000000
6 2 1
25.51488000 1.00000000

O-HYDROGEN H-P_2 (DZSPDH) BASIS TYPE: 2
# 
6
1 0 1
42.32953000 1.00000000
2 0 1
30.60121000 1.00000000
3 1 1
40.25819000 1.00000000
4 1 1
29.49726000 1.00000000
5 2 1
36.88654000 1.00000000
6 2 1
25.51488000 1.00000000

O-HYDROGEN H-Q_2 (DZSPDH) BASIS TYPE: 2
# 
6
1 0 1
42.32953000 1.00000000
2 0 1
30.60121000 1.00000000
3 1 1
40.25819000 1.00000000
4 1 1
29.49726000 1.00000000
5 2 1
36.88654000 1.00000000
6 2 1
25.51488000 1.00000000

O-HYDROGEN H-R_2 (DZSPDH) BASIS TYPE: 2
# 
6
1 0 1
42.32953000 1.00000000
2 0 1
30.60121000 1.00000000
3 1 1
40.25819000 1.00000000
4 1 1
29.49726000 1.00000000
5 2 1
36.88654000 1.00000000
6 2 1
25.51488000 1.00000000

O-HYDROGEN H-S_2 (DZSPDH) BASIS TYPE: 2
# 
6
1 0 1
42.32953000 1.00000000
2 0 1
30.60121000 1.00000000
3 1 1
40.25819000 1.00000000
4 1 1
29.49726000 1.00000000
5 2 1
36.88654000 1.00000000
6 2 1
25.51488000 1.00000000

O-HYDROGEN H-T_2 (DZSPDH) BASIS TYPE: 2
# 
6
1 0 1
42.32953000 1.00000000
2 0 1
30.60121000 1.00000000
3 1 1
40.25819000 1.00000000
4 1 1
29.49726000 1.00000000
5 2 1
36.88654000 1.00000000
6 2 1
25.51488000 1.00000000

O-HYDROGEN H-U_2 (DZSPDH) BASIS TYPE: 2
# 
6
1 0 1
42.32953000 1.00000000
2 0 1
30.60121000 1.00000000
3 1 1
40.25819000 1.00000000
4 1 1
29.49726000 1.00000000
5 2 1
36.88654000 1.00000000
6 2 1
25.51488000 1.00000000

O-HYDROGEN H-V_2 (DZSPDH) BASIS TYPE: 2
# 
6
1 0 1
42.32953000 1.00000000
2 0 1
30.60121000 1.00000000
3 1 1
40.25819000 1.00000000
4 1 1
29.49726000 1.00000000
5 2 1
36.88654000 1.00000000
6 2 1
25.51488000 1.00000000

O-HYDROGEN H-W_2 (DZSPDH) BASIS TYPE: 2
# 
6
1 0 1
42.32953000 1.00000000
2 0 1
30.60121000 1.00000000
3 1 1
40.25819000 1.00000000
4 1 1
29.49726000 1.00000000
5 2 1
36.88654000 1.00000000
6 2 1
25.51488000 1.00000000

O-HYDROGEN H-X_2 (DZSPDH) BASIS TYPE: 2
# 
6
1 0 1
42.32953000 1.00000000
2 0 1
30.60121000 1.00000000
3 1 1
40.25819000 1.00000000
4 1 1
29.49726000 1.00000000
5 2 1
36.88654000 1.00000000
6 2 1
25.51488000 1.00000000

O-HYDROGEN H-Y_2 (DZSPDH) BASIS TYPE: 2
# 
6
1 0 1
42.32953000 1.00000000
2 0 1
30.60121000 1.00000000
3 1 1
40.25819000 1.00000000
4 1 1
29.49726000 1.00000000
5 2 1
36.88654000 1.00000000
6 2 1
25.51488000 1.00000000

O-HYDROGEN H-Z_2 (DZSPDH) BASIS TYPE: 2
# 
6
1 0 1
42.32953000 1.00000000
2 0 1
30.60121000 1.00000000
3 1 1
40.25819000 1.00000000
4 1 1
29.49726000 1.00000000
5 2 1
36.88654000 1.00000000
6 2 1
25.51488000 1.00000000

O-HYDROGEN H-AA_2 (DZSPDH) BASIS TYPE: 2
# 
6
1 0 1
42.32953000 1.00000000
2 0 1
30.60121000 1.00000000
3 1 1
40.25819000 1.00000000
4 1 1
29.49726000 1.00000000
5 2 1
36.88654000 1.00000000
6 2 1
25.51488000 1.00000000

O-HYDROGEN H-AB_2 (DZSPDH) BASIS TYPE: 2
# 
6
1 0 1
42.32953000 1.00000000
2 0 1
30.60121000 1.00000000
3 1 1
40.25819000 1.00000000
4 1 1
29.49726000 1.00000000
5 2 1
36.88654000 1.00000000
6 2 1
25.51488000 1.00000000

O-HYDROGEN H-AC_2 (DZSPDH) BASIS TYPE: 2
# 
6
1 0 1
42.32953000 1.00000000
2 0 1
30.60121000 1.00000000
3 1 1
40.25819000 1.00000000
4 1 1
29.49726000 1.00000000
5 2 1
36.88654000 1.00000000
6 2 1
25.51488000 1.00000000

O-HYDROGEN H-AD_2 (DZSPDH) BASIS TYPE: 2
# 
6
1 0 1
42.32953000 1.00000000
2 0 1
30.60121000 1.00000000
3 1 1
40.25819000 1.00000000
4 1 1
29.49726000 1.00000000
5 2 1
36.88654000 1.00000000
6 2 1
25.51488000 1.00000000

O-HYDROGEN H-AE_2 (DZSPDH) BASIS TYPE: 2
# 
6
1 0 1
42.32953000 1.00000000
2 0 1
30.60121000 1.00000000
3 1 1
40.25819000 1.00000000
4 1 1
29.49726000 1.00000000
5 2 1
36.88654000 1.00000000
6 2 1
25.51488000 1.00000000

O-HYDROGEN H-AF_2 (DZSPDH) BASIS TYPE: 2
# 
6
1 0 1
42.32953000 1.00000000
2 0 1
30.60121000 1.00000000
3 1 1
40.25819000 1.00000000
4 1 1
29.49726000 1.00000000
5 2 1
36.88654000 1.00000000
6 2 1
25.51488000 1.00000000

O-HYDROGEN H-AG_2 (DZSPDH) BASIS TYPE: 2
# 
6
1 0 1
42.32953000 1.00000000
2 0 1
30.60121000 1.00000000
3 1 1
40.25819000 1.00000000
4 1 1
29.49726000 1.00000000
5 2 1
36.88654000 1.00000000
6 2 1
25.51488000 1.00000000

O-HYDROGEN H-AH_2 (DZSPDH) BASIS TYPE: 2
# 
6
1 0 1
42.32953000 1.00000000
2 0 1
30.60121000 1.00000000
3 1 1
40.25819000 1.00000000
4 1 1
29.49726000 1.00000000
5 2 1
36.88654000 1.00000000
6 2 1
25.51488000 1.00000000

O-HYDROGEN H-AI_2 (DZSPDH) BASIS TYPE: 2
# 
6
1 0 1
42.32953000 1.00000000
2 0 1
30.60121000 1.00000000
3 1 1
40.25819000 1.00000000
4 1 1
29.49726000 1.00000000
5 2 1
36.88654000 1.00000000
6 2 1
25.51488000 1.00000000

O-HYDROGEN H-AJ_2 (DZSPDH) BASIS TYPE: 2
# 
6
1 0 1
42.32953000 1.00000000
2 0 1
30.60121000 1.00000000
3 1 1
40.25819000 1.00000000
4 1 1
29.49726000 1.00000000
5 2 1
36.88654000 1.00000000
6 2 1
25.51488000 1.00000000

O-HYDROGEN H-AK_2 (DZSPDH) BASIS TYPE: 2
# 
6
1 0 1
42.32953000 1.00000000
2 0 1
30.60121000 1.00000000
3 1 1
40.25819000 1.00000000
4 1 1
29.49726000 1.00000000
5 2 1
36.88654000 1.00000000
6 2 1
25.51488000 1.00000000

O-HYDROGEN H-AL_2 (DZSPDH) BASIS TYPE: 2
# 
6
1 0 1
42.32953000 1.00000000
2 0 1
30.60121000 1.00000000
3 1 1
40.25819000 1.00000000
4 1 1
29.49726000 1.00000000
5 2 1
36.88654000 1.00000000
6 2 1
25.51488000 1.00000000

O-HYDROGEN H-AM_2 (DZSPDH) BASIS TYPE: 2
# 
6
1 0 1
42.32953000 1.00000000
2 0 1
30.60121000 1.00000000
3 1 1
40.25819000 1.00000000
4 1 1
29.49726000 1.00000000
5 2 1
36.88654000 1.00000000
6 2 1
25.51488000 1.00000000

O-HYDROGEN H-AN_2 (DZSPDH) BASIS TYPE: 2
# 
6
1 0 1
42.32953000 1.00000000
2 0 1
30.60121000 1.00000000
3 1 1
40.25819000 1.00000000
4 1 1
29.49726000 1.00000000
5 2 1
36.88654000 1.00000000
6 2 1
25.51488000 1.00000000

O-HYDROGEN H-AO_2 (DZSPDH) BASIS TYPE: 2
# 
6
1 0 1
42.32953000 1.00000000
2 0 1
30.60121000 1.00000000
3 1 1
40.25819000 1.00000000
4 1 1
29.49726000 1.00000000
5 2 1
36.88654000 1.00000000
6 2 1
25.51488000 1.00000000

O-HYDROGEN H-AP_2 (DZSPDH) BASIS TYPE: 2
# 
6
1 0 1
42.32953000 1.00000000
2 0 1
30.60121000 1.00000000
3 1 1
40.25819000 1.00000000
4 1 1
29.49726000 1.00000000
5 2 1
36.88654000 1.00000000
6 2 1
25.51488000 1.00000000

O-HYDROGEN H-AQ_2 (DZSPDH) BASIS TYPE: 2
# 
6
1 0 1
42.32953000 1.00000000
2 0 1
30.60121000 1.00000000
3 1 1
40.25819000 1.00000000
4 1 1
29.49726000 1.00000000
5 2 1
36.88654000 1.00000000
6 2 1
25.51488000 1.00000000

O-HYDROGEN H-AR_2 (DZSPDH) BASIS TYPE: 2
# 
6
1 0 1
42.32953000 1.00000000
2 0 1
30.60121000 1.00000000
3 1 1
40.25819000 1.00000000
4 1 1
29.49726000 1.00000000
5 2 1
36.88654000 1.00000000
6 2 1
25.51488000 1.00000000

O-HYDROGEN H-AS_2 (DZSPDH) BASIS TYPE: 2
# 
6
1 0 1
42.32953000 1.00000000
2 0 1
30.60121000 1.00000000
3 1 1
40.25819000 1.00000000
4 1 1
29.49726000 1.00000000
5 2 1
36.88654000 1.00000000
6 2 1
25.51488000 1.00000000

O-HYDROGEN H-AT_2 (DZSPDH) BASIS TYPE: 2
# 
6
1 0 1
42.32953000 1.00000000
2 0 1
30.60121000 1.00000000
3 1 1
40.25819000 1.00000000
4 1 1
29.49726000 1.00000000
5 2 1
36.88654000 1.00000000
6 2 1
25.51488000 1.00000000

O-HYDROGEN H-AU_2 (DZSPDH) BASIS TYPE: 2
# 
6
1 0 1
42.32953000 1.00000000
2 0 1
30.60121000 1.00000000
3 1 1
40.25819000 1.00000000
4 1 1
29.49726000 1.00000000
5 2 1
36.88654000 1.00000000
6 2 1
25.51488000 1.00000000

O-HYDROGEN H-AV_2 (DZSPDH) BASIS TYPE: 2
# 
6
1 0 1
42.32953000 1.00000000
2 0 1
30.60121000 1.00000000
3 1 1
40.25819000 1.00000000
4 1 1
29.49726000 1.00000000
5 2 1
36.88654000 1.00000000
6 2 1
25.51488000 1.00000000

O-HYDROGEN H-AW_2 (DZSPDH) BASIS TYPE: 2
# 
6
1 0 1
42.32953000 1.00000000
2 0 1
30.60121000 1.00000000
3 1 1
40.25819000 1.00000000
4 1 1
29.49726000 1.00000000
5 2 1
36.88654000 1.00000000
6 2 1
25.51488000 1.00000000

O-HYDROGEN H-AX_2 (DZSPDH) BASIS TYPE: 2
# 
6
1 0 1
42.32953000 1.00000000
2 0 1
30.60121000 1.00000000
3 1 1
40.25819000 1.00000000
4 1 1
29.49726000 1.00000000
5 2 1
36.88654000 1.00000000
6 2 1
25.51488000 1.00000000

O-HYDROGEN H-AY_2 (DZSPDH) BASIS TYPE: 2
# 
6
1 0 1
42.32953000 1.00000000
2 0 1
30.60121000 1.00000000
3 1 1
40.25819000 1.00000000
4 1 1
29.49726000 1.00000000
5 2 1
36.88654000 1.00000000
6 2 1
25.51488000 1.00000000

O-HYDROGEN H-AZ_2 (DZSPDH) BASIS TYPE: 2
# 
6
1 0 1
42.32953000 1.00000000
2 0 1
30.60121000 1.00000000
3 1 1
40.25819000 1.00000000
4 1 1
29.49726000 1.00000000
5 2 1
36.88654000 1.00000000
6 2 1
25.51488000 1.00000000

O-HYDROGEN H-BA_2 (DZSPDH) BASIS TYPE: 2
# 
6
1 0 1
42.32953000 1.00000000
2 0 1
30.60121000 1.00000000
3 1 1
40.25819000 1.00000000
4 1 1
29.49726000 1.00000000
5 2 1
36.88654000 1.00000000
6 2 1
25.51488000 1.00000000

O-HYDROGEN H-BB_2 (DZSPDH) BASIS TYPE: 2
# 
6
1 0 1
42.32953000 1.00000000
2 0 1
30.60121000 1.00000000
3 1 1
40.25819000 1.00000000
4 1 1
29.49726000 1.00000000
5 2 1
36.88654000 1.00000000
6 2 1
25.51488000 1.00000000

O-HYDROGEN H-BC_2 (DZSPDH) BASIS TYPE: 2
# 
6
1 0 1
42.32953000 1.00000000
2 0 1
30.60121000 1.00000000
3 1 1
40.25819000 1.00000000
4 1 1
29.49726000 1.00000000
5 2 1
36.88654000 1.00000000
6 2 1
25.51488000 1.00000000

O-HYDROGEN H-BD_2 (DZSPDH) BASIS TYPE: 2
# 
6
1 0 1
42.32953000 1.00000000
2 0 1
30.60121000 1.00000000
3 1 1
40.25819000 1.00000000
4 1 1
29.49726000 1.00000000
5 2 1
36.88654000 1.00000000
6 2 1
25.51488000 1.00000000

O-HYDROGEN H-BE_2 (DZSPDH) BASIS TYPE: 2
# 
6
1 0 1
42.32953000 1.00000000
2 0 1
30.60121000 1.00000000
3 1 1
40.25819000 1.00000000
4 1 1
29.49726000 1.00000000
5 2 1
36.88654000 1.00000000
6 2 1
25.51488000 1.00000000

O-HYDROGEN H-BF_2 (DZSPDH) BASIS TYPE: 2
# 
6
1 0 1
42.32953000 1.00000000
2 0 1
30.60121000 1.00000000
3 1 1
40.25819000 1.00000000
4 1 1
29.49726000 1.00000000
5 2 1
36.88654000 1.00000000
6 2 1
25.51488000 1.00000000

O-HYDROGEN H-BG_2 (DZSPDH) BASIS TYPE: 2
# 
6
1 0 1
42.32953000 1.00000000
2 0 1
30.60121000 1.00000000
3 1 1
40.25819000 1.00000000
4 1 1
29.49726000 1.00000000
5 2 1
36.88654000 1.00000000
6 2 1
25.51488000 1.00000000

O-HYDROGEN H-BH_2 (DZSPDH) BASIS TYPE: 2
# 
6
1 0 1
42.32953000 1.00000000
2 0 1
30.60121000 1.00000000
3 1 1
40.25819000 1.00000000
4 1 1
29.49726000 1.00000000
5 2 1
36.88654000 1.00000000
6 2 1
25.51488000 1.00000000

O-HYDROGEN H-BI_2 (DZSPDH) BASIS TYPE: 2
# 
6
1 0 1
42.32953000 1.00000000
2 0 1
30.60121000 1.00000000
3 1 1
40.25819000 1.00000000
4 1 1
29.49726000 1.00000000
5 2 1
36.88654000 1.00000000
6 2 1
25.51488000 1.00000000

O-HYDROGEN H-BJ_2 (DZSPDH) BASIS TYPE: 2
# 
6
1 0 1
42.32953000 1.00000000
2 0 1
30.60121000 1.00000000
3 1 1
40.25819000 1.00000000
4 1 1
29.49726000 1.00000000
5 2 1
36.88654000 1.00000000
6 2 1
25.51488000 1.00000000

O-HYDROGEN H-BK_2 (DZSPDH) BASIS TYPE: 2
# 
6
1 0 1
42.32953000 1.00000000
2 0 1
30.60121000 1.00000000
3 1 1
40.25819000 1.00000000
4 1 1
29.49726000 1.00000000
5 2 1
36.88654000 1.00000000
6 2 1
25.51488000 1.00000000

O-HYDROGEN H-BL_2 (DZSPDH) BASIS TYPE: 2
# 
6
1 0 1
42.32953000 1.00000000
2 0 1
30.60121000 1.00000000
3 1 1
40.25819000 1.00000000
4 1 1
29.49726000 1.00000000
5 2 1
36.88654000 1.00000000
6 2 1
25.51488000 1.00000000

O-HYDROGEN H-BM_2 (DZSPDH) BASIS TYPE: 2
# 
6
1 0 1
42.32953000 1.00000000
2 0 1
30.60121000 1.00000000
3 1 1
40.25819000 1.00000000
4 1 1
29.49726000 1.00000000
5 2 1
36.88654000 1.00000000
6 2 1
25.51488000 1.00000000

O-HYDROGEN H-BN_2 (DZSPDH) BASIS TYPE: 2
# 
6
1 0 1
42.32953000 1.00000000
2 0 1
30.60121000 1.00000000
3 1 1
40.25819000 1.00000000
4 1 1
29.49726000 1.00000000
5 2 1
36.88654000 1.00000000
6 2 1
25.51488000 1.00000000

O-HYDROGEN H-BO_2 (DZSPDH) BASIS TYPE: 2
# 
6
1 0 1
42.32953000 1.00000000
2 0 1
30.60121000 1.00000000
3 1 1
40.25819000 1.00000000
4 1 1
29.49726000 1.00000000
5 2 1
36.88654000 1.00000000
6 2 1
25.51488000 1.00000000

O-HYDROGEN H-BP_2 (DZSPDH) BASIS TYPE: 2
# 
6
1 0 1
42.32953000 1.00000000
2 0 1
30.60121000 1.00000000
3 1 1
40.25819000 1.00000000
4 1 1
29.49726000 1.00000000
5 2 1
36.88654000 1.00000000
6 2 1
25.51488000 1.00000000

O-HYDROGEN H-BQ_2 (DZSPDH) BASIS TYPE: 2
# 
6
1 0 1
42.32953000 1.00000000
2 0 1
30.60121000 1.00000000
3 1 1
40.25819000 1.00000000
4 1 1
29.49726000 1.00000000
5 2 1
36.88654000 1.00000000
6 2 1
25.51488000 1.00000000

O-HYDROGEN H-BR_2 (DZSPDH) BASIS TYPE: 2
# 
6
1 0 1
42.32953000 1.00000000
2 0 1
30.60121000 1.00000000
3 1 1
40.25819000 1.00000000
4 1 1
29.49726000 1.00000000
5 2 1
36.88654000 1.00000000
6 2 1
25.51488000 1.00000000

O-HYDROGEN H-BS_2 (DZSPDH) BASIS TYPE: 2
# 
6
1 0 1
42.32953000 1.00000000
2 0 1
30.60121000 1.00000000
3 1 1
40.25819000 1.00000000
4 1 1
29.49726000 1.00000000
5 2 1
36.88654000 1.00000000
6 2 1
25.51488000 1.00000000

O-HYDROGEN H-BT_2 (DZSPDH) BASIS TYPE: 2
# 
6
1 0 1
42.32953000 1.00000000
2 0 1
30.60121000 1.00000000
3 1 1
40.25819000 1.00000000
4 1 1
29.49726000 1.00000000
5 2 1
36.88654000 1.00000000
6 2 1
25.51488000 1.00000000

O-HYDROGEN H-BU_2 (DZSPDH) BASIS TYPE: 2
# 
6
1 0 1
42.32953000 1.00000000
2 0 1
30.60121000 1.00000000
3 1 1
40.25819000 1.00000000
4 1 1
29.49726000 1.00000000
5 2 1
36.88654000 1.00000000
6 2 1
25.51488000 1.00000000

O-HYDROGEN H-BV_2 (DZSPDH) BASIS TYPE: 2
# 
6
1 0 1
42.32953000 1.00000000
2 0 1
30.60121000 1.00000000
3 1 1
40.25819000 1.00000000
4 1 1
29.49726000 1.00000000
5 2 1
36.88654000 1.00000000
6 2 1
25.51488000 1.00000000

O-HYDROGEN H-BW_2 (DZSPDH) BASIS TYPE: 2
# 
6
1 0 1
42.32953000 1.00000000
2 0 1
30.60121000 1.00000000
3 1 1
40.25819000 1.00000000
4 1 1
29.49726000 1.00000000
5 2 1
36.88654000 1.00000000
6 2 1
25.51488000 1.00000000

O-HYDROGEN H-BX_2 (DZSPDH) BASIS TYPE: 2
# 
6
1 0 1
42.32953000 1.00000000
2 0 1
30.60121000 1.00000000
3 1 1
40.25819000 1.00000000
4 1 1
29.49726000 1.00000000
5 2 1
36.88654000 1.00000000
6 2 1
25.51488000 1.00000000

O-HYDROGEN H-BY_2 (DZSPDH) BASIS TYPE: 2
# 
6
1 0 1
42.32953000 1.00000000
2 0 1
30.60121000 1.00000000
3 1 1
40.25819000 1.00000000
4 1 1
29.49726000 1.00000000
5 2 1
36.88654000 1.00000000
6 2 1
25.51488000 1.00000000

O-HYDROGEN H-BZ_2 (DZSPDH) BASIS TYPE: 2
# 
6
1 0 1
42.32953000 1.00000000
2 0 1
30.60121000 1.00000000
3 1 1
40.25819000 1.00000000
4 1 1
29.49726000 1.00000000
5 2 1
36.88654000 1.00000000
6 2 1
25.51488000 1.00000000

O-HYDROGEN H-CA_2 (DZSPDH) BASIS TYPE: 2
# 
6
1 0 1
42.32953000 1.00000000
2 0 1
30.60121000 1.00000000
3 1 1
40.25819000 1.00000000
4 1 1
29.49726000 1.00000000
5 2 1
36.88654000 1.00000000
6 2 1
25.51488000 1.00000000

O-HYDROGEN H-CB_2 (DZSPDH) BASIS TYPE: 2
# 
6
1 0 1
42.32953000 1.00000000
2 0 1
30.60121000 1.00000000
3 1 1
40.25819000 1.00000000
4 1 1
29.49726000 1.00000000
5 2 1
36.88654000 1.00000000
6 2 1
25.51488000 1.00000000

O-HYDROGEN H-CC_2 (DZSPDH) BASIS TYPE: 2
# 
6
1 0 1
42.32953000 1.00000000
2 0 1
30.60121000 1.00000000
3 1 1
40.25819000 1.00000000
4 1 1
29.49726000 1.00000000
5 2 1
36.88654000 1.00000000
6 2 1
25.51488000 1.00000000

O-HYDROGEN H-CD_2 (DZSPDH) BASIS TYPE: 2
# 
6
1 0 1
42.32953000 1.00000000
2 0 1
30.60121000 1.00000000
3 1 1
40.25819000 1.00000000
4 1 1
29.49726000 1.00000000
5 2 1
36.88654000 1.00000000
6 2 1
25.51488000 1.00000000

O-HYDROGEN H-CE_2 (DZSPDH) BASIS TYPE: 2
# 
6
1 0 1
42.32953000 1.00000000
2 0 1
30.60121000 1.00000000
3 1 1
40.25819000 1.00000000
4 1 1
29.49726000 1.00000000
5 2 1
36.88654000 1.00000000
6 2 1
25.51488000 1.00000000

O-HYDROGEN H-CF_2 (DZSPDH) BASIS TYPE: 2
# 
6
1 0 1
42.32953000 1.00000000
2 0 1
30.60121000 1.00000000
3 1 1
40.25819000 1.00000000
4 1 1
29.49726000 1.00000000
5 2 1
36.88654000 1.00000000
6 2 1
25.51488000 1.00000000

O-HYDROGEN H-CG_2 (DZSPDH) BASIS TYPE: 2
# 
6
1 0 1
42.32953000 1.00000000
2 0 1
30.60121000 1.00000000
3 1 1
40.25819000 1.00000000
4 1 1
29.49726000 1.00000000
5 2 1
36.88654000 1.00000000
6 2 1
25.51488000 1.00000000

O-HYDROGEN H-CH_2 (DZSPDH) BASIS TYPE: 2
# 
6
1 0 1
42.32953000 1.00000000
2 0 1
30.60121000 1.00000000
3 1 1
40.25819000 1.00000000
4 1 1
29.49726000 1.00000000
5 2 1
36.88654000 1.00000000
6 2 1
25.51488000 1.00000000

O-HYDROGEN H-CI_2 (DZSPDH) BASIS TYPE: 2
# 
6
1 0 1
42.32953000 1.00000000
2 0 1
30.60121000 1.00000000
3 1 1
40.25819000 1.00000000
4 1 1
29.49726000 1.00000000
5 2 1
36.88654000 1.00000000
6 2 1
25.51488000 1.00000000

O-HYDROGEN H-CJ_2 (DZSPDH) BASIS TYPE: 2
# 
6
1 0 1
42.32953000 1.00000000
2 0 1
30.60121000 1.00000000
3 1 1
40.25819000 1.00000000
4 1 1
29.49726000 1.00000000
5 2 1
36.88654000 1.00000000
6 2 1
25.51488000 1.00000000

O-HYDROGEN H-CK_2 (DZSPDH) BASIS TYPE: 2
# 
6
1 0 1
42.32953000 1.00000000
2 0 1
30.60121000 1.00000000
3 1 1
40.25819000 1.00000000
4 1 1
29.49726000 1.00000000
5 2 1
36.88654000 1.00000000
6 2 1
25.51488000 1.00000000

O-HYDROGEN H-CL_2 (DZSPDH) BASIS TYPE: 2
# 
6
1 0 1
42.32953000 1.00000000
2 0 1
30.60121000 1.00000000
3 1 1
40.25819000 1.00000000
4 1 1
29.49726000 1.00000000
5 2 1
36.88654000 1.00000000
6 2 1
25.51488000 1.00000000

O-HYDROGEN H-CM_2 (DZSPDH) BASIS TYPE: 2
# 
6
1 0 1
42.32953000 1.00000000
2 0 1
30.60121000 1.00000000
3 1 1
40.25819000 1.00000000
4 1 1
29.49726000 1.00000000
5 2 1
36.88654000 1.00000000
6 2 1
25.51488000 1.00000000

O-HYDROGEN H-CN_2 (DZSPDH) BASIS TYPE: 2
# 
6
1 0 1
42.32953000 1.00000000
2 0 1
30.60121000 1.00000000
3 1 1
40.25819000 1.00000000
4 1 1
29.49726000 1.00000000
5 2 1
36.88654000 1.00000000
6 2 1
25.51488000 1.00000000

O-HYDROGEN H-CO_2 (DZSPDH) BASIS TYPE: 2
# 
6
1 0 1
42.32953000 1.00000000
2 0 1
30.60121000 1.00000000
3 1 1
40.25819000 1.00000000
4 1 1
29.49726000 1.00000000
5 2 1
36.88654000 1.00000000
6 2 1
25.51488000 1.00000000

O-HYDROGEN H-CP_2 (DZSPDH) BASIS TYPE: 2
# 
6
1 0 1
42.32953000 1.00000000
2 0 1
30.60121000 1.00000000
3 1 1
40.25819000 1.00000000
4 1 1
29.49726000 1.00000000
5 2 1
36.88654000 1.00000000
6 2 1
25.51488000 1.00000000

O-HYDROGEN H-CQ_2 (DZSPDH) BASIS TYPE: 2
# 
6
1 0 1
42.32953000 1.00000000
2 0 1
30.60121000 1.00000000
3 1 1
40.25819000 1.00000000
4 1 1
29.49726000 1.00000000
5 2 1
36.88654000 1.00000000
6 2 1
25.51488000 1.00000000

O-HYDROGEN H-CR_2 (DZSPDH) BASIS TYPE: 2
# 
6
1 0 1
42.32953000 1.00000000
2 0 1
30.60121000 1.00000000
3 1 1
40.25819000 1.00000000
4 1 1
29.49726000 1.00000000
5 2 1
36.88654000 1.00000000
6 2 1
25.51488000 1.00000000

O-HYDROGEN H-CS_2 (DZSPDH) BASIS TYPE: 2
# 
6
1 0 1
42.32953000 1.00000000
2 0 1
30.60121000 1.00000000
3 1 1
40.25819000 1.00000000
4 1 1
29.49726000 1.00000000
5 2 1
36.88654000 1.00000000
6 2 1
25.51488000 1.00000000

O-HYDROGEN H-CT_2 (DZSPDH) BASIS TYPE: 2
# 
6
1 0 1
42.32953000 1.00000000
2 0 1
30.60121000 1.00000000
3 1 1
40.25819000 1.00000000
4 1 1
29.49726000 1.00000000
5 2 1
36.88654000 1.00000000
6 2 1
25.51488000 1.00000000

O-HYDROGEN H-CU_2 (DZSPDH) BASIS TYPE: 2
# 
6
1 0 1
42.32953000 1.00000000
2 0 1
30.60121000 1.00000000
3 1 1
40.25819000 1.00000000
4 1 1
29.49726000 1.00000000
5 2 1
36.88654000 1.00000000
6 2 1
25.51488000 1.00000000

O-HYDROGEN H-CV_2 (DZSPDH) BASIS TYPE: 2
# 
6
1 0 1
42.32953000 1.00000000
2 0 1
30.60121000 1.00000000
3 1 1
40.25819000 1.00000000
4 1 1
29.49726000 1.00000000
5 2 1
36.88654000 1.00000000
6 2 1
25.51488000 1.00000000

O-HYDROGEN H-CW_2 (DZSPDH) BASIS TYPE: 2
# 
6
1 0 1
42.32953000 1.00000000
2 0 1
30.60121000 1.00000000
3 1 1
40.25819000 1.00000000
4 1 1
29.49726000 1.00000000
5 2 1
36.88654000 1.00000000
6 2 1
25.51488000 1.00000000

O-HYDROGEN H-CX_2 (DZSPDH) BASIS TYPE: 2
# 
6
1 0 1
42.32953000 1.00000000
2 0 1
30.60121000 1.00000000
3 1 1
40.25819000 1.00000000
4 1 1
29.49726000 1.00000000
5 2 1
36.88654000 1.00000000
6 2 1
25.51488000 1.00000000

O-HYDROGEN H-CY_2 (DZSPDH) BASIS TYPE: 2
# 
6
1 0 1
42.32953000 1.00000000
2 0 1
30.60121000 1.00000000
3 1 1
40.25819000 1.00000000
4 1 1
29.49726000 1.00000000
5 2 1
36.88654000 1.00000000
6 2 1
25.51488000 1.00000000

O-HYDROGEN H-CZ_2 (DZSPDH) BASIS TYPE: 2
# 
6
1 0 1
42.32953000 1.00000000
2 0 1
30.60121000 1.00000000
3 1 1
40.25819000 1.00000000
4 1 1
29.49726000 1.00000000
5 2 1
36.88654000 1.00000000
6 2 1
25.51488000 1.00000000

O-HYDROGEN H-DA_2 (DZSPDH) BASIS TYPE: 2
# 
6
1 0 1
42.32953000 1.00000000
2 0 1
30.60121000 1.00000000
3 1 1
40.25819000 1.00000000
4 1 1
29.49726000 1.00000000
5 2 1
36.88654000 1.00000000
6 2 1
25.51488000 1.00000000

O-HYDROGEN H-DB_2 (DZSPDH) BASIS TYPE: 2
# 
6
1 0 1
42.32953000 1.00000000
2 0 1
30.60121000 1.00000000
3 1 1
40.25819000 1.00000000
4 1 1
29.49726000 1.00000000
5 2 1
36.88654000 1.00000000
6 2 1
25.51488000 1.00000000

O-HYDROGEN H-DC_2 (DZSPDH) BASIS TYPE: 2
# 
6
1 0 1
42.32953000 1.00000000
2 0 1
30.60121000 1.00000000
3 1 1
40.25819000 1.00000000
4 1 1
29.49726000 1.00000000
5 2 1
36.88654000 1.00000000
6 2 1
25.51488000 1.00000000

O-HYDROGEN H-DD_2 (DZSPDH) BASIS TYPE: 2
# 
6
1 0 1
42.32953000 1.00000000
2 0 1
30.60121000 1.00000000
3 1 1
40.25819000 1.00000000
4 1 1
29.49726000 1.00000000
5 2 1
36.88654000 1.00000000
6 2 1
25.51488000 1.00000000

O-HYDROGEN H-DE_2 (DZSPDH) BASIS TYPE: 2
# 
6
1 0 1
42.32953000 1.00000000
2 0 1
30.60121000 1.00000000
3 1 1
40.25819000 1.00000000
4 1 1
29.49726000 1.00000000
5 2 1
36.88654000 1.00000000
6 2 1
25.51488000 1.00000000

O-HYDROGEN H-DF_2 (DZSPDH) BASIS TYPE: 2
# 
6
1 0 1
42.32953000 1.00000000
2 0 1
30.60121000 1.00000000
3 1 1
40.25819000 1.00000000
4 1 1
29.49726000 1.00000000
5 2 1
36.88654000 1.00000000
6 2 1
25.51488000 1.00000000

O-HYDROGEN H-DG_2 (DZSPDH) BASIS TYPE: 2
# 
6
1 0 1
42.32953000 1.00000000
2 0 1
30.60121000 1.00000000
3 1 1
40.25819000 1.00000000
4 1 1
29.49726000 1.00000000
5 2 1
36.88654000 1.00000000
6 2 1
25.51488000 1.00000000

O-HYDROGEN H-DH_2 (DZSPDH) BASIS TYPE: 2
# 
6
1 0 1
42.32953000 1.00000000
2 0 1
30.60121000 1.00000000
3 1 1
40.25819000 1.00000000
4 1 1
29.49726000 1.00000000
5 2 1
36.88654000 1.00000000
6 2 1
25.51488000 1.00000000

O-HYDROGEN H-DI_2 (DZSPDH) BASIS TYPE: 2
# 
6
1 0 1
42.32953000 1.00000000
2 0 1
30.60121000 1.00000000
3 1 1
40.25819000 1.00000000
4 1 1
29.49726000 1.00000000
5 2 1
36.88654000 1.00000000
6 2 1
25.51488000 1.00000000

O-HYDROGEN H-DJ_2 (DZSPDH) BASIS TYPE: 2
# 
6
1 0 1
42.32953000 1.00000000
2 0 1
30.60121000 1.00000000
3 1 1
40.25819000 1.00000000
4 1 1
29.49726000 1.00000000
5 2 1
36.88654000 1.00000000
6 2 1
25.51488000 1.00000000

O-HYDROGEN H-DK_2 (DZSPDH) BASIS TYPE: 2
# 
6
1 0 1
42.32953000 1.00000000
2 0 1
30.60121000 1.00000000
3 1 1
40.25819000 1.00000000
4 1 1
29.49726000 1.00000000
5 2 1
36.88654000 1.00000000
6 2 1
25.51488000 1.00000000

O-HYDROGEN H-DL_2 (DZSPDH) BASIS TYPE: 2
# 
6
1 0 1
42.32953000 1.00000000
2 0 1
30.60121000 1.00000000
3 1 1
40.25819000 1.00000000
4 1 1
29.49726000 1.00000000
5 2 1
36.88654000 1.00000000
6 2 1
25.51488000 1.00000000

O-HYDROGEN H-DM_2 (DZSPDH) BASIS TYPE: 2
# 
6
1 0 1
42.32953000 1.00000000
2 0 1
30.60121000 1.00000000
3 1 1
40.25819000 1.00000000
4 1 1
29.49726000 1.00000000
5 2 1
36.88654000 1.00000000
6 2 1
25.51488000 1.00000000

O-HYDROGEN H-DN_2 (DZSPDH) BASIS TYPE: 2
# 
6
1 0 1
42.32953000 1.00000000
2 0 1
30.60121000 1.00000000
3 1 1
40.25819000 1.00000000
4 1 1
29.49726000 1.00000000
5 2 1
36.88654000 1.00000000
6 2 1
25.51488000 1.00000000

O-HYDROGEN H-DO_2 (DZSPDH) BASIS TYPE: 2
# 
6
1 0 1
42.32953000 1.00000000
2 0 1
30.60121000 1.00000000
3 1 1
40.25819000 1.00000000
4 1 1
29.49726000 1.00000000
5 2 1
36.88654000 1.00000000
6 2 1
25.51488000 1.00000000

O-HYDROGEN H-DP_2 (DZSPDH) BASIS TYPE: 2
# 
6
1 0 1
42.32953000 1.00000000
2 0 1
30.60121000 1.00000000
3 1 1
40.25819000 1.00000000
4 1 1
29.49726000 1.00000000
5 2 1
36.88654000 1.00000000
6 2 1
25.51488000 1.00000000

O-HYDROGEN H-DQ_2 (DZSPDH) BASIS TYPE: 2
# 
6
1 0 1
42.32953000 1.00000000
2 0 1
30.60121000 1.00000000
3 1 1
40.25819000 1.00000000
4 1 1
29.49726000 1.00000000
5 2 1
36.88654000 1.00000000
6 2 1
25.51488000 1.00000000

O-HYDROGEN H-DR_2 (DZSPDH) BASIS TYPE: 2
# 
6
1 0 1
42.32953000 1.00000000
2 0 1
30.60121000 1.00000000
3 1 1
40.25819000 1.00000000
4 1 1
29.49726000 1.00000000
5 2 1
36.88654000 1.00000000
6 2 1
25.51488000 1.00000000

O-HYDROGEN H-DS_2 (DZSPDH) BASIS TYPE: 2
# 
6
1 0 1
42.32953000 1.00000000
2 0 1
30.60121000 1.00000000
3 1 1
40.25819000 1.00000000
4 1 1
29.49726000 1.00000000
5 2 1
36.88654000 1.00000000
6 2 1
25.51488000 1.00000000

O-HYDROGEN H-DT_2 (DZSPDH) BASIS TYPE: 2
# 
6
1 0 1
42.32953000 1.00000000
2 0 1
30.60121000 1.00000000
3 1 1
40.25819000 1.00000000
4 1 1
29.49726000 1.00000000
5 2 1
36.88654000 1.00000000
6 2 1
25.51488000 1.00000000

O-HYDROGEN H-DU_2 (DZSPDH) BASIS TYPE: 2
# 
6
1 0 1
42.32953000 1.00000000
2 0 1
30.60121000 1.00000000
3 1 1
40.25819000 1.00000000
4 1 1
29.49726000 1.00000000
5 2 1
36.88654000 1.00000000
6 2 1
25.51488000 1.00000000

O-HYDROGEN H-DV_2 (DZSPDH) BASIS TYPE: 2
# 
6
1 0 1
42.32953000 1.00000000
2 0 1
30.60121000 1.00000000
3 1 1
40.25819000 1.00000000
4 1 1
29.49726000 1.00000000
5 2 1
36.88654000 1.00000000
6 2 1
25.51488000 1.00000000

O-HYDROGEN H-DW_2 (DZSPDH) BASIS TYPE: 2
# 
6
1 0 1
42.32953000 1.00000000
2 0 1
30.60121000 1.00000000
3 1 1
40.25819000 1.00000000
4 1 1
29.49726000 1.00000000
5 2 1
36.88654000 1.00000000
6 2 1
25.51488000 1.00000000

O-HYDROGEN H-DX_2 (DZSPDH) BASIS TYPE: 2
# 
6
1 0 1
42.32953000 1.00000000
2 0 1
30.60121000 1.00000000
3 1 1
40.25819000 1.00000000
4 1 1
29.49726000 1.00000000
5 2 1
36.88654000 1.00000000
6 2 1
25.51488000 1.00000000

O-HYDROGEN H-DY_2 (DZSPDH) BASIS TYPE: 2
# 
6
1 0 1
42.32953000 1.00000000
2 0 1
30.60121000 1.00000000
3 1 1
40.25819000 1.00000000
4 1 1
29.49726000 1.00000000
5 2 1
36.88654000 1.00000000
6 2 1
25.51488000 1.00000000

O-HYDROGEN H-DZ_2 (DZSPDH) BASIS TYPE: 2
# 
6
1 0 1
42.32953000 1.00000000
2 0 1
30.60121000 1.00000000
3 1 1
40.25819000 1.00000000
4 1 1
29.49726000 1.00000000
5 2 1
36.88654000 1.00000000
6 2 1
25.51488000 1.00000000

O-HYDROGEN H_3 (DZSPDH) BASIS TYPE: 2
# 
6
1 0 1
47.79973000 1.00000000
2 0 1
33.72722000 1.00000000
3 1 1
42.87110000 1.00000000
4 1 1
28.18167000 1.00000000
5 2 1
44.84084000 1.00000000
6 2 1
33.81763000 1.00000000

O-HYDROGEN H-A_3 (DZSPDH) BASIS TYPE: 2
# 
6
1 0 1
47.79973000 1.00000000
2 0 1
33.72722000 1.00000000
3 1 1
42.87110000 1.00000000
4 1 1
28.18167000 1.00000000
5 2 1
44.84084000 1.00000000
6 2 1
33.81763000 1.00000000

O-HYDROGEN H-B_3 (DZSPDH) BASIS TYPE: 2
# 
6
1 0 1
47.79973000 1.00000000
2 0 1
33.72722000 1.00000000
3 1 1
42.87110000 1.00000000
4 1 1
28.18167000 1.00000000
5 2 1
44.84084000 1.00000000
6 2 1
33.81763000 1.00000000

O-HYDROGEN H-C_3 (DZSPDH) BASIS TYPE: 2
# 
6
1 0 1
47.79973000 1.00000000
2 0 1
33.72722000 1.00000000
3 1 1
42.87110000 1.00000000
4 1 1
28.18167000 1.00000000
5 2 1
44.84084000 1.00000000
6 2 1
33.81763000 1.00000000

O-HYDROGEN H-D_3 (DZSPDH) BASIS TYPE: 2
# 
6
1 0 1
47.79973000 1.00000000
2 0 1
33.72722000 1.00000000
3 1 1
42.87110000 1.00000000
4 1 1
28.18167000 1.00000000
5 2 1
44.84084000 1.00000000
6 2 1
33.81763000 1.00000000

O-HYDROGEN H-E_3 (DZSPDH) BASIS TYPE: 2
# 
6
1 0 1
47.79973000 1.00000000
2 0 1
33.72722000 1.00000000
3 1 1
42.87110000 1.00000000
4 1 1
28.18167000 1.00000000
5 2 1
44.84084000 1.00000000
6 2 1
33.81763000 1.00000000

O-HYDROGEN H-F_3 (DZSPDH) BASIS TYPE: 2
# 
6
1 0 1
47.79973000 1.00000000
2 0 1
33.72722000 1.00000000
3 1 1
42.87110000 1.00000000
4 1 1
28.18167000 1.00000000
5 2 1
44.84084000 1.00000000
6 2 1
33.81763000 1.00000000

O-HYDROGEN H-G_3 (DZSPDH) BASIS TYPE: 2
# 
6
1 0 1
47.79973000 1.00000000
2 0 1
33.72722000 1.00000000
3 1 1
42.87110000 1.00000000
4 1 1
28.18167000 1.00000000
5 2 1
44.84084000 1.00000000
6 2 1
33.81763000 1.00000000

O-HYDROGEN H-H_3 (DZSPDH) BASIS TYPE: 2
# 
6
1 0 1
47.79973000 1.00000000
2 0 1
33.72722000 1.00000000
3 1 1
42.87110000 1.00000000
4 1 1
28.18167000 1.00000000
5 2 1
44.84084000 1.00000000
6 2 1
33.81763000 1.00000000

O-HYDROGEN H-I_3 (DZSPDH) BASIS TYPE: 2
# 
6
1 0 1
47.79973000 1.00000000
2 0 1
33.72722000 1.00000000
3 1 1
42.87110000 1.00000000
4 1 1
28.18167000 1.00000000
5 2 1
44.84084000 1.00000000
6 2 1
33.81763000 1.00000000

O-HYDROGEN H-J_3 (DZSPDH) BASIS TYPE: 2
# 
6
1 0 1
47.79973000 1.00000000
2 0 1
33.72722000 1.00000000
3 1 1
42.87110000 1.00000000
4 1 1
28.18167000 1.00000000
5 2 1
44.84084000 1.00000000
6 2 1
33.81763000 1.00000000

O-HYDROGEN H-K_3 (DZSPDH) BASIS TYPE: 2
# 
6
1 0 1
47.79973000 1.00000000
2 0 1
33.72722000 1.00000000
3 1 1
42.87110000 1.00000000
4 1 1
28.18167000 1.00000000
5 2 1
44.84084000 1.00000000
6 2 1
33.81763000 1.00000000

O-HYDROGEN H-L_3 (DZSPDH) BASIS TYPE: 2
# 
6
1 0 1
47.79973000 1.00000000
2 0 1
33.72722000 1.00000000
3 1 1
42.87110000 1.00000000
4 1 1
28.18167000 1.00000000
5 2 1
44.84084000 1.00000000
6 2 1
33.81763000 1.00000000

O-HYDROGEN H-M_3 (DZSPDH) BASIS TYPE: 2
# 
6
1 0 1
47.79973000 1.00000000
2 0 1
33.72722000 1.00000000
3 1 1
42.87110000 1.00000000
4 1 1
28.18167000 1.00000000
5 2 1
44.84084000 1.00000000
6 2 1
33.81763000 1.00000000

O-HYDROGEN H-N_3 (DZSPDH) BASIS TYPE: 2
# 
6
1 0 1
47.79973000 1.00000000
2 0 1
33.72722000 1.00000000
3 1 1
42.87110000 1.00000000
4 1 1
28.18167000 1.00000000
5 2 1
44.84084000 1.00000000
6 2 1
33.81763000 1.00000000

O-HYDROGEN H-O_3 (DZSPDH) BASIS TYPE: 2
# 
6
1 0 1
47.79973000 1.00000000
2 0 1
33.72722000 1.00000000
3 1 1
42.87110000 1.00000000
4 1 1
28.18167000 1.00000000
5 2 1
44.84084000 1.00000000
6 2 1
33.81763000 1.00000000

O-HYDROGEN H-P_3 (DZSPDH) BASIS TYPE: 2
# 
6
1 0 1
47.79973000 1.00000000
2 0 1
33.72722000 1.00000000
3 1 1
42.87110000 1.00000000
4 1 1
28.18167000 1.00000000
5 2 1
44.84084000 1.00000000
6 2 1
33.81763000 1.00000000

O-HYDROGEN H-Q_3 (DZSPDH) BASIS TYPE: 2
# 
6
1 0 1
47.79973000 1.00000000
2 0 1
33.72722000 1.00000000
3 1 1
42.87110000 1.00000000
4 1 1
28.18167000 1.00000000
5 2 1
44.84084000 1.00000000
6 2 1
33.81763000 1.00000000

O-HYDROGEN H-R_3 (DZSPDH) BASIS TYPE: 2
# 
6
1 0 1
47.79973000 1.00000000
2 0 1
33.72722000 1.00000000
3 1 1
42.87110000 1.00000000
4 1 1
28.18167000 1.00000000
5 2 1
44.84084000 1.00000000
6 2 1
33.81763000 1.00000000

O-HYDROGEN H-S_3 (DZSPDH) BASIS TYPE: 2
# 
6
1 0 1
47.79973000 1.00000000
2 0 1
33.72722000 1.00000000
3 1 1
42.87110000 1.00000000
4 1 1
28.18167000 1.00000000
5 2 1
44.84084000 1.00000000
6 2 1
33.81763000 1.00000000

O-HYDROGEN H-T_3 (DZSPDH) BASIS TYPE: 2
# 
6
1 0 1
47.79973000 1.00000000
2 0 1
33.72722000 1.00000000
3 1 1
42.87110000 1.00000000
4 1 1
28.18167000 1.00000000
5 2 1
44.84084000 1.00000000
6 2 1
33.81763000 1.00000000

O-HYDROGEN H-U_3 (DZSPDH) BASIS TYPE: 2
# 
6
1 0 1
47.79973000 1.00000000
2 0 1
33.72722000 1.00000000
3 1 1
42.87110000 1.00000000
4 1 1
28.18167000 1.00000000
5 2 1
44.84084000 1.00000000
6 2 1
33.81763000 1.00000000

O-HYDROGEN H-V_3 (DZSPDH) BASIS TYPE: 2
# 
6
1 0 1
47.79973000 1.00000000
2 0 1
33.72722000 1.00000000
3 1 1
42.87110000 1.00000000
4 1 1
28.18167000 1.00000000
5 2 1
44.84084000 1.00000000
6 2 1
33.81763000 1.00000000

O-HYDROGEN H-W_3 (DZSPDH) BASIS TYPE: 2
# 
6
1 0 1
47.79973000 1.00000000
2 0 1
33.72722000 1.00000000
3 1 1
42.87110000 1.00000000
4 1 1
28.18167000 1.00000000
5 2 1
44.84084000 1.00000000
6 2 1
33.81763000 1.00000000

O-HYDROGEN H-X_3 (DZSPDH) BASIS TYPE: 2
# 
6
1 0 1
47.79973000 1.00000000
2 0 1
33.72722000 1.00000000
3 1 1
42.87110000 1.00000000
4 1 1
28.18167000 1.00000000
5 2 1
44.84084000 1.00000000
6 2 1
33.81763000 1.00000000

O-HYDROGEN H-Y_3 (DZSPDH) BASIS TYPE: 2
# 
6
1 0 1
47.79973000 1.00000000
2 0 1
33.72722000 1.00000000
3 1 1
42.87110000 1.00000000
4 1 1
28.18167000 1.00000000
5 2 1
44.84084000 1.00000000
6 2 1
33.81763000 1.00000000

O-HYDROGEN H-Z_3 (DZSPDH) BASIS TYPE: 2
# 
6
1 0 1
47.79973000 1.00000000
2 0 1
33.72722000 1.00000000
3 1 1
42.87110000 1.00000000
4 1 1
28.18167000 1.00000000
5 2 1
44.84084000 1.00000000
6 2 1
33.81763000 1.00000000

O-HYDROGEN H-AA_3 (DZSPDH) BASIS TYPE: 2
# 
6
1 0 1
47.79973000 1.00000000
2 0 1
33.72722000 1.00000000
3 1 1
42.87110000 1.00000000
4 1 1
28.18167000 1.00000000
5 2 1
44.84084000 1.00000000
6 2 1
33.81763000 1.00000000

O-HYDROGEN H-AB_3 (DZSPDH) BASIS TYPE: 2
# 
6
1 0 1
47.79973000 1.00000000
2 0 1
33.72722000 1.00000000
3 1 1
42.87110000 1.00000000
4 1 1
28.18167000 1.00000000
5 2 1
44.84084000 1.00000000
6 2 1
33.81763000 1.00000000

O-HYDROGEN H-AC_3 (DZSPDH) BASIS TYPE: 2
# 
6
1 0 1
47.79973000 1.00000000
2 0 1
33.72722000 1.00000000
3 1 1
42.87110000 1.00000000
4 1 1
28.18167000 1.00000000
5 2 1
44.84084000 1.00000000
6 2 1
33.81763000 1.00000000

O-HYDROGEN H-AD_3 (DZSPDH) BASIS TYPE: 2
# 
6
1 0 1
47.79973000 1.00000000
2 0 1
33.72722000 1.00000000
3 1 1
42.87110000 1.00000000
4 1 1
28.18167000 1.00000000
5 2 1
44.84084000 1.00000000
6 2 1
33.81763000 1.00000000

O-HYDROGEN H-AE_3 (DZSPDH) BASIS TYPE: 2
# 
6
1 0 1
47.79973000 1.00000000
2 0 1
33.72722000 1.00000000
3 1 1
42.87110000 1.00000000
4 1 1
28.18167000 1.00000000
5 2 1
44.84084000 1.00000000
6 2 1
33.81763000 1.00000000

O-HYDROGEN H-AF_3 (DZSPDH) BASIS TYPE: 2
# 
6
1 0 1
47.79973000 1.00000000
2 0 1
33.72722000 1.00000000
3 1 1
42.87110000 1.00000000
4 1 1
28.18167000 1.00000000
5 2 1
44.84084000 1.00000000
6 2 1
33.81763000 1.00000000

O-HYDROGEN H-AG_3 (DZSPDH) BASIS TYPE: 2
# 
6
1 0 1
47.79973000 1.00000000
2 0 1
33.72722000 1.00000000
3 1 1
42.87110000 1.00000000
4 1 1
28.18167000 1.00000000
5 2 1
44.84084000 1.00000000
6 2 1
33.81763000 1.00000000

O-HYDROGEN H-AH_3 (DZSPDH) BASIS TYPE: 2
# 
6
1 0 1
47.79973000 1.00000000
2 0 1
33.72722000 1.00000000
3 1 1
42.87110000 1.00000000
4 1 1
28.18167000 1.00000000
5 2 1
44.84084000 1.00000000
6 2 1
33.81763000 1.00000000

O-HYDROGEN H-AI_3 (DZSPDH) BASIS TYPE: 2
# 
6
1 0 1
47.79973000 1.00000000
2 0 1
33.72722000 1.00000000
3 1 1
42.87110000 1.00000000
4 1 1
28.18167000 1.00000000
5 2 1
44.84084000 1.00000000
6 2 1
33.81763000 1.00000000

O-HYDROGEN H-AJ_3 (DZSPDH) BASIS TYPE: 2
# 
6
1 0 1
47.79973000 1.00000000
2 0 1
33.72722000 1.00000000
3 1 1
42.87110000 1.00000000
4 1 1
28.18167000 1.00000000
5 2 1
44.84084000 1.00000000
6 2 1
33.81763000 1.00000000

O-HYDROGEN H-AK_3 (DZSPDH) BASIS TYPE: 2
# 
6
1 0 1
47.79973000 1.00000000
2 0 1
33.72722000 1.00000000
3 1 1
42.87110000 1.00000000
4 1 1
28.18167000 1.00000000
5 2 1
44.84084000 1.00000000
6 2 1
33.81763000 1.00000000

O-HYDROGEN H-AL_3 (DZSPDH) BASIS TYPE: 2
# 
6
1 0 1
47.79973000 1.00000000
2 0 1
33.72722000 1.00000000
3 1 1
42.87110000 1.00000000
4 1 1
28.18167000 1.00000000
5 2 1
44.84084000 1.00000000
6 2 1
33.81763000 1.00000000

O-HYDROGEN H-AM_3 (DZSPDH) BASIS TYPE: 2
# 
6
1 0 1
47.79973000 1.00000000
2 0 1
33.72722000 1.00000000
3 1 1
42.87110000 1.00000000
4 1 1
28.18167000 1.00000000
5 2 1
44.84084000 1.00000000
6 2 1
33.81763000 1.00000000

O-HYDROGEN H-AN_3 (DZSPDH) BASIS TYPE: 2
# 
6
1 0 1
47.79973000 1.00000000
2 0 1
33.72722000 1.00000000
3 1 1
42.87110000 1.00000000
4 1 1
28.18167000 1.00000000
5 2 1
44.84084000 1.00000000
6 2 1
33.81763000 1.00000000

O-HYDROGEN H-AO_3 (DZSPDH) BASIS TYPE: 2
# 
6
1 0 1
47.79973000 1.00000000
2 0 1
33.72722000 1.00000000
3 1 1
42.87110000 1.00000000
4 1 1
28.18167000 1.00000000
5 2 1
44.84084000 1.00000000
6 2 1
33.81763000 1.00000000

O-HYDROGEN H-AP_3 (DZSPDH) BASIS TYPE: 2
# 
6
1 0 1
47.79973000 1.00000000
2 0 1
33.72722000 1.00000000
3 1 1
42.87110000 1.00000000
4 1 1
28.18167000 1.00000000
5 2 1
44.84084000 1.00000000
6 2 1
33.81763000 1.00000000

O-HYDROGEN H-AQ_3 (DZSPDH) BASIS TYPE: 2
# 
6
1 0 1
47.79973000 1.00000000
2 0 1
33.72722000 1.00000000
3 1 1
42.87110000 1.00000000
4 1 1
28.18167000 1.00000000
5 2 1
44.84084000 1.00000000
6 2 1
33.81763000 1.00000000

O-HYDROGEN H-AR_3 (DZSPDH) BASIS TYPE: 2
# 
6
1 0 1
47.79973000 1.00000000
2 0 1
33.72722000 1.00000000
3 1 1
42.87110000 1.00000000
4 1 1
28.18167000 1.00000000
5 2 1
44.84084000 1.00000000
6 2 1
33.81763000 1.00000000

O-HYDROGEN H-AS_3 (DZSPDH) BASIS TYPE: 2
# 
6
1 0 1
47.79973000 1.00000000
2 0 1
33.72722000 1.00000000
3 1 1
42.87110000 1.00000000
4 1 1
28.18167000 1.00000000
5 2 1
44.84084000 1.00000000
6 2 1
33.81763000 1.00000000

O-HYDROGEN H-AT_3 (DZSPDH) BASIS TYPE: 2
# 
6
1 0 1
47.79973000 1.00000000
2 0 1
33.72722000 1.00000000
3 1 1
42.87110000 1.00000000
4 1 1
28.18167000 1.00000000
5 2 1
44.84084000 1.00000000
6 2 1
33.81763000 1.00000000

O-HYDROGEN H-AU_3 (DZSPDH) BASIS TYPE: 2
# 
6
1 0 1
47.79973000 1.00000000
2 0 1
33.72722000 1.00000000
3 1 1
42.87110000 1.00000000
4 1 1
28.18167000 1.00000000
5 2 1
44.84084000 1.00000000
6 2 1
33.81763000 1.00000000

O-HYDROGEN H-AV_3 (DZSPDH) BASIS TYPE: 2
# 
6
1 0 1
47.79973000 1.00000000
2 0 1
33.72722000 1.00000000
3 1 1
42.87110000 1.00000000
4 1 1
28.18167000 1.00000000
5 2 1
44.84084000 1.00000000
6 2 1
33.81763000 1.00000000

O-HYDROGEN H-AW_3 (DZSPDH) BASIS TYPE: 2
# 
6
1 0 1
47.79973000 1.00000000
2 0 1
33.72722000 1.00000000
3 1 1
42.87110000 1.00000000
4 1 1
28.18167000 1.00000000
5 2 1
44.84084000 1.00000000
6 2 1
33.81763000 1.00000000

O-HYDROGEN H-AX_3 (DZSPDH) BASIS TYPE: 2
# 
6
1 0 1
47.79973000 1.00000000
2 0 1
33.72722000 1.00000000
3 1 1
42.87110000 1.00000000
4 1 1
28.18167000 1.00000000
5 2 1
44.84084000 1.00000000
6 2 1
33.81763000 1.00000000

O-HYDROGEN H-AY_3 (DZSPDH) BASIS TYPE: 2
# 
6
1 0 1
47.79973000 1.00000000
2 0 1
33.72722000 1.00000000
3 1 1
42.87110000 1.00000000
4 1 1
28.18167000 1.00000000
5 2 1
44.84084000 1.00000000
6 2 1
33.81763000 1.00000000

O-HYDROGEN H-AZ_3 (DZSPDH) BASIS TYPE: 2
# 
6
1 0 1
47.79973000 1.00000000
2 0 1
33.72722000 1.00000000
3 1 1
42.87110000 1.00000000
4 1 1
28.18167000 1.00000000
5 2 1
44.84084000 1.00000000
6 2 1
33.81763000 1.00000000

O-HYDROGEN H-BA_3 (DZSPDH) BASIS TYPE: 2
# 
6
1 0 1
47.79973000 1.00000000
2 0 1
33.72722000 1.00000000
3 1 1
42.87110000 1.00000000
4 1 1
28.18167000 1.00000000
5 2 1
44.84084000 1.00000000
6 2 1
33.81763000 1.00000000

O-HYDROGEN H-BB_3 (DZSPDH) BASIS TYPE: 2
# 
6
1 0 1
47.79973000 1.00000000
2 0 1
33.72722000 1.00000000
3 1 1
42.87110000 1.00000000
4 1 1
28.18167000 1.00000000
5 2 1
44.84084000 1.00000000
6 2 1
33.81763000 1.00000000

O-HYDROGEN H-BC_3 (DZSPDH) BASIS TYPE: 2
# 
6
1 0 1
47.79973000 1.00000000
2 0 1
33.72722000 1.00000000
3 1 1
42.87110000 1.00000000
4 1 1
28.18167000 1.00000000
5 2 1
44.84084000 1.00000000
6 2 1
33.81763000 1.00000000

O-HYDROGEN H-BD_3 (DZSPDH) BASIS TYPE: 2
# 
6
1 0 1
47.79973000 1.00000000
2 0 1
33.72722000 1.00000000
3 1 1
42.87110000 1.00000000
4 1 1
28.18167000 1.00000000
5 2 1
44.84084000 1.00000000
6 2 1
33.81763000 1.00000000

O-HYDROGEN H-BE_3 (DZSPDH) BASIS TYPE: 2
# 
6
1 0 1
47.79973000 1.00000000
2 0 1
33.72722000 1.00000000
3 1 1
42.87110000 1.00000000
4 1 1
28.18167000 1.00000000
5 2 1
44.84084000 1.00000000
6 2 1
33.81763000 1.00000000

O-HYDROGEN H-BF_3 (DZSPDH) BASIS TYPE: 2
# 
6
1 0 1
47.79973000 1.00000000
2 0 1
33.72722000 1.00000000
3 1 1
42.87110000 1.00000000
4 1 1
28.18167000 1.00000000
5 2 1
44.84084000 1.00000000
6 2 1
33.81763000 1.00000000

O-HYDROGEN H-BG_3 (DZSPDH) BASIS TYPE: 2
# 
6
1 0 1
47.79973000 1.00000000
2 0 1
33.72722000 1.00000000
3 1 1
42.87110000 1.00000000
4 1 1
28.18167000 1.00000000
5 2 1
44.84084000 1.00000000
6 2 1
33.81763000 1.00000000

O-HYDROGEN H-BH_3 (DZSPDH) BASIS TYPE: 2
# 
6
1 0 1
47.79973000 1.00000000
2 0 1
33.72722000 1.00000000
3 1 1
42.87110000 1.00000000
4 1 1
28.18167000 1.00000000
5 2 1
44.84084000 1.00000000
6 2 1
33.81763000 1.00000000

O-HYDROGEN H-BI_3 (DZSPDH) BASIS TYPE: 2
# 
6
1 0 1
47.79973000 1.00000000
2 0 1
33.72722000 1.00000000
3 1 1
42.87110000 1.00000000
4 1 1
28.18167000 1.00000000
5 2 1
44.84084000 1.00000000
6 2 1
33.81763000 1.00000000

O-HYDROGEN H-BJ_3 (DZSPDH) BASIS TYPE: 2
# 
6
1 0 1
47.79973000 1.00000000
2 0 1
33.72722000 1.00000000
3 1 1
42.87110000 1.00000000
4 1 1
28.18167000 1.00000000
5 2 1
44.84084000 1.00000000
6 2 1
33.81763000 1.00000000

O-HYDROGEN H-BK_3 (DZSPDH) BASIS TYPE: 2
# 
6
1 0 1
47.79973000 1.00000000
2 0 1
33.72722000 1.00000000
3 1 1
42.87110000 1.00000000
4 1 1
28.18167000 1.00000000
5 2 1
44.84084000 1.00000000
6 2 1
33.81763000 1.00000000

O-HYDROGEN H-BL_3 (DZSPDH) BASIS TYPE: 2
# 
6
1 0 1
47.79973000 1.00000000
2 0 1
33.72722000 1.00000000
3 1 1
42.87110000 1.00000000
4 1 1
28.18167000 1.00000000
5 2 1
44.84084000 1.00000000
6 2 1
33.81763000 1.00000000

O-HYDROGEN H-BM_3 (DZSPDH) BASIS TYPE: 2
# 
6
1 0 1
47.79973000 1.00000000
2 0 1
33.72722000 1.00000000
3 1 1
42.87110000 1.00000000
4 1 1
28.18167000 1.00000000
5 2 1
44.84084000 1.00000000
6 2 1
33.81763000 1.00000000

O-HYDROGEN H-BN_3 (DZSPDH) BASIS TYPE: 2
# 
6
1 0 1
47.79973000 1.00000000
2 0 1
33.72722000 1.00000000
3 1 1
42.87110000 1.00000000
4 1 1
28.18167000 1.00000000
5 2 1
44.84084000 1.00000000
6 2 1
33.81763000 1.00000000

O-HYDROGEN H-BO_3 (DZSPDH) BASIS TYPE: 2
# 
6
1 0 1
47.79973000 1.00000000
2 0 1
33.72722000 1.00000000
3 1 1
42.87110000 1.00000000
4 1 1
28.18167000 1.00000000
5 2 1
44.84084000 1.00000000
6 2 1
33.81763000 1.00000000

O-HYDROGEN H-BP_3 (DZSPDH) BASIS TYPE: 2
# 
6
1 0 1
47.79973000 1.00000000
2 0 1
33.72722000 1.00000000
3 1 1
42.87110000 1.00000000
4 1 1
28.18167000 1.00000000
5 2 1
44.84084000 1.00000000
6 2 1
33.81763000 1.00000000

O-HYDROGEN H-BQ_3 (DZSPDH) BASIS TYPE: 2
# 
6
1 0 1
47.79973000 1.00000000
2 0 1
33.72722000 1.00000000
3 1 1
42.87110000 1.00000000
4 1 1
28.18167000 1.00000000
5 2 1
44.84084000 1.00000000
6 2 1
33.81763000 1.00000000

O-HYDROGEN H-BR_3 (DZSPDH) BASIS TYPE: 2
# 
6
1 0 1
47.79973000 1.00000000
2 0 1
33.72722000 1.00000000
3 1 1
42.87110000 1.00000000
4 1 1
28.18167000 1.00000000
5 2 1
44.84084000 1.00000000
6 2 1
33.81763000 1.00000000

O-HYDROGEN H-BS_3 (DZSPDH) BASIS TYPE: 2
# 
6
1 0 1
47.79973000 1.00000000
2 0 1
33.72722000 1.00000000
3 1 1
42.87110000 1.00000000
4 1 1
28.18167000 1.00000000
5 2 1
44.84084000 1.00000000
6 2 1
33.81763000 1.00000000

O-HYDROGEN H-BT_3 (DZSPDH) BASIS TYPE: 2
# 
6
1 0 1
47.79973000 1.00000000
2 0 1
33.72722000 1.00000000
3 1 1
42.87110000 1.00000000
4 1 1
28.18167000 1.00000000
5 2 1
44.84084000 1.00000000
6 2 1
33.81763000 1.00000000

O-HYDROGEN H-BU_3 (DZSPDH) BASIS TYPE: 2
# 
6
1 0 1
47.79973000 1.00000000
2 0 1
33.72722000 1.00000000
3 1 1
42.87110000 1.00000000
4 1 1
28.18167000 1.00000000
5 2 1
44.84084000 1.00000000
6 2 1
33.81763000 1.00000000

O-HYDROGEN H-BV_3 (DZSPDH) BASIS TYPE: 2
# 
6
1 0 1
47.79973000 1.00000000
2 0 1
33.72722000 1.00000000
3 1 1
42.87110000 1.00000000
4 1 1
28.18167000 1.00000000
5 2 1
44.84084000 1.00000000
6 2 1
33.81763000 1.00000000

O-HYDROGEN H-BW_3 (DZSPDH) BASIS TYPE: 2
# 
6
1 0 1
47.79973000 1.00000000
2 0 1
33.72722000 1.00000000
3 1 1
42.87110000 1.00000000
4 1 1
28.18167000 1.00000000
5 2 1
44.84084000 1.00000000
6 2 1
33.81763000 1.00000000

O-HYDROGEN H-BX_3 (DZSPDH) BASIS TYPE: 2
# 
6
1 0 1
47.79973000 1.00000000
2 0 1
33.72722000 1.00000000
3 1 1
42.87110000 1.00000000
4 1 1
28.18167000 1.00000000
5 2 1
44.84084000 1.00000000
6 2 1
33.81763000 1.00000000

O-HYDROGEN H-BY_3 (DZSPDH) BASIS TYPE: 2
# 
6
1 0 1
47.79973000 1.00000000
2 0 1
33.72722000 1.00000000
3 1 1
42.87110000 1.00000000
4 1 1
28.18167000 1.00000000
5 2 1
44.84084000 1.00000000
6 2 1
33.81763000 1.00000000

O-HYDROGEN H-BZ_3 (DZSPDH) BASIS TYPE: 2
# 
6
1 0 1
47.79973000 1.00000000
2 0 1
33.72722000 1.00000000
3 1 1
42.87110000 1.00000000
4 1 1
28.18167000 1.00000000
5 2 1
44.84084000 1.00000000
6 2 1
33.81763000 1.00000000

O-HYDROGEN H-CA_3 (DZSPDH) BASIS TYPE: 2
# 
6
1 0 1
47.79973000 1.00000000
2 0 1
33.72722000 1.00000000
3 1 1
42.87110000 1.00000000
4 1 1
28.18167000 1.00000000
5 2 1
44.84084000 1.00000000
6 2 1
33.81763000 1.00000000

O-HYDROGEN H-CB_3 (DZSPDH) BASIS TYPE: 2
# 
6
1 0 1
47.79973000 1.00000000
2 0 1
33.72722000 1.00000000
3 1 1
42.87110000 1.00000000
4 1 1
28.18167000 1.00000000
5 2 1
44.84084000 1.00000000
6 2 1
33.81763000 1.00000000

O-HYDROGEN H-CC_3 (DZSPDH) BASIS TYPE: 2
# 
6
1 0 1
47.79973000 1.00000000
2 0 1
33.72722000 1.00000000
3 1 1
42.87110000 1.00000000
4 1 1
28.18167000 1.00000000
5 2 1
44.84084000 1.00000000
6 2 1
33.81763000 1.00000000

O-HYDROGEN H-CD_3 (DZSPDH) BASIS TYPE: 2
# 
6
1 0 1
47.79973000 1.00000000
2 0 1
33.72722000 1.00000000
3 1 1
42.87110000 1.00000000
4 1 1
28.18167000 1.00000000
5 2 1
44.84084000 1.00000000
6 2 1
33.81763000 1.00000000

O-HYDROGEN H-CE_3 (DZSPDH) BASIS TYPE: 2
# 
6
1 0 1
47.79973000 1.00000000
2 0 1
33.72722000 1.00000000
3 1 1
42.87110000 1.00000000
4 1 1
28.18167000 1.00000000
5 2 1
44.84084000 1.00000000
6 2 1
33.81763000 1.00000000

O-HYDROGEN H-CF_3 (DZSPDH) BASIS TYPE: 2
# 
6
1 0 1
47.79973000 1.00000000
2 0 1
33.72722000 1.00000000
3 1 1
42.87110000 1.00000000
4 1 1
28.18167000 1.00000000
5 2 1
44.84084000 1.00000000
6 2 1
33.81763000 1.00000000

O-HYDROGEN H-CG_3 (DZSPDH) BASIS TYPE: 2
# 
6
1 0 1
47.79973000 1.00000000
2 0 1
33.72722000 1.00000000
3 1 1
42.87110000 1.00000000
4 1 1
28.18167000 1.00000000
5 2 1
44.84084000 1.00000000
6 2 1
33.81763000 1.00000000

O-HYDROGEN H-CH_3 (DZSPDH) BASIS TYPE: 2
# 
6
1 0 1
47.79973000 1.00000000
2 0 1
33.72722000 1.00000000
3 1 1
42.87110000 1.00000000
4 1 1
28.18167000 1.00000000
5 2 1
44.84084000 1.00000000
6 2 1
33.81763000 1.00000000

O-HYDROGEN H-CI_3 (DZSPDH) BASIS TYPE: 2
# 
6
1 0 1
47.79973000 1.00000000
2 0 1
33.72722000 1.00000000
3 1 1
42.87110000 1.00000000
4 1 1
28.18167000 1.00000000
5 2 1
44.84084000 1.00000000
6 2 1
33.81763000 1.00000000

O-HYDROGEN H-CJ_3 (DZSPDH) BASIS TYPE: 2
# 
6
1 0 1
47.79973000 1.00000000
2 0 1
33.72722000 1.00000000
3 1 1
42.87110000 1.00000000
4 1 1
28.18167000 1.00000000
5 2 1
44.84084000 1.00000000
6 2 1
33.81763000 1.00000000

O-HYDROGEN H-CK_3 (DZSPDH) BASIS TYPE: 2
# 
6
1 0 1
47.79973000 1.00000000
2 0 1
33.72722000 1.00000000
3 1 1
42.87110000 1.00000000
4 1 1
28.18167000 1.00000000
5 2 1
44.84084000 1.00000000
6 2 1
33.81763000 1.00000000

O-HYDROGEN H-CL_3 (DZSPDH) BASIS TYPE: 2
# 
6
1 0 1
47.79973000 1.00000000
2 0 1
33.72722000 1.00000000
3 1 1
42.87110000 1.00000000
4 1 1
28.18167000 1.00000000
5 2 1
44.84084000 1.00000000
6 2 1
33.81763000 1.00000000

O-HYDROGEN H-CM_3 (DZSPDH) BASIS TYPE: 2
# 
6
1 0 1
47.79973000 1.00000000
2 0 1
33.72722000 1.00000000
3 1 1
42.87110000 1.00000000
4 1 1
28.18167000 1.00000000
5 2 1
44.84084000 1.00000000
6 2 1
33.81763000 1.00000000

O-HYDROGEN H-CN_3 (DZSPDH) BASIS TYPE: 2
# 
6
1 0 1
47.79973000 1.00000000
2 0 1
33.72722000 1.00000000
3 1 1
42.87110000 1.00000000
4 1 1
28.18167000 1.00000000
5 2 1
44.84084000 1.00000000
6 2 1
33.81763000 1.00000000

O-HYDROGEN H-CO_3 (DZSPDH) BASIS TYPE: 2
# 
6
1 0 1
47.79973000 1.00000000
2 0 1
33.72722000 1.00000000
3 1 1
42.87110000 1.00000000
4 1 1
28.18167000 1.00000000
5 2 1
44.84084000 1.00000000
6 2 1
33.81763000 1.00000000

O-HYDROGEN H-CP_3 (DZSPDH) BASIS TYPE: 2
# 
6
1 0 1
47.79973000 1.00000000
2 0 1
33.72722000 1.00000000
3 1 1
42.87110000 1.00000000
4 1 1
28.18167000 1.00000000
5 2 1
44.84084000 1.00000000
6 2 1
33.81763000 1.00000000

O-HYDROGEN H-CQ_3 (DZSPDH) BASIS TYPE: 2
# 
6
1 0 1
47.79973000 1.00000000
2 0 1
33.72722000 1.00000000
3 1 1
42.87110000 1.00000000
4 1 1
28.18167000 1.00000000
5 2 1
44.84084000 1.00000000
6 2 1
33.81763000 1.00000000

O-HYDROGEN H-CR_3 (DZSPDH) BASIS TYPE: 2
# 
6
1 0 1
47.79973000 1.00000000
2 0 1
33.72722000 1.00000000
3 1 1
42.87110000 1.00000000
4 1 1
28.18167000 1.00000000
5 2 1
44.84084000 1.00000000
6 2 1
33.81763000 1.00000000

O-HYDROGEN H-CS_3 (DZSPDH) BASIS TYPE: 2
# 
6
1 0 1
47.79973000 1.00000000
2 0 1
33.72722000 1.00000000
3 1 1
42.87110000 1.00000000
4 1 1
28.18167000 1.00000000
5 2 1
44.84084000 1.00000000
6 2 1
33.81763000 1.00000000

O-HYDROGEN H-CT_3 (DZSPDH) BASIS TYPE: 2
# 
6
1 0 1
47.79973000 1.00000000
2 0 1
33.72722000 1.00000000
3 1 1
42.87110000 1.00000000
4 1 1
28.18167000 1.00000000
5 2 1
44.84084000 1.00000000
6 2 1
33.81763000 1.00000000

O-HYDROGEN H-CU_3 (DZSPDH) BASIS TYPE: 2
# 
6
1 0 1
47.79973000 1.00000000
2 0 1
33.72722000 1.00000000
3 1 1
42.87110000 1.00000000
4 1 1
28.18167000 1.00000000
5 2 1
44.84084000 1.00000000
6 2 1
33.81763000 1.00000000

O-HYDROGEN H-CV_3 (DZSPDH) BASIS TYPE: 2
# 
6
1 0 1
47.79973000 1.00000000
2 0 1
33.72722000 1.00000000
3 1 1
42.87110000 1.00000000
4 1 1
28.18167000 1.00000000
5 2 1
44.84084000 1.00000000
6 2 1
33.81763000 1.00000000

O-HYDROGEN H-CW_3 (DZSPDH) BASIS TYPE: 2
# 
6
1 0 1
47.79973000 1.00000000
2 0 1
33.72722000 1.00000000
3 1 1
42.87110000 1.00000000
4 1 1
28.18167000 1.00000000
5 2 1
44.84084000 1.00000000
6 2 1
33.81763000 1.00000000

O-HYDROGEN H-CX_3 (DZSPDH) BASIS TYPE: 2
# 
6
1 0 1
47.79973000 1.00000000
2 0 1
33.72722000 1.00000000
3 1 1
42.87110000 1.00000000
4 1 1
28.18167000 1.00000000
5 2 1
44.84084000 1.00000000
6 2 1
33.81763000 1.00000000

O-HYDROGEN H-CY_3 (DZSPDH) BASIS TYPE: 2
# 
6
1 0 1
47.79973000 1.00000000
2 0 1
33.72722000 1.00000000
3 1 1
42.87110000 1.00000000
4 1 1
28.18167000 1.00000000
5 2 1
44.84084000 1.00000000
6 2 1
33.81763000 1.00000000

O-HYDROGEN H-CZ_3 (DZSPDH) BASIS TYPE: 2
# 
6
1 0 1
47.79973000 1.00000000
2 0 1
33.72722000 1.00000000
3 1 1
42.87110000 1.00000000
4 1 1
28.18167000 1.00000000
5 2 1
44.84084000 1.00000000
6 2 1
33.81763000 1.00000000

O-HYDROGEN H-DA_3 (DZSPDH) BASIS TYPE: 2
# 
6
1 0 1
47.79973000 1.00000000
2 0 1
33.72722000 1.00000000
3 1 1
42.87110000 1.00000000
4 1 1
28.18167000 1.00000000
5 2 1
44.84084000 1.00000000
6 2 1
33.81763000 1.00000000

O-HYDROGEN H-DB_3 (DZSPDH) BASIS TYPE: 2
# 
6
1 0 1
47.79973000 1.00000000
2 0 1
33.72722000 1.00000000
3 1 1
42.87110000 1.00000000
4 1 1
28.18167000 1.00000000
5 2 1
44.84084000 1.00000000
6 2 1
33.81763000 1.00000000

O-HYDROGEN H-DC_3 (DZSPDH) BASIS TYPE: 2
# 
6
1 0 1
47.79973000 1.00000000
2 0 1
33.72722000 1.00000000
3 1 1
42.87110000 1.00000000
4 1 1
28.18167000 1.00000000
5 2 1
44.84084000 1.00000000
6 2 1
33.81763000 1.00000000

O-HYDROGEN H-DD_3 (DZSPDH) BASIS TYPE: 2
# 
6
1 0 1
47.79973000 1.00000000
2 0 1
33.72722000 1.00000000
3 1 1
42.87110000 1.00000000
4 1 1
28.18167000 1.00000000
5 2 1
44.84084000 1.00000000
6 2 1
33.81763000 1.00000000

O-HYDROGEN H-DE_3 (DZSPDH) BASIS TYPE: 2
# 
6
1 0 1
47.79973000 1.00000000
2 0 1
33.72722000 1.00000000
3 1 1
42.87110000 1.00000000
4 1 1
28.18167000 1.00000000
5 2 1
44.84084000 1.00000000
6 2 1
33.81763000 1.00000000

O-HYDROGEN H-DF_3 (DZSPDH) BASIS TYPE: 2
# 
6
1 0 1
47.79973000 1.00000000
2 0 1
33.72722000 1.00000000
3 1 1
42.87110000 1.00000000
4 1 1
28.18167000 1.00000000
5 2 1
44.84084000 1.00000000
6 2 1
33.81763000 1.00000000

O-HYDROGEN H-DG_3 (DZSPDH) BASIS TYPE: 2
# 
6
1 0 1
47.79973000 1.00000000
2 0 1
33.72722000 1.00000000
3 1 1
42.87110000 1.00000000
4 1 1
28.18167000 1.00000000
5 2 1
44.84084000 1.00000000
6 2 1
33.81763000 1.00000000

O-HYDROGEN H-DH_3 (DZSPDH) BASIS TYPE: 2
# 
6
1 0 1
47.79973000 1.00000000
2 0 1
33.72722000 1.00000000
3 1 1
42.87110000 1.00000000
4 1 1
28.18167000 1.00000000
5 2 1
44.84084000 1.00000000
6 2 1
33.81763000 1.00000000

O-HYDROGEN H-DI_3 (DZSPDH) BASIS TYPE: 2
# 
6
1 0 1
47.79973000 1.00000000
2 0 1
33.72722000 1.00000000
3 1 1
42.87110000 1.00000000
4 1 1
28.18167000 1.00000000
5 2 1
44.84084000 1.00000000
6 2 1
33.81763000 1.00000000

O-HYDROGEN H-DJ_3 (DZSPDH) BASIS TYPE: 2
# 
6
1 0 1
47.79973000 1.00000000
2 0 1
33.72722000 1.00000000
3 1 1
42.87110000 1.00000000
4 1 1
28.18167000 1.00000000
5 2 1
44.84084000 1.00000000
6 2 1
33.81763000 1.00000000

O-HYDROGEN H-DK_3 (DZSPDH) BASIS TYPE: 2
# 
6
1 0 1
47.79973000 1.00000000
2 0 1
33.72722000 1.00000000
3 1 1
42.87110000 1.00000000
4 1 1
28.18167000 1.00000000
5 2 1
44.84084000 1.00000000
6 2 1
33.81763000 1.00000000

O-HYDROGEN H-DL_3 (DZSPDH) BASIS TYPE: 2
# 
6
1 0 1
47.79973000 1.00000000
2 0 1
33.72722000 1.00000000
3 1 1
42.87110000 1.00000000
4 1 1
28.18167000 1.00000000
5 2 1
44.84084000 1.00000000
6 2 1
33.81763000 1.00000000

O-HYDROGEN H-DM_3 (DZSPDH) BASIS TYPE: 2
# 
6
1 0 1
47.79973000 1.00000000
2 0 1
33.72722000 1.00000000
3 1 1
42.87110000 1.00000000
4 1 1
28.18167000 1.00000000
5 2 1
44.84084000 1.00000000
6 2 1
33.81763000 1.00000000

O-HYDROGEN H-DN_3 (DZSPDH) BASIS TYPE: 2
# 
6
1 0 1
47.79973000 1.00000000
2 0 1
33.72722000 1.00000000
3 1 1
42.87110000 1.00000000
4 1 1
28.18167000 1.00000000
5 2 1
44.84084000 1.00000000
6 2 1
33.81763000 1.00000000

O-HYDROGEN H-DO_3 (DZSPDH) BASIS TYPE: 2
# 
6
1 0 1
47.79973000 1.00000000
2 0 1
33.72722000 1.00000000
3 1 1
42.87110000 1.00000000
4 1 1
28.18167000 1.00000000
5 2 1
44.84084000 1.00000000
6 2 1
33.81763000 1.00000000

O-HYDROGEN H-DP_3 (DZSPDH) BASIS TYPE: 2
# 
6
1 0 1
47.79973000 1.00000000
2 0 1
33.72722000 1.00000000
3 1 1
42.87110000 1.00000000
4 1 1
28.18167000 1.00000000
5 2 1
44.84084000 1.00000000
6 2 1
33.81763000 1.00000000

O-HYDROGEN H-DQ_3 (DZSPDH) BASIS TYPE: 2
# 
6
1 0 1
47.79973000 1.00000000
2 0 1
33.72722000 1.00000000
3 1 1
42.87110000 1.00000000
4 1 1
28.18167000 1.00000000
5 2 1
44.84084000 1.00000000
6 2 1
33.81763000 1.00000000

O-HYDROGEN H-DR_3 (DZSPDH) BASIS TYPE: 2
# 
6
1 0 1
47.79973000 1.00000000
2 0 1
33.72722000 1.00000000
3 1 1
42.87110000 1.00000000
4 1 1
28.18167000 1.00000000
5 2 1
44.84084000 1.00000000
6 2 1
33.81763000 1.00000000

O-HYDROGEN H-DS_3 (DZSPDH) BASIS TYPE: 2
# 
6
1 0 1
47.79973000 1.00000000
2 0 1
33.72722000 1.00000000
3 1 1
42.87110000 1.00000000
4 1 1
28.18167000 1.00000000
5 2 1
44.84084000 1.00000000
6 2 1
33.81763000 1.00000000

O-HYDROGEN H-DT_3 (DZSPDH) BASIS TYPE: 2
# 
6
1 0 1
47.79973000 1.00000000
2 0 1
33.72722000 1.00000000
3 1 1
42.87110000 1.00000000
4 1 1
28.18167000 1.00000000
5 2 1
44.84084000 1.00000000
6 2 1
33.81763000 1.00000000

O-HYDROGEN H-DU_3 (DZSPDH) BASIS TYPE: 2
# 
6
1 0 1
47.79973000 1.00000000
2 0 1
33.72722000 1.00000000
3 1 1
42.87110000 1.00000000
4 1 1
28.18167000 1.00000000
5 2 1
44.84084000 1.00000000
6 2 1
33.81763000 1.00000000

O-HYDROGEN H-DV_3 (DZSPDH) BASIS TYPE: 2
# 
6
1 0 1
47.79973000 1.00000000
2 0 1
33.72722000 1.00000000
3 1 1
42.87110000 1.00000000
4 1 1
28.18167000 1.00000000
5 2 1
44.84084000 1.00000000
6 2 1
33.81763000 1.00000000

O-HYDROGEN H-DW_3 (DZSPDH) BASIS TYPE: 2
# 
6
1 0 1
47.79973000 1.00000000
2 0 1
33.72722000 1.00000000
3 1 1
42.87110000 1.00000000
4 1 1
28.18167000 1.00000000
5 2 1
44.84084000 1.00000000
6 2 1
33.81763000 1.00000000

O-HYDROGEN H-DX_3 (DZSPDH) BASIS TYPE: 2
# 
6
1 0 1
47.79973000 1.00000000
2 0 1
33.72722000 1.00000000
3 1 1
42.87110000 1.00000000
4 1 1
28.18167000 1.00000000
5 2 1
44.84084000 1.00000000
6 2 1
33.81763000 1.00000000

O-HYDROGEN H-DY_3 (DZSPDH) BASIS TYPE: 2
# 
6
1 0 1
47.79973000 1.00000000
2 0 1
33.72722000 1.00000000
3 1 1
42.87110000 1.00000000
4 1 1
28.18167000 1.00000000
5 2 1
44.84084000 1.00000000
6 2 1
33.81763000 1.00000000

O-HYDROGEN H-DZ_3 (DZSPDH) BASIS TYPE: 2
# 
6
1 0 1
47.79973000 1.00000000
2 0 1
33.72722000 1.00000000
3 1 1
42.87110000 1.00000000
4 1 1
28.18167000 1.00000000
5 2 1
44.84084000 1.00000000
6 2 1
33.81763000 1.00000000

