O-POSITRON E+ (AR-AUG-CC-PV5Z) BASIS TYPE:2 
# (65s,29p,5d,4f,3g,2h) -> [8s,7p,5d,4f,3g,2h] 
29 
1 0 20 
7.401000E+06 1.750000E-06 
1.108000E+06 1.361000E-05 
2.521000E+05 7.163000E-05 
7.138000E+04 3.030300E-04 
2.326000E+04 1.106080E-03 
8.390000E+03 3.606710E-03 
3.271000E+03 1.071321E-02 
1.357000E+03 2.910677E-02 
5.920000E+02 7.166011E-02 
2.691000E+02 1.541405E-01 
1.265000E+02 2.704171E-01 
6.103000E+01 3.348547E-01 
2.986000E+01 2.243463E-01 
1.417000E+01 5.000284E-02 
7.022000E+00 6.459000E-05 
3.511000E+00 1.686410E-03 
1.758000E+00 -5.809600E-04 
7.841000E-01 1.967000E-04 
3.480000E-01 -1.112500E-04 
1.491000E-01 2.061000E-05 
2 0 20 
7.401000E+06 -5.000000E-07 
1.108000E+06 -3.870000E-06 
2.521000E+05 -2.034000E-05 
7.138000E+04 -8.609000E-05 
2.326000E+04 -3.144400E-04 
8.390000E+03 -1.028410E-03 
3.271000E+03 -3.072670E-03 
1.357000E+03 -8.475320E-03 
5.920000E+02 -2.152008E-02 
2.691000E+02 -4.944932E-02 
1.265000E+02 -9.877592E-02 
6.103000E+01 -1.583082E-01 
2.986000E+01 -1.514030E-01 
1.417000E+01 5.824264E-02 
7.022000E+00 4.293830E-01 
3.511000E+00 4.990888E-01 
1.758000E+00 1.602784E-01 
7.841000E-01 8.839600E-03 
3.480000E-01 1.131300E-03 
1.491000E-01 2.237700E-04 
3 0 20 
7.401000E+06 1.600000E-07 
1.108000E+06 1.210000E-06 
2.521000E+05 6.360000E-06 
7.138000E+04 2.689000E-05 
2.326000E+04 9.834000E-05 
8.390000E+03 3.212900E-04 
3.271000E+03 9.620000E-04 
1.357000E+03 2.652450E-03 
5.920000E+02 6.770350E-03 
2.691000E+02 1.561727E-02 
1.265000E+02 3.171666E-02 
6.103000E+01 5.199742E-02 
2.986000E+01 5.247514E-02 
1.417000E+01 -2.264147E-02 
7.022000E+00 -1.860623E-01 
3.511000E+00 -3.501455E-01 
1.758000E+00 -1.276828E-01 
7.841000E-01 4.533453E-01 
3.480000E-01 6.098824E-01 
1.491000E-01 1.880992E-01 
4 0 1 
1.758000E+00 1.000000E+00 
5 0 1 
7.841000E-01 1.000000E+00 
6 0 1 
3.480000E-01 1.000000E+00 
7 0 1 
1.491000E-01 1.000000E+00 
8 0 1 
0.0538000 1.0000000 
2 1 12 
2.927000E+03 2.319900E-04 
6.935000E+02 2.023290E-03 
2.247000E+02 1.103401E-02 
8.517000E+01 4.383970E-02 
3.553000E+01 1.303590E-01 
1.573000E+01 2.757499E-01 
7.165000E+00 3.876433E-01 
3.322000E+00 2.874074E-01 
1.478000E+00 6.575812E-02 
6.552000E-01 1.473900E-04 
2.751000E-01 1.138790E-03 
1.097000E-01 -2.525300E-04 
3 1 12 
2.927000E+03 -6.491000E-05 
6.935000E+02 -5.653100E-04 
2.247000E+02 -3.109880E-03 
8.517000E+01 -1.246964E-02 
3.553000E+01 -3.822465E-02 
1.573000E+01 -8.307918E-02 
7.165000E+00 -1.245941E-01 
3.322000E+00 -8.329713E-02 
1.478000E+00 1.639825E-01 
6.552000E-01 4.314312E-01 
2.751000E-01 4.290406E-01 
1.097000E-01 1.540010E-01 
4 1 1 
1.478000E+00 1.000000E+00 
5 1 1 
6.552000E-01 1.000000E+00 
6 1 1 
2.751000E-01 1.000000E+00 
7 1 1 
1.097000E-01 1.000000E+00 
8 1 1 
0.0402000 1.0000000 
3 2 1 
4.776000E+00 1.000000E+00 
4 2 1 
1.917000E+00 1.000000E+00 
5 2 1 
7.700000E-01 1.000000E+00 
6 2 1 
3.090000E-01 1.000000E+00 
7 2 1 
0.1210000 1.0000000 
4 3 1 
1.668000E+00 1.000000E+00 
5 3 1 
8.250000E-01 1.000000E+00 
6 3 1 
4.080000E-01 1.000000E+00 
7 3 1 
0.2090000 1.0000000 
5 4 1 
1.562000E+00 1.000000E+00 
6 4 1 
6.650000E-01 1.000000E+00 
7 4 1 
0.3340000 1.0000000 
6 5 1 
1.264000E+00 1.0000000 
7 5 1 
0.7420000 1.0000000 
