O-POSITRON E+ (AS-AUG-CC-PVDZ) BASIS TYPE:2 
# 
14 
1 0 13 
559583.79000000 0.00020240 
83879.33000000 0.00157090 
19092.66800000 0.00816620 
5407.39250000 0.03333990 
1763.75590000 0.10917260 
636.45672000 0.27188530 
248.08843000 0.42085090 
101.57851000 0.27922570 
31.47551300 0.03003010 
13.43728200 -0.00688040 
4.00869000 0.00242400 
1.68492900 -0.00114910 
0.30001900 0.00030950 
2 0 13 
559583.79000000 -0.00006340 
83879.33000000 -0.00048830 
19092.66800000 -0.00258210 
5407.39250000 -0.01054020 
1763.75590000 -0.03693250 
636.45672000 -0.10023550 
248.08843000 -0.21429480 
101.57851000 -0.18105260 
31.47551300 0.47254100 
13.43728200 0.63861940 
4.00869000 0.07581070 
1.68492900 -0.01352780 
0.30001900 0.00319700 
3 0 13 
559583.79000000 0.00002460 
83879.33000000 0.00019070 
19092.66800000 0.00100310 
5407.39250000 0.00413530 
1763.75590000 0.01442590 
636.45672000 0.04029620 
248.08843000 0.08756700 
101.57851000 0.08351780 
31.47551300 -0.29329350 
13.43728200 -0.54705200 
4.00869000 0.54387380 
1.68492900 0.71435910 
0.30001900 0.03534430 
4 0 13 
559583.79000000 -0.00000680 
83879.33000000 -0.00005250 
19092.66800000 -0.00027560 
5407.39250000 -0.00113890 
1763.75590000 -0.00396460 
636.45672000 -0.01114230 
248.08843000 -0.02419910 
101.57851000 -0.02363390 
31.47551300 0.08663170 
13.43728200 0.16858390 
4.00869000 -0.20914250 
1.68492900 -0.45009180 
0.30001900 0.66039780 
5 0 1 
0.11358700 1.00000000 
6 0 1 
0.04115200 1.00000000 
7 1 10 
3886.35640000 0.00140970 
921.20201000 0.01182770 
297.19319000 0.05932800 
111.97508000 0.19651150 
46.03462100 0.39978910 
19.87419400 0.40046530 
8.38608800 0.11641960 
3.55872800 0.00069180 
1.44728200 0.00216330 
0.34777900 -0.00041500 
8 1 10 
3886.35640000 -0.00055190 
921.20201000 -0.00465500 
297.19319000 -0.02391760 
111.97508000 -0.08256270 
46.03462100 -0.18067910 
19.87419400 -0.17248480 
8.38608800 0.20867000 
3.55872800 0.58236220 
1.44728200 0.35374650 
0.34777900 0.02064390 
9 1 10 
3886.35640000 0.00012360 
921.20201000 0.00102400 
297.19319000 0.00538050 
111.97508000 0.01824430 
46.03462100 0.04159790 
19.87419400 0.03629980 
8.38608800 -0.05235690 
3.55872800 -0.17916670 
1.44728200 -0.07404770 
0.34777900 0.53580940 
10 1 1 
0.10769900 1.00000000 
11 1 1 
0.03126800 1.00000000 
12 2 5 
84.42423400 0.02452880 
24.18158900 0.14113400 
8.40177700 0.36875790 
2.98050200 0.48406260 
0.97900300 0.28244340 
13 2 1 
0.30980000 1.00000000 
14 2 1 
0.10780000 1.00000000 
