O-POSITRON E+ (AR-AUG-CC-PVDZ) BASIS TYPE:2 
# 
11 
1 0 11 
145700.00000000 0.00023670 
21840.00000000 0.00183523 
4972.00000000 0.00952860 
1408.00000000 0.03862830 
459.70000000 0.12408100 
165.90000000 0.29647100 
64.69000000 0.42206800 
26.44000000 0.24171100 
7.62800000 0.02005090 
2.99600000 -0.00361000 
0.65040000 0.00097561 
2 0 11 
145700.00000000 -0.00006749 
21840.00000000 -0.00051852 
4972.00000000 -0.00274825 
1408.00000000 -0.01110070 
459.70000000 -0.03848200 
165.90000000 -0.09975990 
64.69000000 -0.20308800 
26.44000000 -0.13560800 
7.62800000 0.50719500 
2.99600000 0.61289800 
0.65040000 0.04429680 
3 0 11 
145700.00000000 0.00002105 
21840.00000000 0.00016257 
4972.00000000 0.00085546 
1408.00000000 0.00349745 
459.70000000 0.01201560 
165.90000000 0.03213680 
64.69000000 0.06552790 
26.44000000 0.04993700 
7.62800000 -0.22976900 
2.99600000 -0.42100600 
0.65040000 0.64233100 
4 0 1 
0.23370000 1.00000000 
5 0 1 
0.07090000 1.00000000 
6 1 7 
453.70000000 0.00570555 
106.80000000 0.04304600 
33.73000000 0.17659100 
12.13000000 0.40686300 
4.59400000 0.45254900 
1.67800000 0.12280100 
0.59090000 -0.00445996 
7 1 7 
453.70000000 -0.00160655 
106.80000000 -0.01217140 
33.73000000 -0.05207890 
12.13000000 -0.12373700 
4.59400000 -0.15161900 
1.67800000 0.14242500 
0.59090000 0.58450100 
8 1 1 
0.18520000 1.00000000 
9 1 1 
0.05330000 1.00000000 
10 2 1 
0.73800000 1.00000000 
11 2 1 
0.24000000 1.00000000 
