O-POSITRON E+ (AS-AUG-CC-PVTZ) BASIS TYPE:2 
# 
19 
1 0 18 
8482339.60000000 0.00000680 
1270150.90000000 0.00005280 
289056.96000000 0.00027740 
81879.84900000 0.00117020 
26716.56400000 0.00424210 
9647.58420000 0.01365570 
3764.11950000 0.03933990 
1561.56560000 0.09992920 
680.81467000 0.21215550 
309.24119000 0.33638660 
145.25736000 0.31551250 
69.73904800 0.11813120 
31.77032500 0.00800760 
15.39175700 0.00032930 
7.34152600 -0.00015230 
3.32371600 0.00002470 
1.48586700 -0.00003660 
0.21150000 -0.00000940 
2 0 18 
8482339.60000000 -0.00000210 
1270150.90000000 -0.00001650 
289056.96000000 -0.00008660 
81879.84900000 -0.00036530 
26716.56400000 -0.00133090 
9647.58420000 -0.00430930 
3764.11950000 -0.01269730 
1561.56560000 -0.03361600 
680.81467000 -0.07894700 
309.24119000 -0.15144580 
145.25736000 -0.20420140 
69.73904800 -0.05573670 
31.77032500 0.41876070 
15.39175700 0.57587620 
7.34152600 0.16968420 
3.32371600 0.00606620 
1.48586700 0.00176050 
0.21150000 0.00023160 
3 0 18 
8482339.60000000 0.00000080 
1270150.90000000 0.00000640 
289056.96000000 0.00003370 
81879.84900000 0.00014230 
26716.56400000 0.00051880 
9647.58420000 0.00168020 
3764.11950000 0.00496770 
1561.56560000 0.01321150 
680.81467000 0.03145660 
309.24119000 0.06184460 
145.25736000 0.08795660 
69.73904800 0.02575480 
31.77032500 -0.24554590 
15.39175700 -0.50905720 
7.34152600 -0.05557490 
3.32371600 0.70837960 
1.48586700 0.52310270 
0.21150000 -0.01111760 
4 0 18 
8482339.60000000 -0.00000020 
1270150.90000000 -0.00000180 
289056.96000000 -0.00000930 
81879.84900000 -0.00003920 
26716.56400000 -0.00014290 
9647.58420000 -0.00046290 
3764.11950000 -0.00136870 
1561.56560000 -0.00364400 
680.81467000 -0.00868840 
309.24119000 -0.01715560 
145.25736000 -0.02455140 
69.73904800 -0.00735240 
31.77032500 0.07200870 
15.39175700 0.15762540 
7.34152600 0.01420740 
3.32371600 -0.28515930 
1.48586700 -0.38853470 
0.21150000 0.64953370 
5 0 1 
0.42108600 1.00000000 
6 0 1 
0.08897400 1.00000000 
7 0 1 
0.03340700 1.00000000 
8 1 11 
7423.86140000 0.00045990 
1759.51660000 0.00398230 
570.22916000 0.02146380 
216.57997000 0.08246170 
90.73425200 0.22389020 
40.30879100 0.39207040 
18.55550200 0.35422380 
8.39654300 0.10486410 
3.76736700 0.00336640 
1.62970100 0.00184950 
0.22250300 0.00022970 
9 1 11 
7423.86140000 -0.00017940 
1759.51660000 -0.00156410 
570.22916000 -0.00849990 
216.57997000 -0.03363270 
90.73425200 -0.09532280 
40.30879100 -0.17936260 
18.55550200 -0.14666820 
8.39654300 0.19660160 
3.76736700 0.53720880 
1.62970100 0.38573610 
0.22250300 -0.00540060 
10 1 11 
7423.86140000 0.00003990 
1759.51660000 0.00034880 
570.22916000 0.00189530 
216.57997000 0.00753250 
90.73425200 0.02143150 
40.30879100 0.04078070 
18.55550200 0.03252490 
8.39654300 -0.05488320 
3.76736700 -0.15119220 
1.62970100 -0.12490110 
0.22250300 0.58552930 
11 1 1 
0.56826300 1.00000000 
12 1 1 
0.08040500 1.00000000 
13 1 1 
0.02679900 1.00000000 
14 2 7 
321.01961000 0.00168400 
96.24930500 0.01415860 
36.64496300 0.06282590 
15.49396500 0.17849930 
6.89113800 0.32094520 
3.05483100 0.37735150 
1.31424100 0.27502310 
15 2 1 
0.51343000 1.00000000 
16 2 1 
0.18770000 1.00000000 
17 2 1 
0.07000000 1.00000000 
18 3 1 
0.41580000 1.00000000 
19 3 1 
0.16900000 1.00000000 
