O-POSITRON E+ (AL-DEF2-TZVPPD-AUX-DIF) BASIS TYPE:2 
# 
22 
1 0 7 
37792.55077200 0.00057048 
5668.06821650 0.00440930 
1289.85828410 0.02263097 
364.86596028 0.08802564 
118.57631515 0.25223702 
42.02486760 0.45960547 
15.49950163 0.33277886 
2 0 3 
75.20802660 0.01925056 
23.03140897 0.08790674 
3.63487976 -0.34246705 
3 0 2 
1.60650500 1.51062661 
0.76103395 0.58071016 
4 0 1 
0.16556709 1.00000000 
5 0 1 
0.06004158 1.00000000 
6 0 1 
0.02853665 1.00000000 
7 1 5 
452.52303192 0.00231108 
107.08195049 0.01856864 
34.13102126 0.08721624 
12.58703743 0.26902102 
4.98119197 0.52128324 
8 1 1 
2.00703509 1.00000000 
9 1 1 
0.80083714 1.00000000 
10 1 1 
0.20178927 1.00000000 
11 1 1 
0.05789555 1.00000000 
12 2 1 
1.57000000 1.00000000 
13 2 1 
0.33300000 1.00000000 
14 2 1 
0.11100000 1.00000000 
15 2 1 
0.04106871 1.00000000 
16 3 1 
0.24400000 1.00000000 
1 0 1 
0.0090240811 1.0 
2 0 1 
0.002853665 1.0 
3 0 1 
0.0009024081 1.0 
5 1 1 
0.0183081804 1.0 
6 1 1 
0.005789555 1.0 
7 1 1 
0.001830818 1.0 
