O-POSITRON E+ (AL-AUG-CC-PVDZ) BASIS TYPE:2 
# 
11 
1 0 11 
64150.00000000 0.00029025 
9617.00000000 0.00225064 
2189.00000000 0.01164590 
620.50000000 0.04673770 
202.70000000 0.14629900 
73.15000000 0.33028300 
28.55000000 0.41586100 
11.77000000 0.18925300 
3.30000000 0.01158890 
1.17300000 -0.00128385 
0.17520000 0.00042588 
2 0 11 
64150.00000000 -0.00007580 
9617.00000000 -0.00058179 
2189.00000000 -0.00308113 
620.50000000 -0.01231120 
202.70000000 -0.04197810 
73.15000000 -0.10337100 
28.55000000 -0.19630800 
11.77000000 -0.08300020 
3.30000000 0.54104000 
1.17300000 0.57879600 
0.17520000 0.02881470 
3 0 11 
64150.00000000 0.00001751 
9617.00000000 0.00013421 
2189.00000000 0.00071244 
620.50000000 0.00284330 
202.70000000 0.00976842 
73.15000000 0.02418500 
28.55000000 0.04749930 
11.77000000 0.02036210 
3.30000000 -0.15878800 
1.17300000 -0.31169400 
0.17520000 0.62014700 
4 0 1 
0.06473000 1.00000000 
5 0 1 
0.02310000 1.00000000 
6 1 7 
258.80000000 0.00406847 
60.89000000 0.03068150 
19.14000000 0.12914900 
6.88100000 0.32083100 
2.57400000 0.45381500 
0.95720000 0.27506600 
0.20990000 0.01908070 
7 1 7 
258.80000000 -0.00074805 
60.89000000 -0.00545796 
19.14000000 -0.02453710 
6.88100000 -0.05821380 
2.57400000 -0.09837560 
0.95720000 -0.02600640 
0.20990000 0.46402000 
8 1 1 
0.05986000 1.00000000 
9 1 1 
0.01530000 1.00000000 
10 2 1 
0.18900000 1.00000000 
11 2 1 
0.05350000 1.00000000 
