O-POSITRON E+ (AS-DEF2-TZVPPD-AUX-DIF) BASIS TYPE:2 
# 
24 
1 0 8 
498032.42158000 0.00022740 
74656.86874300 0.00176328 
16990.96000400 0.00917280 
4809.62003210 0.03733783 
1566.28870550 0.12199536 
563.21360499 0.29137475 
219.11179978 0.42326351 
86.86606103 0.22921464 
2 0 4 
538.19512479 -0.02525420 
167.14850224 -0.11915461 
27.60551716 0.54628496 
11.94785852 0.53001521 
3 0 2 
18.53802313 -0.23479188 
3.20189857 0.69167053 
4 0 1 
1.43565221 1.00000000 
5 0 1 
0.31837805 1.00000000 
6 0 1 
0.11622632 1.00000000 
7 0 1 
0.05045020 1.00000000 
8 1 6 
2678.94215460 0.00233190 
634.61765840 0.01904215 
203.93967606 0.09022974 
76.32389037 0.26169038 
30.66412494 0.41857168 
12.50505673 0.23447830 
9 1 4 
49.25622955 -0.02123554 
7.72748915 0.30470207 
3.54104935 0.52888373 
1.69855855 0.37272251 
10 1 1 
0.76848071 1.00000000 
11 1 1 
0.30050823 1.00000000 
12 1 1 
0.09819064 1.00000000 
13 2 5 
135.33289305 0.00992911 
39.86021274 0.06656884 
14.44642836 0.22275768 
5.64329004 0.40309224 
2.16681886 0.41671668 
14 2 1 
0.76514971 1.00000000 
15 2 1 
0.42434653 1.00000000 
16 2 1 
0.16331527 1.00000000 
17 2 1 
0.06757533 1.00000000 
18 3 1 
0.43271941 1.00000000 
1 0 1 
0.015953754 1.0 
2 0 1 
0.00504502 1.0 
3 0 1 
0.0015953754 1.0 
5 1 1 
0.0310506067 1.0 
6 1 1 
0.009819064 1.0 
7 1 1 
0.0031050607 1.0 
