O-POSITRON E+ (AR-AUG-CC-PVTZ) BASIS TYPE:2 
# 
16 
1 0 13 
545000.00000000 0.00004558 
81640.00000000 0.00035411 
18580.00000000 0.00185797 
5261.00000000 0.00776851 
1717.00000000 0.02742320 
619.90000000 0.08238360 
241.60000000 0.20123000 
99.79000000 0.35678100 
43.15000000 0.34956300 
19.14000000 0.11826600 
7.48800000 0.00560190 
3.20500000 0.00048347 
0.52040000 0.00002920 
2 0 13 
545000.00000000 -0.00001296 
81640.00000000 -0.00010043 
18580.00000000 -0.00052958 
5261.00000000 -0.00221396 
1717.00000000 -0.00796845 
619.90000000 -0.02458030 
241.60000000 -0.06577980 
99.79000000 -0.13794200 
43.15000000 -0.20163000 
19.14000000 -0.04128340 
7.48800000 0.48468000 
3.20500000 0.57922400 
0.52040000 -0.00727553 
3 0 13 
545000.00000000 0.00000405 
81640.00000000 0.00003137 
18580.00000000 0.00016565 
5261.00000000 0.00069166 
1717.00000000 0.00249790 
619.90000000 0.00771074 
241.60000000 0.02087140 
99.79000000 0.04439650 
43.15000000 0.06802240 
19.14000000 0.01413500 
7.48800000 -0.20748900 
3.20500000 -0.42504500 
0.52040000 0.73362700 
4 0 1 
1.19600000 1.00000000 
5 0 1 
0.19540000 1.00000000 
6 0 1 
0.06850000 1.00000000 
7 1 7 
761.80000000 0.00236976 
180.20000000 0.01901990 
57.50000000 0.08808070 
21.24000000 0.25637700 
8.38800000 0.43871100 
3.41600000 0.34756900 
0.45230000 -0.00523882 
8 1 7 
761.80000000 -0.00066721 
180.20000000 -0.00532717 
57.50000000 -0.02554940 
21.24000000 -0.07571970 
8.38800000 -0.14113300 
3.41600000 -0.09327680 
0.45230000 0.56245000 
9 1 1 
1.20600000 1.00000000 
10 1 1 
0.15450000 1.00000000 
11 1 1 
0.04870000 1.00000000 
12 2 1 
0.41000000 1.00000000 
13 2 1 
1.25400000 1.00000000 
14 2 1 
0.16900000 1.00000000 
15 3 1 
0.89000000 1.00000000 
16 3 1 
0.40600000 1.00000000 
