O-POSITRON E+ (AR-DEF2-TZVPPD-AUX-DIF) BASIS TYPE:2 
# 
23 
1 0 7 
79111.42299800 0.00051029 
11864.74600900 0.00394630 
2700.16429730 0.02030707 
763.95943485 0.07969183 
248.45150561 0.23420624 
88.28358100 0.44833849 
32.94860707 0.36408167 
2 0 3 
142.55358000 0.02638741 
44.16368801 0.11226434 
8.95249950 -0.26178922 
3 0 2 
4.55469209 1.30024850 
2.14440790 0.67197237 
4 0 1 
0.60708777 1.00000000 
5 0 1 
0.21651432 1.00000000 
6 0 1 
0.07373219 1.00000000 
7 1 5 
776.77541998 0.00220280 
183.80107018 0.01769418 
58.69400317 0.08243129 
21.70159170 0.24207279 
8.58214896 0.42263558 
8 1 1 
3.49226792 1.00000000 
9 1 1 
1.26374270 1.00000000 
10 1 1 
0.46607870 1.00000000 
11 1 1 
0.15766003 1.00000000 
12 1 1 
0.04177913 1.00000000 
13 2 1 
5.55100000 1.00000000 
14 2 1 
1.23500000 1.00000000 
15 2 1 
0.41200000 1.00000000 
16 2 1 
0.12039312 1.00000000 
17 3 1 
0.89000000 1.00000000 
1 0 1 
0.0233161657 1.0 
2 0 1 
0.007373219 1.0 
3 0 1 
0.0023316166 1.0 
5 1 1 
0.0132117209 1.0 
6 1 1 
0.004177913 1.0 
7 1 1 
0.0013211721 1.0 
