O-POSITRON E+ (AL-AUG-CC-PV5Z) BASIS TYPE:2 
# (65s,29p,5d,4f,3g,2h) -> [8s,7p,5d,4f,3g,2h] 
29 
1 0 20 
3.269000E+06 2.139620E-06 
4.894000E+05 1.662640E-05 
1.114000E+05 8.751680E-05 
3.156000E+04 3.689900E-04 
1.032000E+04 1.339030E-03 
3.731000E+03 4.356360E-03 
1.456000E+03 1.289550E-02 
6.041000E+02 3.482010E-02 
2.635000E+02 8.435300E-02 
1.198000E+02 1.759070E-01 
5.632000E+01 2.920910E-01 
2.719000E+01 3.282200E-01 
1.326000E+01 1.869270E-01 
6.052000E+00 3.104300E-02 
2.981000E+00 -5.089220E-04 
1.476000E+00 1.488360E-03 
7.334000E-01 -2.782410E-04 
2.447000E-01 1.187520E-04 
1.088000E-01 -6.615000E-05 
4.672000E-02 1.759540E-05 
2 0 20 
3.269000E+06 -5.560260E-07 
4.894000E+05 -4.323030E-06 
1.114000E+05 -2.274130E-05 
3.156000E+04 -9.601160E-05 
1.032000E+04 -3.483760E-04 
3.731000E+03 -1.138360E-03 
1.456000E+03 -3.387440E-03 
6.041000E+02 -9.315050E-03 
2.635000E+02 -2.330230E-02 
1.198000E+02 -5.234860E-02 
5.632000E+01 -9.994990E-02 
2.719000E+01 -1.505600E-01 
1.326000E+01 -1.191210E-01 
6.052000E+00 1.080910E-01 
2.981000E+00 4.111290E-01 
1.476000E+00 4.572140E-01 
7.334000E-01 1.759380E-01 
2.447000E-01 7.706100E-03 
1.088000E-01 -1.661680E-03 
4.672000E-02 4.453470E-04 
3 0 20 
3.269000E+06 1.284230E-07 
4.894000E+05 9.975140E-07 
1.114000E+05 5.254800E-06 
3.156000E+04 2.214500E-05 
1.032000E+04 8.054640E-05 
3.731000E+03 2.625060E-04 
1.456000E+03 7.842200E-04 
6.041000E+02 2.150390E-03 
2.635000E+02 5.419740E-03 
1.198000E+02 1.216860E-02 
5.632000E+01 2.368230E-02 
2.719000E+01 3.609370E-02 
1.326000E+01 3.032840E-02 
6.052000E+00 -3.090340E-02 
2.981000E+00 -1.191260E-01 
1.476000E+00 -2.111450E-01 
7.334000E-01 -1.579440E-01 
2.447000E-01 3.390380E-01 
1.088000E-01 6.130970E-01 
4.672000E-02 2.351680E-01 
4 0 1 
7.334000E-01 1.000000E+00 
5 0 1 
2.447000E-01 1.000000E+00 
6 0 1 
1.088000E-01 1.000000E+00 
7 0 1 
4.672000E-02 1.000000E+00 
8 0 1 
0.0177000 1.0000000 
2 1 12 
1.461000E+03 2.086130E-04 
3.462000E+02 1.810050E-03 
1.122000E+02 9.734330E-03 
4.251000E+01 3.782660E-02 
1.772000E+01 1.108980E-01 
7.852000E+00 2.342950E-01 
3.571000E+00 3.452450E-01 
1.637000E+00 3.314300E-01 
7.382000E-01 1.470640E-01 
2.577000E-01 1.214110E-02 
9.773000E-02 -8.716390E-04 
3.690000E-02 4.379570E-04 
3 1 12 
1.461000E+03 -3.719470E-05 
3.462000E+02 -3.285630E-04 
1.122000E+02 -1.742640E-03 
4.251000E+01 -6.948280E-03 
1.772000E+01 -2.028070E-02 
7.852000E+00 -4.486570E-02 
3.571000E+00 -6.432780E-02 
1.637000E+00 -7.526660E-02 
7.382000E-01 6.160080E-04 
2.577000E-01 2.878190E-01 
9.773000E-02 5.430300E-01 
3.690000E-02 3.018650E-01 
4 1 1 
7.382000E-01 1.000000E+00 
5 1 1 
2.577000E-01 1.000000E+00 
6 1 1 
9.773000E-02 1.000000E+00 
7 1 1 
3.690000E-02 1.000000E+00 
8 1 1 
0.0115000 1.0000000 
3 2 1 
1.317000E+00 1.000000E+00 
4 2 1 
5.260000E-01 1.000000E+00 
5 2 1 
2.100000E-01 1.000000E+00 
6 2 1 
8.400000E-02 1.000000E+00 
7 2 1 
0.0294000 1.0000000 
4 3 1 
5.130000E-01 1.000000E+00 
5 3 1 
2.580000E-01 1.000000E+00 
6 3 1 
1.300000E-01 1.000000E+00 
7 3 1 
0.0509000 1.0000000 
5 4 1 
5.430000E-01 1.000000E+00 
6 4 1 
2.520000E-01 1.000000E+00 
7 4 1 
0.1069000 1.0000000 
6 5 1 
4.460000E-01 1.0000000 
7 5 1 
0.2270000 1.0000000 
