O-POSITRON E+ (AS-AUG-CC-PV5Z) BASIS TYPE:2 
# (109s,56p,17d,4f,3g,2h) -> [9s,8p,6d,4f,3g,2h] 
32 
1 0 26 
1.375075E+08 2.100000E-07 
2.051505E+07 1.630000E-06 
4.648716E+06 8.650000E-06 
1.311265E+06 3.676000E-05 
4.261859E+05 1.348800E-04 
1.532371E+05 4.446000E-04 
5.945940E+04 1.348800E-03 
2.449281E+04 3.823100E-03 
1.059025E+04 1.019080E-02 
4.769784E+03 2.550270E-02 
2.226370E+03 5.911040E-02 
1.073086E+03 1.232888E-01 
5.325006E+02 2.191743E-01 
2.712976E+02 3.013612E-01 
1.413119E+02 2.694892E-01 
7.458443E+01 1.191270E-01 
3.829834E+01 1.569800E-02 
2.046913E+01 2.047000E-04 
1.093958E+01 2.236000E-04 
5.590367E+00 -1.168000E-04 
2.882859E+00 4.190000E-06 
1.466086E+00 -2.167000E-05 
6.748390E-01 8.040000E-06 
3.463990E-01 -3.900000E-06 
1.592890E-01 1.760000E-06 
7.210900E-02 -3.500000E-07 
2 0 26 
1.375075E+08 -7.000000E-08 
2.051505E+07 -5.100000E-07 
4.648716E+06 -2.700000E-06 
1.311265E+06 -1.147000E-05 
4.261859E+05 -4.210000E-05 
1.532371E+05 -1.388000E-04 
5.945940E+04 -4.218000E-04 
2.449281E+04 -1.198400E-03 
1.059025E+04 -3.217400E-03 
4.769784E+03 -8.159800E-03 
2.226370E+03 -1.948340E-02 
1.073086E+03 -4.297870E-02 
5.325006E+02 -8.529870E-02 
2.712976E+02 -1.428402E-01 
1.413119E+02 -1.757282E-01 
7.458443E+01 -7.641270E-02 
3.829834E+01 2.466575E-01 
2.046913E+01 5.253824E-01 
1.093958E+01 3.459724E-01 
5.590367E+00 6.395330E-02 
2.882859E+00 1.829900E-03 
1.466086E+00 1.564500E-03 
6.748390E-01 -3.447000E-04 
3.463990E-01 1.784000E-04 
1.592890E-01 -7.883000E-05 
7.210900E-02 1.558000E-05 
3 0 26 
1.375075E+08 3.000000E-08 
2.051505E+07 2.000000E-07 
4.648716E+06 1.050000E-06 
1.311265E+06 4.470000E-06 
4.261859E+05 1.640000E-05 
1.532371E+05 5.404000E-05 
5.945940E+04 1.643000E-04 
2.449281E+04 4.669000E-04 
1.059025E+04 1.255200E-03 
4.769784E+03 3.186900E-03 
2.226370E+03 7.643200E-03 
1.073086E+03 1.696690E-02 
5.325006E+02 3.419090E-02 
2.712976E+02 5.872870E-02 
1.413119E+02 7.588560E-02 
7.458443E+01 3.506140E-02 
3.829834E+01 -1.338623E-01 
2.046913E+01 -3.913634E-01 
1.093958E+01 -3.462820E-01 
5.590367E+00 1.941327E-01 
2.882859E+00 6.451986E-01 
1.466086E+00 4.234813E-01 
6.748390E-01 5.165530E-02 
3.463990E-01 -2.826100E-03 
1.592890E-01 1.207800E-03 
7.210900E-02 -1.242800E-04 
4 0 26 
1.375075E+08 -7.000000E-09 
2.051505E+07 -5.500000E-08 
4.648716E+06 -2.890000E-07 
1.311265E+06 -1.230000E-06 
4.261859E+05 -4.517000E-06 
1.532371E+05 -1.488400E-05 
5.945940E+04 -4.526500E-05 
2.449281E+04 -1.285820E-04 
1.059025E+04 -3.458010E-04 
4.769784E+03 -8.780310E-04 
2.226370E+03 -2.107300E-03 
1.073086E+03 -4.681700E-03 
5.325006E+02 -9.455800E-03 
2.712976E+02 -1.629900E-02 
1.413119E+02 -2.121380E-02 
7.458443E+01 -9.894400E-03 
3.829834E+01 3.863790E-02 
2.046913E+01 1.188893E-01 
1.093958E+01 1.088990E-01 
5.590367E+00 -7.220790E-02 
2.882859E+00 -2.718000E-01 
1.466086E+00 -3.371662E-01 
6.748390E-01 -1.395500E-02 
3.463990E-01 4.992112E-01 
1.592890E-01 5.639284E-01 
7.210900E-02 1.539855E-01 
5 0 1 
6.748390E-01 1.000000E+00 
6 0 1 
3.463990E-01 1.000000E+00 
7 0 1 
1.592890E-01 1.000000E+00 
8 0 1 
7.210900E-02 1.000000E+00 
9 0 1 
0.0294180 1.0000000 
2 1 17 
3.416616E+04 3.220000E-05 
8.086561E+03 2.868000E-04 
2.626511E+03 1.663300E-03 
1.005395E+03 7.412500E-03 
4.271273E+02 2.675120E-02 
1.951511E+02 7.889440E-02 
9.405431E+01 1.829916E-01 
4.699988E+01 3.124941E-01 
2.411746E+01 3.445322E-01 
1.251998E+01 1.916436E-01 
6.357325E+00 3.871360E-02 
3.168052E+00 2.241800E-03 
1.553481E+00 7.209000E-04 
7.103250E-01 -4.340000E-05 
3.209550E-01 4.340000E-05 
1.393570E-01 -2.080000E-05 
5.841000E-02 5.200000E-06 
3 1 17 
3.416616E+04 -1.260000E-05 
8.086561E+03 -1.119000E-04 
2.626511E+03 -6.516000E-04 
1.005395E+03 -2.917300E-03 
4.271273E+02 -1.067380E-02 
1.951511E+02 -3.224550E-02 
9.405431E+01 -7.797310E-02 
4.699988E+01 -1.401038E-01 
2.411746E+01 -1.607132E-01 
1.251998E+01 -7.670300E-03 
6.357325E+00 3.007983E-01 
3.168052E+00 4.715878E-01 
1.553481E+00 3.032064E-01 
7.103250E-01 5.434640E-02 
3.209550E-01 -2.178000E-04 
1.393570E-01 9.454000E-04 
5.841000E-02 -2.301000E-04 
4 1 17 
3.416616E+04 2.800000E-06 
8.086561E+03 2.490000E-05 
2.626511E+03 1.451000E-04 
1.005395E+03 6.504000E-04 
4.271273E+02 2.381800E-03 
1.951511E+02 7.220700E-03 
9.405431E+01 1.753180E-02 
4.699988E+01 3.174140E-02 
2.411746E+01 3.654490E-02 
1.251998E+01 -1.602400E-03 
6.357325E+00 -8.246440E-02 
3.168052E+00 -1.344372E-01 
1.553481E+00 -1.051686E-01 
7.103250E-01 1.000587E-01 
3.209550E-01 4.138993E-01 
1.393570E-01 4.784553E-01 
5.841000E-02 1.714769E-01 
5 1 1 
7.103250E-01 1.000000E+00 
6 1 1 
3.209550E-01 1.000000E+00 
7 1 1 
1.393570E-01 1.000000E+00 
8 1 1 
5.841000E-02 1.000000E+00 
9 1 1 
0.0220430 1.0000000 
3 2 12 
1.424451E+03 6.660000E-05 
4.310668E+02 6.537000E-04 
1.681286E+02 3.904100E-03 
7.486672E+01 1.639190E-02 
3.594586E+01 5.062320E-02 
1.809847E+01 1.211021E-01 
9.405780E+00 2.168169E-01 
4.923904E+00 2.887452E-01 
2.556493E+00 2.947769E-01 
1.304233E+00 2.155998E-01 
6.371180E-01 9.175750E-02 
2.757950E-01 1.430220E-02 
4 2 1 
1.304233E+00 1.000000E+00 
5 2 1 
6.371180E-01 1.000000E+00 
6 2 1 
2.757950E-01 1.000000E+00 
7 2 1 
1.153000E-01 1.000000E+00 
8 2 1 
0.0488000 1.0000000 
4 3 1 
7.599000E-01 1.000000E+00 
5 3 1 
3.859000E-01 1.000000E+00 
6 3 1 
1.960000E-01 1.000000E+00 
7 3 1 
0.0899000 1.0000000 
5 4 1 
8.092000E-01 1.000000E+00 
6 4 1 
3.700000E-01 1.000000E+00 
7 4 1 
0.1655000 1.0000000 
6 5 1 
6.773000E-01 1.0000000 
7 5 1 
0.3668000 1.0000000 
