O-POSITRON E+ (AL-AUG-CC-PVTZ) BASIS TYPE:2 
# 
16 
1 0 13 
205500.00000000 0.00006788 
30780.00000000 0.00052715 
7006.00000000 0.00276203 
1985.00000000 0.01147280 
649.10000000 0.03981880 
235.00000000 0.11504000 
91.62000000 0.26088700 
37.67000000 0.39638600 
15.91000000 0.28459700 
5.85000000 0.04445830 
2.54200000 -0.00489838 
1.05700000 0.00261253 
0.14550000 0.00072207 
2 0 13 
205500.00000000 -0.00001764 
30780.00000000 -0.00013720 
7006.00000000 -0.00071891 
1985.00000000 -0.00301146 
649.10000000 -0.01060140 
235.00000000 -0.03213450 
91.62000000 -0.08031560 
37.67000000 -0.15679400 
15.91000000 -0.16837600 
5.85000000 0.12687900 
2.54200000 0.56149400 
1.05700000 0.43661300 
0.14550000 -0.01145630 
3 0 13 
205500.00000000 0.00000407 
30780.00000000 0.00003166 
7006.00000000 0.00016612 
1985.00000000 0.00069499 
649.10000000 0.00245511 
235.00000000 0.00744598 
91.62000000 0.01882530 
37.67000000 0.03727720 
15.91000000 0.04194960 
5.85000000 -0.03543750 
2.54200000 -0.17513200 
1.05700000 -0.27620300 
0.14550000 0.65280900 
4 0 1 
0.29310000 1.00000000 
5 0 1 
0.05650000 1.00000000 
6 0 1 
0.02210000 1.00000000 
7 1 7 
444.40000000 0.00162786 
105.10000000 0.01306870 
33.47000000 0.06123410 
12.33000000 0.18787000 
4.86900000 0.36045200 
1.96100000 0.40845400 
0.18880000 0.00976514 
8 1 7 
444.40000000 -0.00028634 
105.10000000 -0.00242308 
33.47000000 -0.01086580 
12.33000000 -0.03643070 
4.86900000 -0.06410740 
1.96100000 -0.09722390 
0.18880000 0.50344800 
9 1 1 
0.78340000 1.00000000 
10 1 1 
0.05557000 1.00000000 
11 1 1 
0.01460000 1.00000000 
12 2 1 
0.10900000 1.00000000 
13 2 1 
0.33300000 1.00000000 
14 2 1 
0.03560000 1.00000000 
15 3 1 
0.24400000 1.00000000 
16 3 1 
0.08580000 1.00000000 
