O-POSITRON E+ (BE-AUG-CC-PV5Z) BASIS TYPE:2 
# (33s,13p,5d,4f,3g,2h) -> [7s,6p,5d,4f,3g,2h] 
27 
1 0 14 
5.462000E+04 1.800000E-05 
8.180000E+03 1.380000E-04 
1.862000E+03 7.230000E-04 
5.273000E+02 3.039000E-03 
1.720000E+02 1.090800E-02 
6.210000E+01 3.403500E-02 
2.421000E+01 9.119300E-02 
9.993000E+00 1.992680E-01 
4.305000E+00 3.293550E-01 
1.921000E+00 3.404890E-01 
8.663000E-01 1.437400E-01 
2.475000E-01 6.517000E-03 
1.009000E-01 -1.865000E-03 
4.129000E-02 4.800000E-04 
2 0 14 
5.462000E+04 -3.000000E-06 
8.180000E+03 -2.500000E-05 
1.862000E+03 -1.310000E-04 
5.273000E+02 -5.580000E-04 
1.720000E+02 -1.988000E-03 
6.210000E+01 -6.370000E-03 
2.421000E+01 -1.721700E-02 
9.993000E+00 -4.085800E-02 
4.305000E+00 -7.423700E-02 
1.921000E+00 -1.192340E-01 
8.663000E-01 -8.777700E-02 
2.475000E-01 2.787880E-01 
1.009000E-01 5.834990E-01 
4.129000E-02 2.690070E-01 
3 0 1 
8.663000E-01 1.000000E+00 
4 0 1 
2.475000E-01 1.000000E+00 
5 0 1 
1.009000E-01 1.000000E+00 
6 0 1 
4.129000E-02 1.000000E+00 
7 0 1 
1.280000E-02 1.0000000 
2 1 8 
4.375000E+01 6.330000E-04 
1.033000E+01 4.808000E-03 
3.226000E+00 2.052700E-02 
1.127000E+00 6.781600E-02 
4.334000E-01 1.928680E-01 
1.808000E-01 3.786920E-01 
7.827000E-02 4.005740E-01 
3.372000E-02 1.380670E-01 
3 1 1 
4.334000E-01 1.000000E+00 
4 1 1 
1.808000E-01 1.000000E+00 
5 1 1 
7.827000E-02 1.000000E+00 
6 1 1 
3.372000E-02 1.000000E+00 
7 1 1 
7.600000E-03 1.0000000 
3 2 1 
1.717500E+00 1.000000E+00 
4 2 1 
7.646000E-01 1.000000E+00 
5 2 1 
3.404000E-01 1.000000E+00 
6 2 1 
1.515000E-01 1.000000E+00 
7 2 1 
4.280000E-02 1.0000000 
4 3 1 
6.127000E-01 1.000000E+00 
5 3 1 
3.568000E-01 1.000000E+00 
6 3 1 
2.078000E-01 1.000000E+00 
7 3 1 
7.190000E-02 1.0000000 
5 4 1 
5.980000E-01 1.000000E+00 
6 4 1 
3.183000E-01 1.000000E+00 
7 4 1 
9.790000E-02 1.0000000 
6 5 1 
5.142000E-01 1.0000000 
7 5 1 
2.033000E-01 1.0000000 
