O-POSITRON E+ (B-AUG-CC-PVDZ) BASIS TYPE:2 
# 
9 
1 0 8 
4570.00000000 0.00069600 
685.90000000 0.00535300 
156.50000000 0.02713400 
44.47000000 0.10138000 
14.48000000 0.27205500 
5.13100000 0.44840300 
1.89800000 0.29012300 
0.33290000 0.01432200 
2 0 8 
4570.00000000 -0.00013900 
685.90000000 -0.00109700 
156.50000000 -0.00544400 
44.47000000 -0.02191600 
14.48000000 -0.05975100 
5.13100000 -0.13873200 
1.89800000 -0.13148200 
0.33290000 0.53952600 
3 0 1 
0.10430000 1.00000000 
4 0 1 
0.03105000 1.00000000 
5 1 3 
6.00100000 0.03548100 
1.24100000 0.19807200 
0.33640000 0.50523000 
6 1 1 
0.09538000 1.00000000 
7 1 1 
0.02378000 1.00000000 
8 2 1 
0.34300000 1.00000000 
9 2 1 
0.09040000 1.00000000 
