O-POSITRON E+ (B-D-AUG-CC-PVTZ) BASIS TYPE:2 
# 
18 
1 0 8 
5473.00000000 0.00055500 
820.90000000 0.00429100 
186.80000000 0.02194900 
52.83000000 0.08444100 
17.08000000 0.23855700 
5.99900000 0.43507200 
2.20800000 0.34195500 
0.24150000 -0.00954500 
2 0 8 
5473.00000000 -0.00011200 
820.90000000 -0.00086800 
186.80000000 -0.00448400 
52.83000000 -0.01768300 
17.08000000 -0.05363900 
5.99900000 -0.11900500 
2.20800000 -0.16582400 
0.24150000 0.59598100 
3 0 1 
0.58790000 1.00000000 
4 0 1 
0.08610000 1.00000000 
5 0 1 
0.02914000 1.00000000 
6 0 1 
0.00986000 1.00000000 
7 1 3 
12.05000000 0.01311800 
2.61300000 0.07989600 
0.74750000 0.27727500 
8 1 1 
0.23850000 1.00000000 
9 1 1 
0.07698000 1.00000000 
10 1 1 
0.02096000 1.00000000 
11 1 1 
0.00571000 1.00000000 
12 2 1 
0.66100000 1.00000000 
13 2 1 
0.19900000 1.00000000 
14 2 1 
0.06040000 1.00000000 
15 2 1 
0.01830000 1.00000000 
16 3 1 
0.49000000 1.00000000 
17 3 1 
0.16300000 1.00000000 
18 3 1 
0.05420000 1.00000000 
