O-POSITRON E+ (BE-DEF2-TZVPPTD) BASIS TYPE:2 
# 
14 
1 0 6 
4700.23656260 0.00023584 
704.82845622 0.00182438 
160.43110478 0.00939661 
45.42534734 0.03690892 
14.79833413 0.10897561 
5.35124525 0.21694285 
2 0 2 
2.15420448 0.44695409 
0.93363744 0.20866986 
3 0 1 
0.18791433 1.00000000 
4 0 1 
0.07464827 1.00000000 
5 0 1 
0.03265048 1.00000000 
6 1 2 
0.71695694 -0.16877854 
0.19541933 -0.51403420 
7 1 1 
3.63169171 1.00000000 
8 1 1 
0.06051547 1.00000000 
9 1 1 
0.02772632 1.00000000 
10 2 1 
0.18000000 1.00000000 
1 0 1 
0.01032499 1.0 
2 0 1 
0.00326505 1.0 
3 1 1 
0.00876783 1.0 
4 1 1 
0.00277263 1.0 
