O-POSITRON E+ (B-DEF2-TZVPPD-AUX-DIF) BASIS TYPE:2 
# 
19 
1 0 6 
8564.86606870 0.00022837 
1284.15162630 0.00176826 
292.27871604 0.00914071 
82.77546918 0.03634264 
27.01793927 0.11063458 
9.81496197 0.23367344 
2 0 2 
3.93185591 0.41818778 
1.65955997 0.22325474 
3 0 1 
0.35762965 1.00000000 
4 0 1 
0.14246277 1.00000000 
5 0 1 
0.06056059 1.00000000 
6 0 1 
0.03133474 1.00000000 
7 1 4 
22.45387580 0.00502656 
5.10450583 0.03280174 
1.49860813 0.13151231 
0.50927831 0.33197168 
8 1 1 
0.18147078 1.00000000 
9 1 1 
0.06462189 1.00000000 
10 2 1 
0.66100000 1.00000000 
11 2 1 
0.19900000 1.00000000 
12 2 1 
0.05954909 1.00000000 
13 3 1 
0.49000000 1.00000000 
1 0 1 
0.009908914 1.0 
2 0 1 
0.003133474 1.0 
3 0 1 
0.000990891 1.0 
5 1 1 
0.020435237 1.0 
6 1 1 
0.006462189 1.0 
7 1 1 
0.002043524 1.0 
