O-POSITRON E+ (B-AUG-CC-PV5Z) BASIS TYPE:2 
# (33s,13p,5d,4f,3g,2h) -> [7s,6p,5d,4f,3g,2h] 
27 
1 0 14 
6.826000E+04 2.400000E-05 
1.023000E+04 1.850000E-04 
2.328000E+03 9.700000E-04 
6.604000E+02 4.056000E-03 
2.162000E+02 1.439900E-02 
7.860000E+01 4.390100E-02 
3.098000E+01 1.130570E-01 
1.296000E+01 2.338250E-01 
5.659000E+00 3.539600E-01 
2.556000E+00 3.015470E-01 
1.175000E+00 8.752100E-02 
4.249000E-01 2.819000E-03 
1.712000E-01 4.300000E-05 
6.913000E-02 7.800000E-05 
2 0 14 
6.826000E+04 -5.000000E-06 
1.023000E+04 -3.700000E-05 
2.328000E+03 -1.960000E-04 
6.604000E+02 -8.240000E-04 
2.162000E+02 -2.923000E-03 
7.860000E+01 -9.138000E-03 
3.098000E+01 -2.410500E-02 
1.296000E+01 -5.475500E-02 
5.659000E+00 -9.694300E-02 
2.556000E+00 -1.374850E-01 
1.175000E+00 -4.456500E-02 
4.249000E-01 3.243450E-01 
1.712000E-01 5.704140E-01 
6.913000E-02 2.434440E-01 
3 0 1 
1.175000E+00 1.000000E+00 
4 0 1 
4.249000E-01 1.000000E+00 
5 0 1 
1.712000E-01 1.000000E+00 
6 0 1 
6.913000E-02 1.000000E+00 
7 0 1 
0.0261000 1.0000000 
2 1 8 
6.644000E+01 8.380000E-04 
1.571000E+01 6.409000E-03 
4.936000E+00 2.808100E-02 
1.770000E+00 9.215200E-02 
7.008000E-01 2.241640E-01 
2.901000E-01 3.699150E-01 
1.211000E-01 3.744410E-01 
4.973000E-02 1.390860E-01 
3 1 1 
7.008000E-01 1.000000E+00 
4 1 1 
2.901000E-01 1.000000E+00 
5 1 1 
1.211000E-01 1.000000E+00 
6 1 1 
4.973000E-02 1.000000E+00 
7 1 1 
0.0157000 1.0000000 
3 2 1 
2.010000E+00 1.000000E+00 
4 2 1 
7.960000E-01 1.000000E+00 
5 2 1 
3.160000E-01 1.000000E+00 
6 2 1 
1.250000E-01 1.000000E+00 
7 2 1 
0.0431000 1.0000000 
4 3 1 
1.215000E+00 1.000000E+00 
5 3 1 
5.250000E-01 1.000000E+00 
6 3 1 
2.270000E-01 1.000000E+00 
7 3 1 
0.0843000 1.0000000 
5 4 1 
1.124000E+00 1.000000E+00 
6 4 1 
4.610000E-01 1.000000E+00 
7 4 1 
0.2020000 1.0000000 
6 5 1 
8.340000E-01 1.0000000 
7 5 1 
0.3840000 1.0000000 
