O-POSITRON E+ (BE-AUG-CC-PVTZ) BASIS TYPE:2 
# 
14 
1 0 9 
6863.00000000 0.00023600 
1030.00000000 0.00182600 
234.70000000 0.00945200 
66.56000000 0.03795700 
21.69000000 0.11996500 
7.73400000 0.28216200 
2.91600000 0.42740400 
1.13000000 0.26627800 
0.11010000 -0.00727500 
2 0 9 
6863.00000000 -0.00004300 
1030.00000000 -0.00033300 
234.70000000 -0.00173600 
66.56000000 -0.00701200 
21.69000000 -0.02312600 
7.73400000 -0.05813800 
2.91600000 -0.11455600 
1.13000000 -0.13590800 
0.11010000 0.57744100 
3 0 1 
0.25770000 1.00000000 
4 0 1 
0.04409000 1.00000000 
5 0 1 
0.01503000 1.00000000 
6 1 3 
7.43600000 0.01073600 
1.57700000 0.06285400 
0.43520000 0.24818000 
7 1 1 
0.14380000 1.00000000 
8 1 1 
0.04994000 1.00000000 
9 1 1 
0.00706000 1.00000000 
10 2 1 
0.34800000 1.00000000 
11 2 1 
0.18030000 1.00000000 
12 2 1 
0.06540000 1.00000000 
13 3 1 
0.32500000 1.00000000 
14 3 1 
0.15330000 1.00000000 
