O-POSITRON E+ (B-D-AUG-CC-PV5Z) BASIS TYPE:2 
# (34s,14p,6d,5f,4g,3h) -> [8s,7p,6d,5f,4g,3h] 
33 
1 0 14 
68260.0000000 0.0000240 
10230.0000000 0.0001850 
2328.0000000 0.0009700 
660.4000000 0.0040560 
216.2000000 0.0143990 
78.6000000 0.0439010 
30.9800000 0.1130570 
12.9600000 0.2338250 
5.6590000 0.3539600 
2.5560000 0.3015470 
1.1750000 0.0875210 
0.4249000 0.0028190 
0.1712000 0.0000430 
0.0691300 0.0000780 
2 0 14 
68260.0000000 -0.0000050 
10230.0000000 -0.0000370 
2328.0000000 -0.0001960 
660.4000000 -0.0008240 
216.2000000 -0.0029230 
78.6000000 -0.0091380 
30.9800000 -0.0241050 
12.9600000 -0.0547550 
5.6590000 -0.0969430 
2.5560000 -0.1374850 
1.1750000 -0.0445650 
0.4249000 0.3243450 
0.1712000 0.5704140 
0.0691300 0.2434440 
3 0 1 
1.1750000 1.0000000 
4 0 1 
0.4249000 1.0000000 
5 0 1 
0.1712000 1.0000000 
6 0 1 
0.0691300 1.0000000 
7 0 1 
0.0261000 1.0000000 
8 0 1 
0.00985 1.0000 
2 1 8 
66.4400000 0.0008380 
15.7100000 0.0064090 
4.9360000 0.0280810 
1.7700000 0.0921520 
0.7008000 0.2241640 
0.2901000 0.3699150 
0.1211000 0.3744410 
0.0497300 0.1390860 
3 1 1 
0.7008000 1.0000000 
4 1 1 
0.2901000 1.0000000 
5 1 1 
0.1211000 1.0000000 
6 1 1 
0.0497300 1.0000000 
7 1 1 
0.0157000 1.0000000 
8 1 1 
0.00496 1.0000 
3 2 1 
2.0100000 1.0000000 
4 2 1 
0.7960000 1.0000000 
5 2 1 
0.3160000 1.0000000 
6 2 1 
0.1250000 1.0000000 
7 2 1 
0.0431000 1.0000000 
8 2 1 
0.0149 1.0000 
4 3 1 
1.2150000 1.0000000 
5 3 1 
0.5250000 1.0000000 
6 3 1 
0.2270000 1.0000000 
7 3 1 
0.0843000 1.0000000 
8 3 1 
0.0313 1.0000 
5 4 1 
1.1240000 1.0000000 
6 4 1 
0.4610000 1.0000000 
7 4 1 
0.2020000 1.0000000 
8 4 1 
0.0885 1.0000 
6 5 1 
0.8340000 1.0000000 
7 5 1 
0.3840000 1.0000000 
8 5 1 
0.1770 1.0000 
