O-POSITRON E+ (B-D-AUG-CC-PVQZ) BASIS TYPE:2 
# 
25 
1 0 9 
23870.00000000 0.00008800 
3575.00000000 0.00068700 
812.80000000 0.00360000 
229.70000000 0.01494900 
74.69000000 0.05143500 
26.81000000 0.14330200 
10.32000000 0.30093500 
4.17800000 0.40352600 
1.72700000 0.22534000 
2 0 9 
23870.00000000 -0.00001800 
3575.00000000 -0.00013900 
812.80000000 -0.00072500 
229.70000000 -0.00306300 
74.69000000 -0.01058100 
26.81000000 -0.03136500 
10.32000000 -0.07101200 
4.17800000 -0.13210300 
1.72700000 -0.12307200 
3 0 1 
0.47040000 1.00000000 
4 0 1 
0.18960000 1.00000000 
5 0 1 
0.07394000 1.00000000 
6 0 1 
0.02721000 1.00000000 
7 0 1 
0.01000000 1.00000000 
8 1 3 
22.26000000 0.00509500 
5.05800000 0.03320600 
1.48700000 0.13231400 
9 1 1 
0.50710000 1.00000000 
10 1 1 
0.18120000 1.00000000 
11 1 1 
0.06463000 1.00000000 
12 1 1 
0.01878000 1.00000000 
13 1 1 
0.00546000 1.00000000 
14 2 1 
1.11000000 1.00000000 
15 2 1 
0.40200000 1.00000000 
16 2 1 
0.14500000 1.00000000 
17 2 1 
0.04660000 1.00000000 
18 2 1 
0.01500000 1.00000000 
19 3 1 
0.88200000 1.00000000 
20 3 1 
0.31100000 1.00000000 
21 3 1 
0.11300000 1.00000000 
22 3 1 
0.04110000 1.00000000 
23 4 1 
0.67300000 1.00000000 
24 4 1 
0.27300000 1.00000000 
25 4 1 
0.11100000 1.00000000 
