O-POSITRON E+ (BR-AUG-CC-PV5Z) BASIS TYPE:2 
# (109s,56p,17d,4f,3g,2h) -> [9s,8p,6d,4f,3g,2h] 
32 
1 0 26 
1.657352E+08 1.900000E-07 
2.477438E+07 1.490000E-06 
5.628202E+06 7.880000E-06 
1.591900E+06 3.339000E-05 
5.182638E+05 1.223100E-04 
1.864909E+05 4.032100E-04 
7.233249E+04 1.225640E-03 
2.976113E+04 3.482350E-03 
1.285171E+04 9.308560E-03 
5.780943E+03 2.338830E-02 
2.695010E+03 5.455300E-02 
1.297660E+03 1.149479E-01 
6.436349E+02 2.079225E-01 
3.279519E+02 2.951596E-01 
1.709226E+02 2.798766E-01 
9.025014E+01 1.369752E-01 
4.629247E+01 2.121540E-02 
2.484866E+01 -2.540000E-05 
1.334714E+01 4.570000E-04 
6.948258E+00 -2.348000E-04 
3.625075E+00 6.858000E-05 
1.882153E+00 -6.116000E-05 
9.108220E-01 2.905000E-05 
4.639570E-01 -1.366000E-05 
2.169330E-01 5.730000E-06 
9.840600E-02 -1.200000E-06 
2 0 26 
1.657352E+08 -6.000000E-08 
2.477438E+07 -4.700000E-07 
5.628202E+06 -2.470000E-06 
1.591900E+06 -1.048000E-05 
5.182638E+05 -3.840000E-05 
1.864909E+05 -1.266000E-04 
7.233249E+04 -3.854500E-04 
2.976113E+04 -1.097610E-03 
1.285171E+04 -2.953790E-03 
5.780943E+03 -7.514600E-03 
2.695010E+03 -1.802300E-02 
1.297660E+03 -4.002550E-02 
6.436349E+02 -8.029190E-02 
3.279519E+02 -1.372166E-01 
1.709226E+02 -1.769439E-01 
9.025014E+01 -9.770330E-02 
4.629247E+01 2.067633E-01 
2.484866E+01 5.148419E-01 
1.334714E+01 3.799206E-01 
6.948258E+00 8.301280E-02 
3.625075E+00 3.215700E-03 
1.882153E+00 1.712900E-03 
9.108220E-01 -3.897000E-04 
4.639570E-01 1.553000E-04 
2.169330E-01 -8.575000E-05 
9.840600E-02 1.312000E-05 
3 0 26 
1.657352E+08 2.000000E-08 
2.477438E+07 1.900000E-07 
5.628202E+06 9.800000E-07 
1.591900E+06 4.160000E-06 
5.182638E+05 1.526000E-05 
1.864909E+05 5.031000E-05 
7.233249E+04 1.532500E-04 
2.976113E+04 4.363700E-04 
1.285171E+04 1.175800E-03 
5.780943E+03 2.994600E-03 
2.695010E+03 7.211900E-03 
1.297660E+03 1.611510E-02 
6.436349E+02 3.279430E-02 
3.279519E+02 5.743090E-02 
1.709226E+02 7.761870E-02 
9.025014E+01 4.564640E-02 
4.629247E+01 -1.131171E-01 
2.484866E+01 -3.795596E-01 
1.334714E+01 -3.851494E-01 
6.948258E+00 1.236851E-01 
3.625075E+00 6.406138E-01 
1.882153E+00 4.707436E-01 
9.108220E-01 6.907320E-02 
4.639570E-01 -1.306000E-03 
2.169330E-01 1.414800E-03 
9.840600E-02 -5.245000E-05 
4 0 26 
1.657352E+08 -7.000000E-09 
2.477438E+07 -5.700000E-08 
5.628202E+06 -3.010000E-07 
1.591900E+06 -1.276000E-06 
5.182638E+05 -4.678000E-06 
1.864909E+05 -1.541600E-05 
7.233249E+04 -4.697500E-05 
2.976113E+04 -1.337210E-04 
1.285171E+04 -3.604850E-04 
5.780943E+03 -9.179760E-04 
2.695010E+03 -2.212900E-03 
1.297660E+03 -4.947300E-03 
6.436349E+02 -1.009510E-02 
3.279519E+02 -1.773240E-02 
1.709226E+02 -2.416530E-02 
9.025014E+01 -1.431800E-02 
4.629247E+01 3.628120E-02 
2.484866E+01 1.286552E-01 
1.334714E+01 1.356888E-01 
6.948258E+00 -5.167640E-02 
3.625075E+00 -3.030724E-01 
1.882153E+00 -4.073838E-01 
9.108220E-01 -9.039300E-03 
4.639570E-01 5.455249E-01 
2.169330E-01 5.582650E-01 
9.840600E-02 1.378901E-01 
5 0 1 
9.108220E-01 1.000000E+00 
6 0 1 
4.639570E-01 1.000000E+00 
7 0 1 
2.169330E-01 1.000000E+00 
8 0 1 
9.840600E-02 1.000000E+00 
9 0 1 
0.0391060 1.0000000 
2 1 17 
3.939153E+04 3.120000E-05 
9.325222E+03 2.780000E-04 
3.028994E+03 1.613800E-03 
1.159514E+03 7.204900E-03 
4.926813E+02 2.608730E-02 
2.251745E+02 7.729710E-02 
1.085933E+02 1.804775E-01 
5.433608E+01 3.106126E-01 
2.793665E+01 3.454297E-01 
1.453963E+01 1.948515E-01 
7.421307E+00 4.038600E-02 
3.730389E+00 2.309100E-03 
1.854127E+00 6.715000E-04 
8.453370E-01 -7.170000E-05 
3.921520E-01 3.590000E-05 
1.727670E-01 -2.790000E-05 
7.290800E-02 3.100000E-06 
3 1 17 
3.939153E+04 -1.250000E-05 
9.325222E+03 -1.116000E-04 
3.028994E+03 -6.499000E-04 
1.159514E+03 -2.915900E-03 
4.926813E+02 -1.070090E-02 
2.251745E+02 -3.249510E-02 
1.085933E+02 -7.911230E-02 
5.433608E+01 -1.435252E-01 
2.793665E+01 -1.658248E-01 
1.453963E+01 -1.065910E-02 
7.421307E+00 3.050662E-01 
3.730389E+00 4.813563E-01 
1.854127E+00 2.942769E-01 
8.453370E-01 4.670190E-02 
3.921520E-01 -2.585000E-04 
1.727670E-01 1.477900E-03 
7.290800E-02 -5.130000E-05 
4 1 17 
3.939153E+04 3.200000E-06 
9.325222E+03 2.880000E-05 
3.028994E+03 1.684000E-04 
1.159514E+03 7.543000E-04 
4.926813E+02 2.780100E-03 
2.251745E+02 8.446200E-03 
1.085933E+02 2.073760E-02 
5.433608E+01 3.775420E-02 
2.793665E+01 4.420620E-02 
1.453963E+01 -2.177500E-03 
7.421307E+00 -9.795300E-02 
3.730389E+00 -1.692656E-01 
1.854127E+00 -1.117490E-01 
8.453370E-01 1.784422E-01 
3.921520E-01 4.499658E-01 
1.727670E-01 4.215597E-01 
7.290800E-02 1.350380E-01 
5 1 1 
8.453370E-01 1.000000E+00 
6 1 1 
3.921520E-01 1.000000E+00 
7 1 1 
1.727670E-01 1.000000E+00 
8 1 1 
7.290800E-02 1.000000E+00 
9 1 1 
0.0290520 1.0000000 
3 2 12 
1.850635E+03 5.380000E-05 
5.570712E+02 5.402000E-04 
2.164869E+02 3.301200E-03 
9.613885E+01 1.435510E-02 
4.612638E+01 4.611680E-02 
2.320116E+01 1.147873E-01 
1.205593E+01 2.145369E-01 
6.325545E+00 2.953131E-01 
3.304922E+00 3.040938E-01 
1.704253E+00 2.121315E-01 
8.399400E-01 7.978040E-02 
3.569530E-01 1.007360E-02 
4 2 1 
1.704253E+00 1.000000E+00 
5 2 1 
8.399400E-01 1.000000E+00 
6 2 1 
3.569530E-01 1.000000E+00 
7 2 1 
1.520000E-01 1.000000E+00 
8 2 1 
0.0781000 1.0000000 
4 3 1 
9.627000E-01 1.000000E+00 
5 3 1 
4.955000E-01 1.000000E+00 
6 3 1 
2.550000E-01 1.000000E+00 
7 3 1 
0.1388000 1.0000000 
5 4 1 
9.768000E-01 1.000000E+00 
6 4 1 
4.390000E-01 1.000000E+00 
7 4 1 
0.2190000 1.0000000 
6 5 1 
8.193000E-01 1.0000000 
7 5 1 
0.4910000 1.0000000 
