O-POSITRON E+ (BE-S-DEF2-TZVPPD-AUX-DIF) BASIS TYPE:2 
# 
8 
1 0 6 
4700.23656260 0.00023584 
704.82845622 0.00182438 
160.43110478 0.00939661 
45.42534734 0.03690892 
14.79833413 0.10897561 
5.35124525 0.21694285 
2 0 2 
2.15420448 0.44695409 
0.93363744 0.20866986 
3 0 1 
0.18791433 1.00000000 
4 0 1 
0.07464827 1.00000000 
5 0 1 
0.03265048 1.00000000 
1 0 1 
0.010324990 1.0 
2 0 1 
0.003265048 1.0 
3 0 1 
0.001032499 1.0 
4 0 1 
0.0003265048 1.0 
5 0 1 
0.0001032499 1.0 
6 0 1 
0.00003265048 1.0 
