O-POSITRON E+ (BR-AUG-CC-PVDZ) BASIS TYPE:2 
# 
14 
1 0 13 
640100.00000000 0.00019840 
95938.00000000 0.00154000 
21833.00000000 0.00800960 
6181.90000000 0.03273410 
2015.70000000 0.10744800 
727.10000000 0.26889460 
283.28000000 0.42044110 
115.91000000 0.28380410 
36.12400000 0.03154550 
15.53200000 -0.00742680 
4.78570000 0.00277280 
2.08170000 -0.00136350 
0.42028000 0.00038120 
2 0 13 
640100.00000000 -0.00006250 
95938.00000000 -0.00048160 
21833.00000000 -0.00254660 
6181.90000000 -0.01041120 
2015.70000000 -0.03651790 
727.10000000 -0.09962950 
283.28000000 -0.21413100 
115.91000000 -0.18609110 
36.12400000 0.46282610 
15.53200000 0.64411410 
4.78570000 0.08255020 
2.08170000 -0.01496940 
0.42028000 0.00352880 
3 0 13 
640100.00000000 0.00002480 
95938.00000000 0.00019190 
21833.00000000 0.00101000 
6181.90000000 0.00416590 
2015.70000000 0.01456830 
727.10000000 0.04083450 
283.28000000 0.08948590 
115.91000000 0.08727860 
36.12400000 -0.29336440 
15.53200000 -0.56671090 
4.78570000 0.51056580 
2.08170000 0.74772140 
0.42028000 0.04215120 
4 0 13 
640100.00000000 -0.00000760 
95938.00000000 -0.00005880 
21833.00000000 -0.00030920 
6181.90000000 -0.00127660 
2015.70000000 -0.00446340 
727.10000000 -0.01255750 
283.28000000 -0.02761450 
115.91000000 -0.02739450 
36.12400000 0.09640940 
15.53200000 0.19768710 
4.78570000 -0.22666930 
2.08170000 -0.52411650 
0.42028000 0.68898650 
5 0 1 
0.16069000 1.00000000 
6 0 1 
0.05694600 1.00000000 
7 1 10 
4340.80000000 0.00144480 
1028.90000000 0.01212880 
332.02000000 0.06080770 
125.16000000 0.20093580 
51.51100000 0.40474190 
22.28100000 0.39571510 
9.34170000 0.11022130 
4.01320000 -0.00090900 
1.70020000 0.00248320 
0.47194000 -0.00057440 
8 1 10 
4340.80000000 -0.00058190 
1028.90000000 -0.00490650 
332.02000000 -0.02525140 
125.16000000 -0.08694450 
51.51100000 -0.18934220 
22.28100000 -0.17108820 
9.34170000 0.23687550 
4.01320000 0.58984000 
1.70020000 0.31719440 
0.47194000 0.01798330 
9 1 10 
4340.80000000 0.00015180 
1028.90000000 0.00125630 
332.02000000 0.00662240 
125.16000000 0.02238160 
51.51100000 0.05097170 
22.28100000 0.04140090 
9.34170000 -0.07039700 
4.01320000 -0.22325400 
1.70020000 -0.05641790 
0.47194000 0.58080790 
10 1 1 
0.14421000 1.00000000 
11 1 1 
0.04104900 1.00000000 
12 2 5 
104.83000000 0.02265830 
30.27200000 0.13458950 
10.64900000 0.36471810 
3.86960000 0.49041960 
1.32390000 0.27138850 
13 2 1 
0.40980000 1.00000000 
14 2 1 
0.17190000 1.00000000 
