O-POSITRON E+ (BE-AUG-CC-PVDZ) BASIS TYPE:2 
# 
9 
1 0 8 
2940.00000000 0.00068000 
441.20000000 0.00523600 
100.50000000 0.02660600 
28.43000000 0.09999300 
9.16900000 0.26970200 
3.19600000 0.45146900 
1.15900000 0.29507400 
0.18110000 0.01258700 
2 0 8 
2940.00000000 -0.00012300 
441.20000000 -0.00096600 
100.50000000 -0.00483100 
28.43000000 -0.01931400 
9.16900000 -0.05328000 
3.19600000 -0.12072300 
1.15900000 -0.13343500 
0.18110000 0.53076700 
3 0 1 
0.05890000 1.00000000 
4 0 1 
0.01877000 1.00000000 
5 1 3 
3.61900000 0.02911100 
0.71100000 0.16936500 
0.19510000 0.51345800 
6 1 1 
0.06018000 1.00000000 
7 1 1 
0.00850000 1.00000000 
8 2 1 
0.23800000 1.00000000 
9 2 1 
0.07400000 1.00000000 
