O-POSITRON E+ (BR-DEF2-TZVPPD-AUX-DIF) BASIS TYPE:2 
# 
25 
1 0 8 
565073.25256000 0.00023660 
84701.72317900 0.00183483 
19276.27190000 0.00954658 
5456.42845760 0.03887714 
1776.95035000 0.12718314 
639.19398276 0.30437662 
248.78823961 0.44490940 
98.67830549 0.24381643 
2 0 4 
606.07824568 -0.02652716 
188.45598484 -0.12484585 
31.49714451 0.56468684 
13.73600832 0.55555269 
3 0 2 
21.20321277 -0.24940920 
3.76164202 0.71213120 
4 0 1 
1.77359340 1.00000000 
5 0 1 
0.45197414 1.00000000 
6 0 1 
0.16613377 1.00000000 
7 0 1 
0.05276958 1.00000000 
8 1 6 
3019.69557230 0.00249710 
715.35481126 0.02041927 
229.98328751 0.09689715 
86.16784462 0.28053901 
34.66787080 0.44606390 
14.11387031 0.24410074 
9 1 4 
57.08565308 -0.02185595 
8.81938458 0.32707075 
3.93403029 0.57855230 
1.79988304 0.33570988 
10 1 1 
0.66899411 1.00000000 
11 1 1 
0.27136238 1.00000000 
12 1 1 
0.10083790 1.00000000 
13 1 1 
0.02900522 1.00000000 
14 2 5 
168.85370257 0.00896640 
49.97794992 0.06206206 
18.27491334 0.21474732 
7.24556946 0.40335337 
2.85623150 0.42208813 
15 2 1 
1.04596211 1.00000000 
16 2 1 
0.56865655 1.00000000 
17 2 1 
0.22031490 1.00000000 
18 2 1 
0.07586557 1.00000000 
19 3 1 
0.57083312 1.00000000 
1 0 1 
0.016687206 1.0 
2 0 1 
0.005276958 1.0 
3 0 1 
0.001668721 1.0 
5 1 1 
0.009172257 1.0 
6 1 1 
0.002900522 1.0 
7 1 1 
0.000917226 1.0 
