O-POSITRON E+ (BR-AUG-CC-PVQZ) BASIS TYPE:2 
# (88s,52p,15d,3f,2g) -> [8s,7p,5d,3f,2g]
    25
    1    0    21
      1.647500E+07           3.400000E-06
      2.466600E+06           2.670000E-05
      5.613100E+05           1.404000E-04
      1.589900E+05           5.927000E-04
      5.186900E+04           2.156100E-03
      1.872600E+04           6.995900E-03
      7.303600E+03           2.056450E-02
      3.029100E+03           5.458930E-02
      1.320800E+03           1.275226E-01
      6.000300E+02           2.459780E-01
      2.819000E+02           3.436508E-01
      1.355400E+02           2.702530E-01
      6.487000E+01           7.447950E-02
      3.212900E+01           8.787000E-04
      1.603700E+01           1.575500E-03
      7.784900E+00          -7.602000E-04
      3.724700E+00           3.211000E-04
      1.758300E+00          -1.586000E-04
      5.833100E-01           6.590000E-05
      2.785600E-01          -3.740000E-05
      1.182900E-01           1.000000E-05
    2    0    21
      1.647500E+07          -1.100000E-06
      2.466600E+06          -8.400000E-06
      5.613100E+05          -4.410000E-05
      1.589900E+05          -1.862000E-04
      5.186900E+04          -6.783000E-04
      1.872600E+04          -2.212200E-03
      7.303600E+03          -6.575200E-03
      3.029100E+03          -1.793280E-02
      1.320800E+03          -4.433210E-02
      6.000300E+02          -9.634780E-02
      2.819000E+02          -1.696814E-01
      1.355400E+02          -1.920769E-01
      6.487000E+01           2.087310E-02
      3.212900E+01           4.744996E-01
      1.603700E+01           5.214907E-01
      7.784900E+00           1.348001E-01
      3.724700E+00           3.661400E-03
      1.758300E+00           1.884000E-03
      5.833100E-01          -4.582000E-04
      2.785600E-01           2.165000E-04
      1.182900E-01          -6.780000E-05
    3    0    21
      1.647500E+07           4.000000E-07
      2.466600E+06           3.300000E-06
      5.613100E+05           1.750000E-05
      1.589900E+05           7.400000E-05
      5.186900E+04           2.697000E-04
      1.872600E+04           8.799000E-04
      7.303600E+03           2.619800E-03
      3.029100E+03           7.167100E-03
      1.320800E+03           1.785610E-02
      6.000300E+02           3.939600E-02
      2.819000E+02           7.171020E-02
      1.355400E+02           8.588770E-02
      6.487000E+01          -1.038610E-02
      3.212900E+01          -3.040135E-01
      1.603700E+01          -4.933178E-01
      7.784900E+00           1.608900E-02
      3.724700E+00           7.146686E-01
      1.758300E+00           4.904795E-01
      5.833100E-01           3.375730E-02
      2.785600E-01          -6.792500E-03
      1.182900E-01           1.691600E-03
    4    0    1
      5.833100E-01           1.000000E+00
    5    0    1
      2.785600E-01           1.000000E+00
    6    0    21
      1.647500E+07          -1.000000E-07
      2.466600E+06          -1.000000E-06
      5.613100E+05          -5.400000E-06
      1.589900E+05          -2.270000E-05
      5.186900E+04          -8.270000E-05
      1.872600E+04          -2.694000E-04
      7.303600E+03          -8.042000E-04
      3.029100E+03          -2.194900E-03
      1.320800E+03          -5.493900E-03
      6.000300E+02          -1.209600E-02
      2.819000E+02          -2.226230E-02
      1.355400E+02          -2.660630E-02
      6.487000E+01           2.758000E-03
      3.212900E+01           1.016803E-01
      1.603700E+01           1.704132E-01
      7.784900E+00          -6.222000E-03
      3.724700E+00          -3.452570E-01
      1.758300E+00          -4.234840E-01
      5.833100E-01           3.354720E-01
      2.785600E-01           6.779724E-01
      1.182900E-01           2.523080E-01
    7    0    1
      1.182900E-01           1.000000E+00
    8    0    1
      0.0442700              1.0000000
    2    1    16
      2.660700E+04           6.190000E-05
      6.298200E+03           5.499000E-04
      2.045200E+03           3.162000E-03
      7.821600E+02           1.379790E-02
      3.316300E+02           4.798120E-02
      1.511100E+02           1.315710E-01
      7.239200E+01           2.685861E-01
      3.586200E+01           3.683473E-01
      1.813400E+01           2.711363E-01
      9.043000E+00           7.622220E-02
      4.450000E+00           4.674900E-03
      2.166100E+00           1.256500E-03
      9.962800E-01          -2.357000E-04
      4.544300E-01           1.332000E-04
      1.940400E-01          -6.890000E-05
      7.899700E-02           1.380000E-05
    3    1    16
      2.660700E+04          -2.480000E-05
      6.298200E+03          -2.212000E-04
      2.045200E+03          -1.273600E-03
      7.821600E+02          -5.617900E-03
      3.316300E+02          -1.986000E-02
      1.511100E+02          -5.655310E-02
      7.239200E+01          -1.209479E-01
      3.586200E+01          -1.773098E-01
      1.813400E+01          -9.214720E-02
      9.043000E+00           2.187683E-01
      4.450000E+00           4.854670E-01
      2.166100E+00           3.721970E-01
      9.962800E-01           7.769070E-02
      4.544300E-01           6.541000E-04
      1.940400E-01           1.799800E-03
      7.899700E-02          -6.550000E-05
    4    1    1
      4.544300E-01           1.000000E+00
    5    1    16
      2.660700E+04           6.400000E-06
      6.298200E+03           5.720000E-05
      2.045200E+03           3.297000E-04
      7.821600E+02           1.456200E-03
      3.316300E+02           5.159100E-03
      1.511100E+02           1.476170E-02
      7.239200E+01           3.176940E-02
      3.586200E+01           4.706800E-02
      1.813400E+01           2.238710E-02
      9.043000E+00          -7.202540E-02
      4.450000E+00          -1.626429E-01
      2.166100E+00          -1.496503E-01
      9.962800E-01           1.064517E-01
      4.544300E-01           4.360266E-01
      1.940400E-01           4.680523E-01
      7.899700E-02           1.691513E-01
    6    1    1
      1.940400E-01           1.000000E+00
    7    1    1
      7.899700E-02           1.000000E+00
    8    1    1
      0.0305130              1.0000000
    3    2    11
      1.289600E+03           1.190000E-04
      3.897500E+02           1.155100E-03
      1.517600E+02           6.764800E-03
      6.722300E+01           2.730170E-02
      3.191300E+01           8.092980E-02
      1.585700E+01           1.794011E-01
      8.054500E+00           2.840086E-01
      4.088700E+00           3.266797E-01
      2.055600E+00           2.584900E-01
      9.950900E-01           1.128946E-01
      4.231300E-01           1.726050E-02
    4    2    1
      9.950900E-01           1.000000E+00
    5    2    1
      4.231300E-01           1.000000E+00
    6    2    1
      1.779000E-01           1.000000E+00
    7    2    1
      0.0829000              1.0000000
    4    3    1
      8.257000E-01           1.000000E+00
    5    3    1
      3.407000E-01           1.000000E+00
    6    3    1
      0.1748000              1.0000000
    5    4    1
      6.491000E-01           1.0000000
    6    4    1
      0.3110000              1.0000000

