O-POSITRON E+ (CR-AUG-CC-PVTZ) BASIS TYPE:2 
# 
25 
1 0 19 
6177194.00000000 0.00000413 
924929.50000000 0.00003211 
210486.50000000 0.00016884 
59620.05000000 0.00071285 
19450.76000000 0.00258932 
7022.05600000 0.00837735 
2738.76300000 0.02441725 
1135.81400000 0.06365135 
495.09230000 0.14276180 
224.74870000 0.25412750 
105.38360000 0.30095120 
50.19359000 0.17665130 
22.24957000 0.06936709 
10.98265000 0.11795790 
5.38366500 0.08916187 
2.34368500 0.01103630 
1.10520200 -0.00035460 
0.48784800 0.00010573 
0.08959900 0.00001115 
2 0 19 
6177194.00000000 -0.00000230 
924929.50000000 -0.00001790 
210486.50000000 -0.00009416 
59620.05000000 -0.00039751 
19450.76000000 -0.00144703 
7022.05600000 -0.00469462 
2738.76300000 -0.01382387 
1135.81400000 -0.03674643 
495.09230000 -0.08647185 
224.74870000 -0.16967350 
105.38360000 -0.25070890 
50.19359000 -0.19611560 
22.24957000 0.14572440 
10.98265000 0.54667060 
5.38366500 0.39794340 
2.34368500 0.05277007 
1.10520200 -0.00437454 
0.48784800 0.00032040 
0.08959900 -0.00005142 
3 0 19 
6177194.00000000 0.00000049 
924929.50000000 0.00000378 
210486.50000000 0.00001991 
59620.05000000 0.00008389 
19450.76000000 0.00030657 
7022.05600000 0.00099441 
2738.76300000 0.00296196 
1135.81400000 0.00796947 
495.09230000 0.01955017 
224.74870000 0.04085035 
105.38360000 0.06929003 
50.19359000 0.06146984 
22.24957000 -0.06981302 
10.98265000 -0.35175970 
5.38366500 -0.38286290 
2.34368500 0.26764010 
1.10520200 0.71759500 
0.48784800 0.30208140 
0.08959900 0.00774951 
4 0 19 
6177194.00000000 -0.00000011 
924929.50000000 -0.00000085 
210486.50000000 -0.00000452 
59620.05000000 -0.00001892 
19450.76000000 -0.00006974 
7022.05600000 -0.00022379 
2738.76300000 -0.00067545 
1135.81400000 -0.00178935 
495.09230000 -0.00447786 
224.74870000 -0.00914014 
105.38360000 -0.01610562 
50.19359000 -0.01334870 
22.24957000 0.01426027 
10.98265000 0.08931690 
5.38366500 0.08885279 
2.34368500 -0.06368776 
1.10520200 -0.27832620 
0.48784800 -0.18300710 
0.08959900 0.67909370 
5 0 19 
6177194.00000000 0.00000022 
924929.50000000 0.00000161 
210486.50000000 0.00000911 
59620.05000000 0.00003501 
19450.76000000 0.00014353 
7022.05600000 0.00040359 
2738.76300000 0.00142518 
1135.81400000 0.00311401 
495.09230000 0.00981445 
224.74870000 0.01474698 
105.38360000 0.03911512 
50.19359000 0.00917089 
22.24957000 0.01559878 
10.98265000 -0.28168440 
5.38366500 -0.00689526 
2.34368500 -0.17697810 
1.10520200 1.44306100 
0.48784800 -1.02931800 
0.08959900 -1.30766700 
6 0 19 
6177194.00000000 -0.00000037 
924929.50000000 -0.00000277 
210486.50000000 -0.00001521 
59620.05000000 -0.00006066 
19450.76000000 -0.00023750 
7022.05600000 -0.00070771 
2738.76300000 -0.00233439 
1135.81400000 -0.00555506 
495.09230000 -0.01585142 
224.74870000 -0.02737888 
105.38360000 -0.06106975 
50.19359000 -0.02887227 
22.24957000 0.00681371 
10.98265000 0.43276700 
5.38366500 0.19684100 
2.34368500 -0.37646570 
1.10520200 -2.05247300 
0.48784800 2.97574100 
0.08959900 -2.21170500 
7 0 1 
0.03342300 1.00000000 
8 0 1 
0.01247000 1.00000000 
9 1 15 
14454.20000000 0.00004400 
3421.67600000 0.00038900 
1111.38700000 0.00224100 
425.19180000 0.00982100 
180.26230000 0.03447100 
82.06117000 0.09746000 
39.29726000 0.21198500 
19.41959000 0.33399000 
9.82889900 0.33013700 
5.01681000 0.15222700 
2.48709100 0.02042500 
1.19878000 -0.00136000 
0.55869500 -0.00119500 
0.20892400 -0.00019700 
0.08460800 0.00002300 
10 1 15 
14454.20000000 -0.00001500 
3421.67600000 -0.00013500 
1111.38700000 -0.00077700 
425.19180000 -0.00342700 
180.26230000 -0.01218900 
82.06117000 -0.03538800 
39.29726000 -0.07991500 
19.41959000 -0.13233500 
9.82889900 -0.13540100 
5.01681000 0.03200800 
2.48709100 0.33384900 
1.19878000 0.46177300 
0.55869500 0.28129000 
0.20892400 0.04184300 
0.08460800 -0.00400200 
11 1 15 
14454.20000000 0.00000400 
3421.67600000 0.00003200 
1111.38700000 0.00018500 
425.19180000 0.00081000 
180.26230000 0.00290600 
82.06117000 0.00839100 
39.29726000 0.01919300 
19.41959000 0.03156400 
9.82889900 0.03341700 
5.01681000 -0.01290700 
2.48709100 -0.09365900 
1.19878000 -0.14997700 
0.55869500 -0.06723400 
0.20892400 0.27075900 
0.08460800 0.57580700 
12 1 15 
14454.20000000 0.00000400 
3421.67600000 0.00004000 
1111.38700000 0.00022900 
425.19180000 0.00101900 
180.26230000 0.00360200 
82.06117000 0.01055000 
39.29726000 0.02370200 
19.41959000 0.03998800 
9.82889900 0.04043700 
5.01681000 -0.01207400 
2.48709100 -0.11893900 
1.19878000 -0.17810000 
0.55869500 -0.12386500 
0.20892400 0.42972200 
0.08460800 0.65078600 
13 1 15 
14454.20000000 0.00001000 
3421.67600000 0.00007900 
1111.38700000 0.00051200 
425.19180000 0.00202300 
180.26230000 0.00805500 
82.06117000 0.02077200 
39.29726000 0.05422400 
19.41959000 0.07468500 
9.82889900 0.11598900 
5.01681000 -0.07658400 
2.48709100 -0.24393100 
1.19878000 -0.68018100 
0.55869500 0.73366400 
0.20892400 0.99912000 
0.08460800 -1.01708100 
14 1 1 
0.03325800 1.00000000 
15 1 1 
0.01307000 1.00000000 
16 2 7 
88.57680000 0.00362100 
26.20450000 0.02576600 
9.51747000 0.09755600 
3.82248000 0.23631200 
1.57512000 0.35828600 
0.62892800 0.36854300 
0.23442400 0.23549400 
17 2 7 
88.57680000 -0.00412200 
26.20450000 -0.02930700 
9.51747000 -0.11506200 
3.82248000 -0.27306800 
1.57512000 -0.31442300 
0.62892800 0.04209700 
0.23442400 0.59140300 
18 2 7 
88.57680000 0.00595400 
26.20450000 0.04253200 
9.51747000 0.17451100 
3.82248000 0.39390000 
1.57512000 0.14927900 
0.62892800 -0.81024500 
0.23442400 0.01091100 
19 2 1 
0.07681500 1.00000000 
20 2 1 
0.02517000 1.00000000 
21 3 1 
2.25100000 1.00000000 
22 3 1 
0.53150000 1.00000000 
23 3 1 
0.17636000 1.00000000 
24 4 1 
1.44590000 1.00000000 
25 4 1 
0.51329000 1.00000000 
