O-POSITRON E+ (CU-AUG-CC-PV5Z) BASIS TYPE:2 
# (226s,140p,62d,5f,4g,3h,2i) -> [10s,9p,7d,5f,4g,3h,2i] 
40 
1 0 28 
1.931880E+08 8.189248E-08 
3.394520E+07 5.579701E-07 
7.510460E+06 3.254124E-06 
2.001990E+06 1.494164E-05 
6.193780E+05 5.787620E-05 
2.156060E+05 1.959305E-04 
8.232710E+04 5.988528E-04 
3.378840E+04 1.691000E-03 
1.467000E+04 4.482558E-03 
6.657440E+03 1.124215E-02 
3.130260E+03 2.664563E-02 
1.515610E+03 5.887107E-02 
7.525880E+02 1.175196E-01 
3.822490E+02 1.999504E-01 
1.982370E+02 2.605024E-01 
1.048100E+02 2.154194E-01 
5.638850E+01 9.248247E-02 
3.078300E+01 5.710446E-02 
1.697700E+01 1.024003E-01 
9.397250E+00 8.323474E-02 
5.172380E+00 2.348642E-02 
2.795350E+00 1.775061E-03 
1.458900E+00 -4.661882E-05 
7.287110E-01 -8.666474E-05 
2.376420E-01 -1.068949E-06 
1.278210E-01 1.298399E-07 
6.181500E-02 -5.102737E-07 
2.930300E-02 -1.469974E-07 
2 0 28 
1.931880E+08 -4.611013E-08 
3.394520E+07 -3.141616E-07 
7.510460E+06 -1.832284E-06 
2.001990E+06 -8.412987E-06 
6.193780E+05 -3.259135E-05 
2.156060E+05 -1.103469E-04 
8.232710E+04 -3.374510E-04 
3.378840E+04 -9.538171E-04 
1.467000E+04 -2.534704E-03 
6.657440E+03 -6.388537E-03 
3.130260E+03 -1.530315E-02 
1.515610E+03 -3.452258E-02 
7.525880E+02 -7.182859E-02 
3.822490E+02 -1.324045E-01 
1.982370E+02 -2.017660E-01 
1.048100E+02 -2.178903E-01 
5.638850E+01 -9.441542E-02 
3.078300E+01 1.874571E-01 
1.697700E+01 4.663918E-01 
9.397250E+00 3.836915E-01 
5.172380E+00 1.079329E-01 
2.795350E+00 7.742901E-03 
1.458900E+00 -1.244704E-03 
7.287110E-01 -7.418943E-04 
2.376420E-01 -4.731810E-05 
1.278210E-01 2.312508E-05 
6.181500E-02 -1.379905E-05 
2.930300E-02 1.206703E-06 
3 0 28 
1.931880E+08 1.018420E-08 
3.394520E+07 6.939965E-08 
7.510460E+06 4.046744E-07 
2.001990E+06 1.858592E-06 
6.193780E+05 7.198169E-06 
2.156060E+05 2.438470E-05 
8.232710E+04 7.456294E-05 
3.378840E+04 2.110638E-04 
1.467000E+04 5.615915E-04 
6.657440E+03 1.422427E-03 
3.130260E+03 3.432886E-03 
1.515610E+03 7.881403E-03 
7.525880E+02 1.689595E-02 
3.822490E+02 3.299686E-02 
1.982370E+02 5.521770E-02 
1.048100E+02 6.840131E-02 
5.638850E+01 3.122147E-02 
3.078300E+01 -9.635215E-02 
1.697700E+01 -3.138457E-01 
9.397250E+00 -3.649343E-01 
5.172380E+00 -8.879992E-03 
2.795350E+00 4.608336E-01 
1.458900E+00 5.618870E-01 
7.287110E-01 2.229206E-01 
2.376420E-01 1.340137E-02 
1.278210E-01 -3.370102E-03 
6.181500E-02 3.065080E-03 
2.930300E-02 9.197157E-05 
4 0 28 
1.931880E+08 -2.054681E-09 
3.394520E+07 -1.400309E-08 
7.510460E+06 -8.164118E-08 
2.001990E+06 -3.750280E-07 
6.193780E+05 -1.452141E-06 
2.156060E+05 -4.920629E-06 
8.232710E+04 -1.504137E-05 
3.378840E+04 -4.259474E-05 
1.467000E+04 -1.132857E-04 
6.657440E+03 -2.871116E-04 
3.130260E+03 -6.925917E-04 
1.515610E+03 -1.591691E-03 
7.525880E+02 -3.411485E-03 
3.822490E+02 -6.677064E-03 
1.982370E+02 -1.118545E-02 
1.048100E+02 -1.394792E-02 
5.638850E+01 -6.364561E-03 
3.078300E+01 1.991809E-02 
1.697700E+01 6.774441E-02 
9.397250E+00 8.134341E-02 
5.172380E+00 -8.995035E-04 
2.795350E+00 -1.219713E-01 
1.458900E+00 -1.883443E-01 
7.287110E-01 -1.623329E-01 
2.376420E-01 9.426046E-02 
1.278210E-01 3.962220E-01 
6.181500E-02 4.850819E-01 
2.930300E-02 1.779880E-01 
5 0 28 
1.931880E+08 3.816605E-09 
3.394520E+07 2.582606E-08 
7.510460E+06 1.519524E-07 
2.001990E+06 6.903629E-07 
6.193780E+05 2.709545E-06 
2.156060E+05 9.029170E-06 
8.232710E+04 2.817161E-05 
3.378840E+04 7.782505E-05 
1.467000E+04 2.131374E-04 
6.657440E+03 5.221431E-04 
3.130260E+03 1.309502E-03 
1.515610E+03 2.879448E-03 
7.525880E+02 6.499505E-03 
3.822490E+02 1.195541E-02 
1.982370E+02 2.180180E-02 
1.048100E+02 2.363852E-02 
5.638850E+01 1.706798E-02 
3.078300E+01 -4.783859E-02 
1.697700E+01 -1.097524E-01 
9.397250E+00 -2.027580E-01 
5.172380E+00 7.260363E-02 
2.795350E+00 2.307255E-01 
1.458900E+00 5.765951E-01 
7.287110E-01 -1.570176E-01 
2.376420E-01 -1.091978E+00 
1.278210E-01 -2.691323E-01 
6.181500E-02 3.516467E-01 
2.930300E-02 7.882868E-01 
6 0 28 
1.931880E+08 -7.757240E-09 
3.394520E+07 -5.227556E-08 
7.510460E+06 -3.091952E-07 
2.001990E+06 -1.395860E-06 
6.193780E+05 -5.521331E-06 
2.156060E+05 -1.822235E-05 
8.232710E+04 -5.752983E-05 
3.378840E+04 -1.566716E-04 
1.467000E+04 -4.363848E-04 
6.657440E+03 -1.048344E-03 
3.130260E+03 -2.689174E-03 
1.515610E+03 -5.765512E-03 
7.525880E+02 -1.341487E-02 
3.822490E+02 -2.383053E-02 
1.982370E+02 -4.568414E-02 
1.048100E+02 -4.575431E-02 
5.638850E+01 -4.125506E-02 
3.078300E+01 1.103493E-01 
1.697700E+01 2.148842E-01 
9.397250E+00 5.522145E-01 
5.172380E+00 -3.395265E-01 
2.795350E+00 -9.771007E-01 
1.458900E+00 -8.808593E-01 
7.287110E-01 2.196687E+00 
2.376420E-01 4.386372E-01 
1.278210E-01 -1.817874E+00 
6.181500E-02 3.019659E-03 
2.930300E-02 9.096255E-01 
7 0 28 
1.931880E+08 9.028583E-09 
3.394520E+07 6.205817E-08 
7.510460E+06 3.578757E-07 
2.001990E+06 1.665776E-06 
6.193780E+05 6.346135E-06 
2.156060E+05 2.193900E-05 
8.232710E+04 6.543424E-05 
3.378840E+04 1.908891E-04 
1.467000E+04 4.902082E-04 
6.657440E+03 1.294337E-03 
3.130260E+03 2.982099E-03 
1.515610E+03 7.234214E-03 
7.525880E+02 1.461464E-02 
3.822490E+02 3.095278E-02 
1.982370E+02 4.734078E-02 
1.048100E+02 7.000877E-02 
5.638850E+01 1.629399E-02 
3.078300E+01 -5.839350E-02 
1.697700E+01 -4.104935E-01 
9.397250E+00 -7.896262E-01 
5.172380E+00 9.308371E-01 
2.795350E+00 2.533043E+00 
1.458900E+00 -3.158661E+00 
7.287110E-01 -4.007620E-01 
2.376420E-01 3.854099E+00 
1.278210E-01 -2.887457E+00 
6.181500E-02 -9.069599E-01 
2.930300E-02 1.316277E+00 
8 0 28 
1.931880E+08 1.075970E-08 
3.394520E+07 7.162208E-08 
7.510460E+06 4.303890E-07 
2.001990E+06 1.905813E-06 
6.193780E+05 7.718964E-06 
2.156060E+05 2.473676E-05 
8.232710E+04 8.094360E-05 
3.378840E+04 2.110522E-04 
1.467000E+04 6.186246E-04 
6.657440E+03 1.401250E-03 
3.130260E+03 3.844742E-03 
1.515610E+03 7.649810E-03 
7.525880E+02 1.947297E-02 
3.822490E+02 3.126618E-02 
1.982370E+02 6.932423E-02 
1.048100E+02 5.504615E-02 
5.638850E+01 8.460341E-02 
3.078300E+01 -1.993583E-01 
1.697700E+01 -3.185230E-01 
9.397250E+00 -2.018103E+00 
5.172380E+00 4.689368E+00 
2.795350E+00 -5.933257E-01 
1.458900E+00 -5.975764E+00 
7.287110E-01 6.398829E+00 
2.376420E-01 -3.682216E+00 
1.278210E-01 2.025323E-01 
6.181500E-02 2.782276E+00 
2.930300E-02 -1.672472E+00 
9 0 1 
2.930300E-02 1.000000E+00 
10 0 1 
0.0138900 1.0000000 
2 1 20 
1.102940E+05 2.000000E-06 
2.693910E+04 2.200000E-05 
8.550710E+03 1.360000E-04 
3.246190E+03 6.300000E-04 
1.388460E+03 2.418000E-03 
6.424740E+02 8.087000E-03 
3.135700E+02 2.390500E-02 
1.591610E+02 6.197100E-02 
8.344140E+01 1.350660E-01 
4.501960E+01 2.334730E-01 
2.488940E+01 3.054990E-01 
1.397310E+01 2.676760E-01 
7.825710E+00 1.264990E-01 
4.286320E+00 2.302100E-02 
2.290340E+00 -6.410000E-04 
1.193420E+00 -1.627000E-03 
5.937650E-01 -6.570000E-04 
2.239870E-01 -3.300000E-05 
8.902600E-02 -1.000000E-06 
3.521300E-02 -1.000000E-06 
3 1 20 
1.102940E+05 -1.000000E-06 
2.693910E+04 -8.000000E-06 
8.550710E+03 -4.900000E-05 
3.246190E+03 -2.280000E-04 
1.388460E+03 -8.780000E-04 
6.424740E+02 -2.953000E-03 
3.135700E+02 -8.826000E-03 
1.591610E+02 -2.336400E-02 
8.344140E+01 -5.258900E-02 
4.501960E+01 -9.462500E-02 
2.488940E+01 -1.304500E-01 
1.397310E+01 -1.081600E-01 
7.825710E+00 4.668700E-02 
4.286320E+00 2.780770E-01 
2.290340E+00 4.021830E-01 
1.193420E+00 3.112960E-01 
5.937650E-01 1.125510E-01 
2.239870E-01 9.397000E-03 
8.902600E-02 -5.000000E-04 
3.521300E-02 2.580000E-04 
4 1 20 
1.102940E+05 1.000000E-06 
2.693910E+04 6.000000E-06 
8.550710E+03 3.900000E-05 
3.246190E+03 1.650000E-04 
1.388460E+03 7.040000E-04 
6.424740E+02 2.138000E-03 
3.135700E+02 7.080000E-03 
1.591610E+02 1.696100E-02 
8.344140E+01 4.278600E-02 
4.501960E+01 6.727800E-02 
2.488940E+01 1.165020E-01 
1.397310E+01 7.551000E-02 
7.825710E+00 -1.668900E-02 
4.286320E+00 -5.141990E-01 
2.290340E+00 -3.794090E-01 
1.193420E+00 2.313430E-01 
5.937650E-01 1.061475E+00 
2.239870E-01 -2.667340E-01 
8.902600E-02 -6.195930E-01 
3.521300E-02 4.491000E-03 
5 1 20 
1.102940E+05 1.000000E-06 
2.693910E+04 8.000000E-06 
8.550710E+03 4.100000E-05 
3.246190E+03 2.330000E-04 
1.388460E+03 7.420000E-04 
6.424740E+02 3.022000E-03 
3.135700E+02 7.513000E-03 
1.591610E+02 2.413500E-02 
8.344140E+01 4.437900E-02 
4.501960E+01 1.022350E-01 
2.488940E+01 1.040660E-01 
1.397310E+01 2.338940E-01 
7.825710E+00 -2.861980E-01 
4.286320E+00 -8.434390E-01 
2.290340E+00 -1.843620E-01 
1.193420E+00 2.070339E+00 
5.937650E-01 -1.107660E+00 
2.239870E-01 -8.528460E-01 
8.902600E-02 1.016669E+00 
3.521300E-02 -1.524600E-02 
6 1 20 
1.102940E+05 1.000000E-06 
2.693910E+04 1.100000E-05 
8.550710E+03 6.000000E-05 
3.246190E+03 3.200000E-04 
1.388460E+03 1.077000E-03 
6.424740E+02 4.161000E-03 
3.135700E+02 1.097500E-02 
1.591610E+02 3.357300E-02 
8.344140E+01 6.623500E-02 
4.501960E+01 1.425030E-01 
2.488940E+01 1.738220E-01 
1.397310E+01 4.655980E-01 
7.825710E+00 -1.358425E+00 
4.286320E+00 -8.867940E-01 
2.290340E+00 2.922628E+00 
1.193420E+00 -1.175841E+00 
5.937650E-01 -1.254904E+00 
2.239870E-01 1.842045E+00 
8.902600E-02 -1.045561E+00 
3.521300E-02 -2.425100E-02 
7 1 19 
2.693910E+04 2.000000E-06 
8.550710E+03 1.000000E-05 
3.246190E+03 4.400000E-05 
1.388460E+03 1.720000E-04 
6.424740E+02 5.700000E-04 
3.135700E+02 1.736000E-03 
1.591610E+02 4.520000E-03 
8.344140E+01 1.040500E-02 
4.501960E+01 1.833200E-02 
2.488940E+01 2.638100E-02 
1.397310E+01 2.018600E-02 
7.825710E+00 -1.025000E-02 
4.286320E+00 -6.805400E-02 
2.290340E+00 -9.149700E-02 
1.193420E+00 -9.495000E-02 
5.937650E-01 3.640600E-02 
2.239870E-01 3.398340E-01 
8.902600E-02 5.281230E-01 
3.521300E-02 2.501400E-01 
8 1 19 
2.693910E+04 3.000000E-06 
8.550710E+03 1.900000E-05 
3.246190E+03 8.400000E-05 
1.388460E+03 3.430000E-04 
6.424740E+02 1.090000E-03 
3.135700E+02 3.446000E-03 
1.591610E+02 8.638000E-03 
8.344140E+01 2.071800E-02 
4.501960E+01 3.471400E-02 
2.488940E+01 5.412200E-02 
1.397310E+01 3.636800E-02 
7.825710E+00 -1.255600E-02 
4.286320E+00 -1.622150E-01 
2.290340E+00 -1.771880E-01 
1.193420E+00 -1.563550E-01 
5.937650E-01 2.360190E-01 
2.239870E-01 6.412110E-01 
8.902600E-02 2.955020E-01 
3.521300E-02 8.352000E-03 
9 1 1 
3.521300E-02 1.000000E+00 
10 1 1 
0.0139300 1.0000000 
3 2 12 
7.328930E+02 1.250000E-04 
2.207530E+02 1.198000E-03 
8.562680E+01 6.836000E-03 
3.771780E+01 2.626000E-02 
1.776470E+01 7.427300E-02 
8.764150E+00 1.588570E-01 
4.417866E+00 2.458580E-01 
2.218039E+00 2.865090E-01 
1.093531E+00 2.665050E-01 
5.230910E-01 1.965650E-01 
2.384750E-01 1.005970E-01 
1.000260E-01 2.317800E-02 
4 2 12 
7.328930E+02 -1.550000E-04 
2.207530E+02 -1.488000E-03 
8.562680E+01 -8.527000E-03 
3.771780E+01 -3.295500E-02 
1.776470E+01 -9.556500E-02 
8.764150E+00 -2.099910E-01 
4.417866E+00 -2.920560E-01 
2.218039E+00 -1.738440E-01 
1.093531E+00 1.426460E-01 
5.230910E-01 3.835540E-01 
2.384750E-01 3.616940E-01 
1.000260E-01 1.395860E-01 
5 2 12 
7.328930E+02 1.840000E-04 
2.207530E+02 1.807000E-03 
8.562680E+01 1.027700E-02 
3.771780E+01 4.042700E-02 
1.776470E+01 1.197510E-01 
8.764150E+00 2.799060E-01 
4.417866E+00 2.845770E-01 
2.218039E+00 -2.072750E-01 
1.093531E+00 -5.788020E-01 
5.230910E-01 -1.622250E-01 
2.384750E-01 5.200430E-01 
1.000260E-01 3.759220E-01 
6 2 12 
7.328930E+02 -2.570000E-04 
2.207530E+02 -2.773000E-03 
8.562680E+01 -1.474500E-02 
3.771780E+01 -6.229000E-02 
1.776470E+01 -1.862120E-01 
8.764150E+00 -4.970340E-01 
4.417866E+00 5.197000E-03 
2.218039E+00 9.952550E-01 
1.093531E+00 -9.645000E-02 
5.230910E-01 -9.197540E-01 
2.384750E-01 2.428820E-01 
1.000260E-01 5.096680E-01 
7 2 12 
7.328930E+02 -3.830000E-04 
2.207530E+02 -3.285000E-03 
8.562680E+01 -2.112500E-02 
3.771780E+01 -7.673600E-02 
1.776470E+01 -3.193880E-01 
8.764150E+00 -6.162490E-01 
4.417866E+00 1.222932E+00 
2.218039E+00 2.286340E-01 
1.093531E+00 -1.610143E+00 
5.230910E-01 1.026966E+00 
2.384750E-01 3.819150E-01 
1.000260E-01 -7.162600E-01 
8 2 1 
1.000260E-01 1.000000E+00 
9 2 1 
0.0419500 1.0000000 
4 3 1 
1.091310E+01 1.000000E+00 
5 3 1 
3.906300E+00 1.000000E+00 
6 3 1 
1.398200E+00 1.000000E+00 
7 3 1 
5.005000E-01 1.000000E+00 
8 3 1 
0.1733900 1.0000000 
5 4 1 
8.847600E+00 1.000000E+00 
6 4 1 
3.125600E+00 1.000000E+00 
7 4 1 
1.104200E+00 1.000000E+00 
8 4 1 
0.4263700 1.0000000 
6 5 1 
6.549000E+00 1.000000E+00 
7 5 1 
2.102400E+00 1.000000E+00 
8 5 1 
0.9050900 1.0000000 
7 6 1 
4.942800E+00 1.0000000 
8 6 1 
2.4474100 1.0000000 
