O-POSITRON E+ (CA-DEF2-TZVPPD-AUX-DIF) BASIS TYPE:2 
# 
20 
1 0 8 
172517.32685000 0.00023318 
25861.51927500 0.00180765 
5885.66186680 0.00939438 
1665.97300310 0.03810841 
542.36718148 0.12331204 
194.57803492 0.29004471 
75.30359764 0.40587151 
29.57406259 0.20398411 
2 0 4 
191.20074660 -0.02441976 
58.84029988 -0.11547027 
8.96425408 0.56356637 
3.68569605 0.56709683 
3 0 2 
5.24642897 -0.22825334 
0.84862622 0.72625219 
4 0 1 
0.36743301 1.00000000 
5 0 1 
0.06682158 1.00000000 
6 0 1 
0.02675973 1.00000000 
7 1 6 
836.97262058 0.00252583 
197.93040142 0.02007651 
63.13555805 0.09130299 
23.28268717 0.25247030 
9.11764449 0.39426326 
3.63361201 0.23011559 
8 1 3 
13.49416312 -0.02649502 
1.81392598 0.55088108 
0.71981826 1.02806166 
9 1 1 
0.27629577 1.00000000 
10 1 1 
0.07497900 1.00000000 
11 1 1 
0.02692700 1.00000000 
12 2 2 
5.49790939 0.07377001 
1.31771280 0.26052853 
13 2 1 
0.32188683 1.00000000 
14 2 1 
0.07052861 1.00000000 
1 0 1 
0.008462170 1.0 
2 0 1 
0.002675973 1.0 
3 0 1 
0.000846217 1.0 
5 1 1 
0.008515065 1.0 
6 1 1 
0.002692700 1.0 
7 1 1 
0.000851507 1.0 
