O-POSITRON E+ (C-AUG-CC-PV5Z) BASIS TYPE:2 
# (33s,13p,5d,4f,3g,2h) -> [7s,6p,5d,4f,3g,2h] 
27 
1 0 14 
9.677000E+04 2.500000E-05 
1.450000E+04 1.900000E-04 
3.300000E+03 1.000000E-03 
9.358000E+02 4.183000E-03 
3.062000E+02 1.485900E-02 
1.113000E+02 4.530100E-02 
4.390000E+01 1.165040E-01 
1.840000E+01 2.402490E-01 
8.054000E+00 3.587990E-01 
3.637000E+00 2.939410E-01 
1.656000E+00 7.766500E-02 
6.333000E-01 2.333000E-03 
2.545000E-01 5.050000E-04 
1.019000E-01 3.000000E-05 
2 0 14 
9.677000E+04 -5.000000E-06 
1.450000E+04 -4.100000E-05 
3.300000E+03 -2.130000E-04 
9.358000E+02 -8.970000E-04 
3.062000E+02 -3.187000E-03 
1.113000E+02 -9.961000E-03 
4.390000E+01 -2.637500E-02 
1.840000E+01 -6.000100E-02 
8.054000E+00 -1.068250E-01 
3.637000E+00 -1.441660E-01 
1.656000E+00 -2.464420E-02 
6.333000E-01 3.490090E-01 
2.545000E-01 5.587370E-01 
1.019000E-01 2.281020E-01 
3 0 1 
1.656000E+00 1.000000E+00 
4 0 1 
6.333000E-01 1.000000E+00 
5 0 1 
2.545000E-01 1.000000E+00 
6 0 1 
1.019000E-01 1.000000E+00 
7 0 1 
0.0394000 1.0000000 
2 1 8 
1.018000E+02 8.910000E-04 
2.404000E+01 6.976000E-03 
7.571000E+00 3.166900E-02 
2.732000E+00 1.040060E-01 
1.085000E+00 2.416330E-01 
4.496000E-01 3.719460E-01 
1.876000E-01 3.542000E-01 
7.606000E-02 1.315680E-01 
3 1 1 
1.085000E+00 1.000000E+00 
4 1 1 
4.496000E-01 1.000000E+00 
5 1 1 
1.876000E-01 1.000000E+00 
6 1 1 
7.606000E-02 1.000000E+00 
7 1 1 
0.0272000 1.0000000 
3 2 1 
3.134000E+00 1.000000E+00 
4 2 1 
1.233000E+00 1.000000E+00 
5 2 1 
4.850000E-01 1.000000E+00 
6 2 1 
1.910000E-01 1.000000E+00 
7 2 1 
0.0701000 1.0000000 
4 3 1 
2.006000E+00 1.000000E+00 
5 3 1 
8.380000E-01 1.000000E+00 
6 3 1 
3.500000E-01 1.000000E+00 
7 3 1 
0.1380000 1.0000000 
5 4 1 
1.753000E+00 1.000000E+00 
6 4 1 
6.780000E-01 1.000000E+00 
7 4 1 
0.3190000 1.0000000 
6 5 1 
1.259000E+00 1.0000000 
7 5 1 
0.5860000 1.0000000 
