O-POSITRON E+ (CL-AUG-CC-PVDZ) BASIS TYPE:2 
# 
11 
1 0 11 
127900.00000000 0.00024115 
19170.00000000 0.00187095 
4363.00000000 0.00970827 
1236.00000000 0.03931530 
403.60000000 0.12593200 
145.70000000 0.29934100 
56.81000000 0.42188600 
23.23000000 0.23720100 
6.64400000 0.01915310 
2.57500000 -0.00334792 
0.53710000 0.00092988 
2 0 11 
127900.00000000 -0.00006789 
19170.00000000 -0.00052184 
4363.00000000 -0.00276513 
1236.00000000 -0.01115370 
403.60000000 -0.03859190 
145.70000000 -0.09948480 
56.81000000 -0.20139200 
23.23000000 -0.13031300 
6.64400000 0.50944300 
2.57500000 0.61072500 
0.53710000 0.04215490 
3 0 11 
127900.00000000 0.00002050 
19170.00000000 0.00015830 
4363.00000000 0.00083364 
1236.00000000 0.00339880 
403.60000000 0.01167380 
145.70000000 0.03096220 
56.81000000 0.06295330 
23.23000000 0.04602570 
6.64400000 -0.21931200 
2.57500000 -0.40877300 
0.53710000 0.63846500 
4 0 1 
0.19380000 1.00000000 
5 0 1 
0.06080000 1.00000000 
6 1 7 
417.60000000 0.00525982 
98.33000000 0.03983320 
31.04000000 0.16465500 
11.19000000 0.38732200 
4.24900000 0.45707200 
1.62400000 0.15163600 
0.53220000 0.00181615 
7 1 7 
417.60000000 -0.00143570 
98.33000000 -0.01077960 
31.04000000 -0.04700750 
11.19000000 -0.11103000 
4.24900000 -0.15327500 
1.62400000 0.08946090 
0.53220000 0.57944400 
8 1 1 
0.16200000 1.00000000 
9 1 1 
0.04660000 1.00000000 
10 2 1 
0.60000000 1.00000000 
11 2 1 
0.19600000 1.00000000 
