O-POSITRON E+ (CU-AUG-CC-PVDZ) BASIS TYPE:2 
# 
19 
1 0 19 
5430321.00000000 0.00000780 
813166.50000000 0.00006066 
185054.40000000 0.00031890 
52414.66000000 0.00134469 
17098.68000000 0.00486905 
6171.99400000 0.01561013 
2406.48100000 0.04452077 
997.25840000 0.11031110 
433.92890000 0.22203420 
196.28690000 0.31337390 
91.04280000 0.23151210 
41.38425000 0.07640920 
19.93278000 0.11038180 
9.58189100 0.10943720 
4.23451600 0.01836311 
1.98581400 -0.00060431 
0.86708300 0.00005092 
0.18133900 -0.00005541 
0.08365700 0.00003969 
2 0 19 
5430321.00000000 -0.00000440 
813166.50000000 -0.00003425 
185054.40000000 -0.00018012 
52414.66000000 -0.00076005 
17098.68000000 -0.00275935 
6171.99400000 -0.00890097 
2406.48100000 -0.02579378 
997.25840000 -0.06623861 
433.92890000 -0.14459270 
196.28690000 -0.24401100 
91.04280000 -0.25048370 
41.38425000 0.02852577 
19.93278000 0.51158740 
9.58189100 0.49280610 
4.23451600 0.08788437 
1.98581400 -0.00582028 
0.86708300 0.00020135 
0.18133900 -0.00051826 
0.08365700 0.00037315 
3 0 19 
5430321.00000000 0.00000097 
813166.50000000 0.00000755 
185054.40000000 0.00003969 
52414.66000000 0.00016772 
17098.68000000 0.00060951 
6171.99400000 0.00197885 
2406.48100000 0.00579805 
997.25840000 0.01534158 
433.92890000 0.03540484 
196.28690000 0.06702098 
91.04280000 0.08026945 
41.38425000 -0.01927231 
19.93278000 -0.31601290 
9.58189100 -0.45731620 
4.23451600 0.15508410 
1.98581400 0.72028720 
0.86708300 0.38851220 
0.18133900 0.01924326 
0.08365700 -0.00710381 
4 0 19 
5430321.00000000 -0.00000020 
813166.50000000 -0.00000152 
185054.40000000 -0.00000801 
52414.66000000 -0.00003384 
17098.68000000 -0.00012312 
6171.99400000 -0.00039921 
2406.48100000 -0.00117190 
997.25840000 -0.00309614 
433.92890000 -0.00717199 
196.28690000 -0.01356621 
91.04280000 -0.01643989 
41.38425000 0.00410763 
19.93278000 0.06693964 
9.58189100 0.10282210 
4.23451600 -0.04422945 
1.98581400 -0.20311910 
0.86708300 -0.22300220 
0.18133900 0.25179750 
0.08365700 0.56500910 
5 0 19 
5430321.00000000 -0.00000035 
813166.50000000 -0.00000280 
185054.40000000 -0.00001433 
52414.66000000 -0.00006271 
17098.68000000 -0.00021795 
6171.99400000 -0.00074743 
2406.48100000 -0.00204927 
997.25840000 -0.00588520 
433.92890000 -0.01226885 
196.28690000 -0.02683147 
91.04280000 -0.02479261 
41.38425000 -0.00598475 
19.93278000 0.15571240 
9.58189100 0.14366830 
4.23451600 0.00837410 
1.98581400 -0.74607110 
0.86708300 0.12443670 
0.18133900 1.51011000 
0.08365700 -0.34771220 
6 0 1 
0.03626700 1.00000000 
7 0 1 
0.01572000 1.00000000 
8 1 15 
22760.57000000 0.00004000 
5387.67900000 0.00036100 
1749.94500000 0.00208300 
669.66530000 0.00919700 
284.19480000 0.03266000 
129.60770000 0.09379500 
62.25415000 0.20827400 
30.92964000 0.33399300 
15.75827000 0.33249300 
8.09421100 0.15472800 
4.04692100 0.02127100 
1.96786900 -0.00169000 
0.92529500 -0.00151600 
0.35299200 -0.00024200 
0.12730700 0.00002300 
9 1 15 
22760.57000000 -0.00001500 
5387.67900000 -0.00013100 
1749.94500000 -0.00075500 
669.66530000 -0.00335900 
284.19480000 -0.01208100 
129.60770000 -0.03570300 
62.25415000 -0.08250200 
30.92964000 -0.13989000 
15.75827000 -0.14072900 
8.09421100 0.03876600 
4.04692100 0.34269500 
1.96786900 0.45231000 
0.92529500 0.27705400 
0.35299200 0.04388500 
0.12730700 -0.00280200 
10 1 15 
22760.57000000 0.00000300 
5387.67900000 0.00002500 
1749.94500000 0.00014700 
669.66530000 0.00065600 
284.19480000 0.00235100 
129.60770000 0.00700400 
62.25415000 0.01613100 
30.92964000 0.02777000 
15.75827000 0.02756700 
8.09421100 -0.01011500 
4.04692100 -0.08100900 
1.96786900 -0.11040900 
0.92529500 -0.07173200 
0.35299200 0.18793000 
0.12730700 0.56462900 
11 1 15 
22760.57000000 0.00000500 
5387.67900000 0.00004900 
1749.94500000 0.00027800 
669.66530000 0.00125300 
284.19480000 0.00444700 
129.60770000 0.01337000 
62.25415000 0.03046900 
30.92964000 0.05344700 
15.75827000 0.05263900 
8.09421100 -0.01688100 
4.04692100 -0.17944800 
1.96786900 -0.20958800 
0.92529500 -0.03963300 
0.35299200 0.50213000 
0.12730700 0.58111100 
12 1 1 
0.04435600 1.00000000 
13 1 1 
0.01545000 1.00000000 
14 2 7 
173.89700000 0.00270000 
51.88690000 0.02090900 
19.34190000 0.08440800 
7.97572000 0.21399900 
3.39823000 0.33598000 
1.40932000 0.35730100 
0.54885800 0.26457800 
15 2 7 
173.89700000 -0.00336300 
51.88690000 -0.02607900 
19.34190000 -0.10823100 
7.97572000 -0.28221700 
3.39823000 -0.34719000 
1.40932000 0.02671100 
0.54885800 0.49204700 
16 2 1 
0.19019900 1.00000000 
17 2 1 
0.06591000 1.00000000 
18 3 2 
5.02860000 0.42428000 
1.25940000 0.76302500 
19 3 1 
0.46172000 1.00000000 
