O-POSITRON E+ (CR-DEF2-TZVPPD-AUX-DIF) BASIS TYPE:2 
# 
28 
1 0 8 
254477.80704000 0.00023387 
38131.79705400 0.00181426 
8675.29306070 0.00943639 
2455.00998480 0.03834364 
799.16217787 0.12459195 
286.90021489 0.29489696 
111.25413232 0.41846150 
43.86415264 0.21633763 
2 0 4 
279.32669173 -0.02345091 
86.27473238 -0.11080370 
13.55575611 0.53028966 
5.69781128 0.51603517 
3 0 2 
8.56365826 -0.38109546 
1.39882968 1.19915914 
4 0 1 
0.57288171 1.00000000 
5 0 1 
0.09009617 1.00000000 
6 0 1 
0.03412589 1.00000000 
7 1 6 
1306.43988640 0.00242773 
309.25311441 0.01954404 
98.99627396 0.09065179 
36.75691645 0.25699279 
14.56665708 0.40935505 
5.87399374 0.23729389 
8 1 3 
22.89099970 -0.02816603 
3.08550018 0.56034120 
1.21323291 0.98119020 
9 1 1 
0.44931681 1.00000000 
10 1 1 
0.16640000 1.00000000 
11 1 1 
0.06163000 1.00000000 
12 1 1 
0.02592347 1.00000000 
13 2 4 
43.72007448 0.01362296 
12.39124265 0.07893518 
4.26394420 0.23833840 
1.55252218 0.39526851 
14 2 1 
0.53761929 1.00000000 
15 2 1 
0.16493173 1.00000000 
16 2 1 
0.05100000 1.00000000 
17 3 1 
2.34100000 1.00000000 
18 3 1 
0.54200000 1.00000000 
19 4 1 
1.38200000 1.00000000 
1 0 1 
0.010791552 1.0 
2 0 1 
0.003412589 1.0 
3 0 1 
0.001079155 1.0 
5 1 1 
0.008197720 1.0 
6 1 1 
0.002592347 1.0 
7 1 1 
0.000819772 1.0 
9 2 1 
0.016127616 1.0 
10 2 1 
0.005100000 1.0 
11 2 1 
0.001612762 1.0 
