O-POSITRON E+ (CU-DEF2-TZVPPD-AUX-DIF) BASIS TYPE:2 
# 
28 
1 0 8 
377518.79923000 0.00022812 
56589.98431100 0.00176880 
12878.71170600 0.00919935 
3645.37521430 0.03741102 
1187.00729450 0.12189874 
426.46421902 0.28983901 
165.70660164 0.41531872 
65.59894271 0.21905799 
2 0 4 
414.41265811 -0.02468253 
128.32056039 -0.11716827 
20.62208975 0.55301316 
8.78212260 0.52242719 
3 0 2 
13.74137201 -0.22736062 
2.24312468 0.71761211 
4 0 1 
0.89370549 1.00000000 
5 0 1 
0.10836700 1.00000000 
6 0 1 
0.03880618 1.00000000 
7 1 6 
2034.75966920 0.00235248 
481.90468106 0.01913407 
154.67482963 0.09017111 
57.74057697 0.26063285 
23.09905281 0.42093486 
9.38824786 0.24344615 
8 1 3 
37.59617121 -0.02899109 
5.12406908 0.54919084 
2.01199961 0.93793330 
9 1 1 
0.73860686 1.00000000 
10 1 1 
0.27110000 1.00000000 
11 1 1 
0.09954000 1.00000000 
12 1 1 
0.03401600 1.00000000 
13 2 4 
74.12946064 0.01436322 
21.35984259 0.08662818 
7.49952405 0.25631431 
2.76013942 0.40374062 
14 2 1 
0.95362061 1.00000000 
15 2 1 
0.28420863 1.00000000 
16 2 1 
0.08500000 1.00000000 
17 3 1 
1.20900000 1.00000000 
18 3 1 
4.93600000 1.00000000 
19 4 1 
3.24500000 1.00000000 
1 0 1 
0.012271591 1.0 
2 0 1 
0.003880618 1.0 
3 0 1 
0.001227159 1.0 
5 1 1 
0.010756803 1.0 
6 1 1 
0.003401600 1.0 
7 1 1 
0.001075680 1.0 
9 2 1 
0.026879360 1.0 
10 2 1 
0.008500000 1.0 
11 2 1 
0.002687936 1.0 
