O-POSITRON E+ (C-D-AUG-CC-PV5Z) BASIS TYPE:2 
# (34s,14p,6d,5f,4g,3h) -> [8s,7p,6d,5f,4g,3h] 
33 
1 0 14 
96770.0000000 0.0000250 
14500.0000000 0.0001900 
3300.0000000 0.0010000 
935.8000000 0.0041830 
306.2000000 0.0148590 
111.3000000 0.0453010 
43.9000000 0.1165040 
18.4000000 0.2402490 
8.0540000 0.3587990 
3.6370000 0.2939410 
1.6560000 0.0776650 
0.6333000 0.0023330 
0.2545000 0.0005050 
0.1019000 0.0000300 
2 0 14 
96770.0000000 -0.0000050 
14500.0000000 -0.0000410 
3300.0000000 -0.0002130 
935.8000000 -0.0008970 
306.2000000 -0.0031870 
111.3000000 -0.0099610 
43.9000000 -0.0263750 
18.4000000 -0.0600010 
8.0540000 -0.1068250 
3.6370000 -0.1441660 
1.6560000 -0.0246442 
0.6333000 0.3490090 
0.2545000 0.5587370 
0.1019000 0.2281020 
3 0 1 
1.6560000 1.0000000 
4 0 1 
0.6333000 1.0000000 
5 0 1 
0.2545000 1.0000000 
6 0 1 
0.1019000 1.0000000 
7 0 1 
0.0394000 1.0000000 
8 0 1 
0.0152 1.0000 
2 1 8 
101.8000000 0.0008910 
24.0400000 0.0069760 
7.5710000 0.0316690 
2.7320000 0.1040060 
1.0850000 0.2416330 
0.4496000 0.3719460 
0.1876000 0.3542000 
0.0760600 0.1315680 
3 1 1 
1.0850000 1.0000000 
4 1 1 
0.4496000 1.0000000 
5 1 1 
0.1876000 1.0000000 
6 1 1 
0.0760600 1.0000000 
7 1 1 
0.0272000 1.0000000 
8 1 1 
0.0097 1.0000 
3 2 1 
3.1340000 1.0000000 
4 2 1 
1.2330000 1.0000000 
5 2 1 
0.4850000 1.0000000 
6 2 1 
0.1910000 1.0000000 
7 2 1 
0.0701000 1.0000000 
8 2 1 
0.0257 1.0000 
4 3 1 
2.0060000 1.0000000 
5 3 1 
0.8380000 1.0000000 
6 3 1 
0.3500000 1.0000000 
7 3 1 
0.1380000 1.0000000 
8 3 1 
0.0544 1.0000 
5 4 1 
1.7530000 1.0000000 
6 4 1 
0.6780000 1.0000000 
7 4 1 
0.3190000 1.0000000 
8 4 1 
0.1500 1.0000 
6 5 1 
1.2590000 1.0000000 
7 5 1 
0.5860000 1.0000000 
8 5 1 
0.2730 1.0000 
