O-POSITRON E+ (C-DEF2-TZVPPD-AUX-DIF) BASIS TYPE:2 
# 
19 
1 0 6 
13575.34968200 0.00022246 
2035.23336800 0.00172327 
463.22562359 0.00892557 
131.20019598 0.03572798 
42.85301589 0.11076260 
15.58418577 0.24295628 
2 0 2 
6.20671385 0.41440263 
2.57648965 0.23744969 
3 0 1 
0.57696339 1.00000000 
4 0 1 
0.22972831 1.00000000 
5 0 1 
0.09516444 1.00000000 
6 0 1 
0.04847540 1.00000000 
7 1 4 
34.69723224 0.00533337 
7.95826228 0.03586411 
2.37808269 0.14215873 
0.81433208 0.34270472 
8 1 1 
0.28887547 1.00000000 
9 1 1 
0.10056824 1.00000000 
10 2 1 
1.09700000 1.00000000 
11 2 1 
0.31800000 1.00000000 
12 2 1 
0.09098534 1.00000000 
13 3 1 
0.76100000 1.00000000 
1 0 1 
0.015329268 1.0 
2 0 1 
0.004847540 1.0 
3 0 1 
0.001532927 1.0 
5 1 1 
0.031802469 1.0 
6 1 1 
0.010056824 1.0 
7 1 1 
0.003180247 1.0 
