O-POSITRON E+ (CO-DEF2-TZVPPD-AUX-DIF) BASIS TYPE:2 
# 
28 
1 0 8 
325817.01553000 0.00022568 
48839.63645300 0.00174994 
11114.93730700 0.00910031 
3146.16036420 0.03699626 
1024.43784650 0.12044270 
368.02508816 0.28598732 
142.91229205 0.40908312 
56.48264921 0.21500146 
2 0 4 
356.40298318 -0.02476706 
110.31165215 -0.11702139 
17.65963483 0.55215522 
7.50590305 0.53246877 
3 0 2 
11.50180718 -0.22942470 
1.90819946 0.71180934 
4 0 1 
0.79396697 1.00000000 
5 0 1 
0.12444449 1.00000000 
6 0 1 
0.04444465 1.00000000 
7 1 6 
1731.13691440 0.00239058 
409.91750438 0.01938300 
131.45648578 0.09090545 
48.98743971 0.26146682 
19.53707899 0.42157265 
7.92872816 0.24571814 
8 1 3 
31.07601758 -0.02943807 
4.28351807 0.55615568 
1.70229216 0.96772195 
9 1 1 
0.64202909 1.00000000 
10 1 1 
0.24210000 1.00000000 
11 1 1 
0.09132000 1.00000000 
12 1 1 
0.03481106 1.00000000 
13 2 4 
68.14074524 0.01198385 
19.68524102 0.07368854 
6.93221288 0.23085497 
2.60251257 0.39281059 
14 2 1 
0.94016837 1.00000000 
15 2 1 
0.30381458 1.00000000 
16 2 1 
0.09800000 1.00000000 
17 3 1 
3.95500000 1.00000000 
18 3 1 
0.96500000 1.00000000 
19 4 1 
2.50000000 1.00000000 
1 0 1 
0.014054631 1.0 
2 0 1 
0.004444465 1.0 
3 0 1 
0.001405463 1.0 
5 1 1 
0.011008223 1.0 
6 1 1 
0.003481106 1.0 
7 1 1 
0.001100822 1.0 
9 2 1 
0.030990321 1.0 
10 2 1 
0.009800000 1.0 
11 2 1 
0.003099032 1.0 
