O-POSITRON E+ (CL-DEF2-TZVPPD-AUX-DIF) BASIS TYPE:2 
# 
23 
1 0 7 
69507.99094500 0.00054315 
10426.15688000 0.00419905 
2373.23340610 0.02159214 
671.56420071 0.08459885 
218.41999790 0.24757250 
77.57224971 0.47016930 
28.88881528 0.37436371 
2 0 3 
127.10527185 0.02518217 
39.33958296 0.10786112 
7.67406800 -0.27408822 
3 0 2 
3.87456276 1.32138750 
1.83858326 0.68636955 
4 0 1 
0.50229058 1.00000000 
5 0 1 
0.17962723 1.00000000 
6 0 1 
0.06113310 1.00000000 
7 1 5 
666.50423284 0.00236327 
157.64241690 0.01887930 
50.26252098 0.08720634 
18.53607811 0.25285613 
7.29405328 0.43507155 
8 1 1 
2.94332490 1.00000000 
9 1 1 
1.04049708 1.00000000 
10 1 1 
0.38456415 1.00000000 
11 1 1 
0.13069643 1.00000000 
12 1 1 
0.03538158 1.00000000 
13 2 1 
4.61000000 1.00000000 
14 2 1 
1.01100000 1.00000000 
15 2 1 
0.33900000 1.00000000 
16 2 1 
0.09960136 1.00000000 
17 3 1 
0.70600000 1.00000000 
1 0 1 
0.019331982 1.0 
2 0 1 
0.006113310 1.0 
3 0 1 
0.001933198 1.0 
5 1 1 
0.011188638 1.0 
6 1 1 
0.003538158 1.0 
7 1 1 
0.001118864 1.0 
