O-POSITRON E+ (CL-AUG-CC-PVTZ) BASIS TYPE:2 
# 
16 
1 0 13 
456100.00000000 0.00004930 
68330.00000000 0.00038303 
15550.00000000 0.00200854 
4405.00000000 0.00838558 
1439.00000000 0.02947030 
520.40000000 0.08783250 
203.10000000 0.21147300 
83.96000000 0.36536400 
36.20000000 0.34088400 
15.83000000 0.10213300 
6.33400000 0.00311675 
2.69400000 0.00105751 
0.43130000 0.00015614 
2 0 13 
456100.00000000 -0.00001383 
68330.00000000 -0.00010728 
15550.00000000 -0.00056508 
4405.00000000 -0.00236135 
1439.00000000 -0.00845886 
520.40000000 -0.02596380 
203.10000000 -0.06863620 
83.96000000 -0.14187400 
36.20000000 -0.19931900 
15.83000000 -0.01956620 
6.33400000 0.49974100 
2.69400000 0.56373600 
0.43130000 -0.00835091 
3 0 13 
456100.00000000 0.00000419 
68330.00000000 0.00003244 
15550.00000000 0.00017111 
4405.00000000 0.00071418 
1439.00000000 0.00256705 
520.40000000 0.00788552 
203.10000000 0.02108670 
83.96000000 0.04422640 
36.20000000 0.06516700 
15.83000000 0.00603012 
6.33400000 -0.20649500 
2.69400000 -0.40587100 
0.43130000 0.72566100 
4 0 1 
0.97680000 1.00000000 
5 0 1 
0.16250000 1.00000000 
6 0 1 
0.05910000 1.00000000 
7 1 7 
663.30000000 0.00240448 
156.80000000 0.01921480 
49.98000000 0.08850970 
18.42000000 0.25602000 
7.24000000 0.43692700 
2.92200000 0.35033400 
0.38180000 -0.00458423 
8 1 7 
663.30000000 -0.00065215 
156.80000000 -0.00519445 
49.98000000 -0.02469380 
18.42000000 -0.07281670 
7.24000000 -0.13403000 
2.92200000 -0.09477420 
0.38180000 0.56466700 
9 1 1 
1.02200000 1.00000000 
10 1 1 
0.13010000 1.00000000 
11 1 1 
0.04190000 1.00000000 
12 2 1 
1.04600000 1.00000000 
13 2 1 
0.34400000 1.00000000 
14 2 1 
0.13500000 1.00000000 
15 3 1 
0.70600000 1.00000000 
16 3 1 
0.31200000 1.00000000 
