O-POSITRON E+ (CL-AUG-CC-PV5Z) BASIS TYPE:2 
# (65s,29p,5d,4f,3g,2h) -> [8s,7p,5d,4f,3g,2h] 
29 
1 0 20 
6.410000E+06 1.813500E-06 
9.596000E+05 1.411180E-05 
2.183000E+05 7.424060E-05 
6.181000E+04 3.141310E-04 
2.014000E+04 1.146420E-03 
7.264000E+03 3.738880E-03 
2.832000E+03 1.109460E-02 
1.175000E+03 3.011520E-02 
5.126000E+02 7.391450E-02 
2.330000E+02 1.582580E-01 
1.095000E+02 2.747530E-01 
5.286000E+01 3.340660E-01 
2.584000E+01 2.175890E-01 
1.217000E+01 4.572780E-02 
6.030000E+00 -1.347390E-04 
3.012000E+00 1.639330E-03 
1.511000E+00 -5.222120E-04 
6.604000E-01 1.806480E-04 
2.926000E-01 -9.993120E-05 
1.254000E-01 1.921750E-05 
2 0 20 
6.410000E+06 -5.083030E-07 
9.596000E+05 -3.956330E-06 
2.183000E+05 -2.080950E-05 
6.181000E+04 -8.811750E-05 
2.014000E+04 -3.217420E-04 
7.264000E+03 -1.052770E-03 
2.832000E+03 -3.141830E-03 
1.175000E+03 -8.663630E-03 
5.126000E+02 -2.193530E-02 
2.330000E+02 -5.025840E-02 
1.095000E+02 -9.954140E-02 
5.286000E+01 -1.576470E-01 
2.584000E+01 -1.460240E-01 
1.217000E+01 6.922300E-02 
6.030000E+00 4.304120E-01 
3.012000E+00 4.908020E-01 
1.511000E+00 1.583900E-01 
6.604000E-01 8.398850E-03 
2.926000E-01 7.684840E-04 
1.254000E-01 2.271460E-04 
3 0 20 
6.410000E+06 1.538080E-07 
9.596000E+05 1.196540E-06 
2.183000E+05 6.298280E-06 
6.181000E+04 2.664500E-05 
2.014000E+04 9.741620E-05 
7.264000E+03 3.183600E-04 
2.832000E+03 9.523770E-04 
1.175000E+03 2.624300E-03 
5.126000E+02 6.681600E-03 
2.330000E+02 1.535950E-02 
1.095000E+02 3.094320E-02 
5.286000E+01 5.006380E-02 
2.584000E+01 4.897820E-02 
1.217000E+01 -2.608070E-02 
6.030000E+00 -1.784260E-01 
3.012000E+00 -3.323240E-01 
1.511000E+00 -1.320080E-01 
6.604000E-01 4.405560E-01 
2.926000E-01 6.118910E-01 
1.254000E-01 1.931720E-01 
4 0 1 
1.511000E+00 1.000000E+00 
5 0 1 
6.604000E-01 1.000000E+00 
6 0 1 
2.926000E-01 1.000000E+00 
7 0 1 
1.254000E-01 1.000000E+00 
8 0 1 
0.0479000 1.0000000 
2 1 12 
2.548000E+03 2.357020E-04 
6.037000E+02 2.051580E-03 
1.956000E+02 1.115430E-02 
7.415000E+01 4.398160E-02 
3.094000E+01 1.299940E-01 
1.369000E+01 2.729590E-01 
6.229000E+00 3.836900E-01 
2.878000E+00 2.918700E-01 
1.282000E+00 7.044640E-02 
5.641000E-01 1.287610E-03 
2.348000E-01 1.826230E-03 
9.312000E-02 1.990130E-05 
3 1 12 
2.548000E+03 -6.354100E-05 
6.037000E+02 -5.532590E-04 
1.956000E+02 -3.027950E-03 
7.415000E+01 -1.206500E-02 
3.094000E+01 -3.663480E-02 
1.369000E+01 -7.907640E-02 
6.229000E+00 -1.174220E-01 
2.878000E+00 -8.609430E-02 
1.282000E+00 1.403080E-01 
5.641000E-01 4.223360E-01 
2.348000E-01 4.463630E-01 
9.312000E-02 1.666340E-01 
4 1 1 
1.282000E+00 1.000000E+00 
5 1 1 
5.641000E-01 1.000000E+00 
6 1 1 
2.348000E-01 1.000000E+00 
7 1 1 
9.312000E-02 1.000000E+00 
8 1 1 
0.0348000 1.0000000 
3 2 1 
3.781000E+00 1.000000E+00 
4 2 1 
1.529000E+00 1.000000E+00 
5 2 1 
6.180000E-01 1.000000E+00 
6 2 1 
2.500000E-01 1.000000E+00 
7 2 1 
0.1003000 1.0000000 
4 3 1 
1.345000E+00 1.000000E+00 
5 3 1 
6.560000E-01 1.000000E+00 
6 3 1 
3.200000E-01 1.000000E+00 
7 3 1 
0.1640000 1.0000000 
5 4 1 
1.302000E+00 1.000000E+00 
6 4 1 
5.560000E-01 1.000000E+00 
7 4 1 
0.2770000 1.0000000 
6 5 1 
1.053000E+00 1.0000000 
7 5 1 
0.6070000 1.0000000 
