O-POSITRON E+ (CO-AUG-CC-PVDZ) BASIS TYPE:2 
# 
19 
1 0 19 
4675675.00000000 0.00000798 
700161.50000000 0.00006204 
159337.30000000 0.00032617 
45130.46000000 0.00137536 
14722.38000000 0.00498000 
5314.22200000 0.01596434 
2072.01800000 0.04552086 
858.61880000 0.11273850 
373.54970000 0.22682620 
168.92290000 0.32030740 
78.29639000 0.23740210 
35.52123000 0.07477686 
17.04144000 0.09581872 
8.17300000 0.09649911 
3.61031800 0.01623362 
1.69704700 -0.00045355 
0.74353200 0.00005114 
0.15834400 -0.00004175 
0.07503600 0.00004028 
2 0 19 
4675675.00000000 -0.00000420 
700161.50000000 -0.00003266 
159337.30000000 -0.00017176 
45130.46000000 -0.00072479 
14722.38000000 -0.00263146 
5314.22200000 -0.00848927 
2072.01800000 -0.02460619 
858.61880000 -0.06322059 
373.54970000 -0.13819570 
168.92290000 -0.23406800 
78.29639000 -0.24150020 
35.52123000 0.03035312 
17.04144000 0.51013410 
8.17300000 0.49749390 
3.61031800 0.08970746 
1.69704700 -0.00594103 
0.74353200 0.00021754 
0.15834400 -0.00054802 
0.07503600 0.00045258 
3 0 19 
4675675.00000000 0.00000096 
700161.50000000 0.00000746 
159337.30000000 0.00003923 
45130.46000000 0.00016577 
14722.38000000 0.00060243 
5314.22200000 0.00195522 
2072.01800000 0.00572633 
858.61880000 0.01512984 
373.54970000 0.03483973 
168.92290000 0.06570351 
78.29639000 0.07831503 
35.52123000 -0.01877037 
17.04144000 -0.30626630 
8.17300000 -0.45664290 
3.61031800 0.13781690 
1.69704700 0.71936760 
0.74353200 0.39925790 
0.15834400 0.02079933 
0.07503600 -0.00782066 
4 0 19 
4675675.00000000 -0.00000020 
700161.50000000 -0.00000158 
159337.30000000 -0.00000830 
45130.46000000 -0.00003504 
14722.38000000 -0.00012747 
5314.22200000 -0.00041327 
2072.01800000 -0.00121226 
858.61880000 -0.00319932 
373.54970000 -0.00739097 
168.92290000 -0.01393649 
78.29639000 -0.01678575 
35.52123000 0.00414986 
17.04144000 0.06797646 
8.17300000 0.10758070 
3.61031800 -0.04166022 
1.69704700 -0.21280440 
0.74353200 -0.23813600 
0.15834400 0.26507880 
0.07503600 0.57227740 
5 0 19 
4675675.00000000 -0.00000039 
700161.50000000 -0.00000307 
159337.30000000 -0.00001565 
45130.46000000 -0.00006884 
14722.38000000 -0.00023774 
5314.22200000 -0.00082132 
2072.01800000 -0.00222963 
858.61880000 -0.00646784 
373.54970000 -0.01325463 
168.92290000 -0.02946686 
78.29639000 -0.02599066 
35.52123000 -0.00849981 
17.04144000 0.17273160 
8.17300000 0.15121890 
3.61031800 0.03554509 
1.69704700 -0.88293530 
0.74353200 0.21435300 
0.15834400 1.71186500 
0.07503600 -0.71400370 
6 0 1 
0.03309100 1.00000000 
7 0 1 
0.01459000 1.00000000 
8 1 15 
19267.78000000 0.00004100 
4560.98600000 0.00036900 
1481.43600000 0.00212800 
566.86710000 0.00937200 
240.49100000 0.03315500 
109.61050000 0.09475200 
52.59491000 0.20909300 
26.08361000 0.33372200 
13.26143000 0.33220800 
6.79977800 0.15461300 
3.39341400 0.02090200 
1.64876600 -0.00202400 
0.77628200 -0.00169700 
0.29800300 -0.00028000 
0.11361800 0.00002600 
9 1 15 
19267.78000000 -0.00001500 
4560.98600000 -0.00013100 
1481.43600000 -0.00075800 
566.86710000 -0.00336300 
240.49100000 -0.01205400 
109.61050000 -0.03542400 
52.59491000 -0.08128700 
26.08361000 -0.13690800 
13.26143000 -0.13901900 
6.79977800 0.03546800 
3.39341400 0.33849800 
1.64876600 0.45443300 
0.77628200 0.27979300 
0.29800300 0.04477600 
0.11361800 -0.00315100 
10 1 15 
19267.78000000 -0.00000300 
4560.98600000 -0.00002900 
1481.43600000 -0.00016700 
566.86710000 -0.00074200 
240.49100000 -0.00266200 
109.61050000 -0.00784100 
52.59491000 -0.01805100 
26.08361000 -0.03058000 
13.26143000 -0.03131200 
6.79977800 0.01131100 
3.39341400 0.08999000 
1.64876600 0.13073300 
0.77628200 0.07180800 
0.29800300 -0.22165800 
0.11361800 -0.57102500 
11 1 15 
19267.78000000 0.00000500 
4560.98600000 0.00004500 
1481.43600000 0.00025500 
566.86710000 0.00114400 
240.49100000 0.00406100 
109.61050000 0.01209500 
52.59491000 0.02747600 
26.08361000 0.04755700 
13.26143000 0.04730200 
6.79977800 -0.01441800 
3.39341400 -0.15006200 
1.64876600 -0.19909200 
0.77628200 -0.07978300 
0.29800300 0.45903500 
0.11361800 0.61749500 
12 1 1 
0.04162400 1.00000000 
13 1 1 
0.01525000 1.00000000 
14 2 7 
126.26400000 0.00351000 
37.52260000 0.02588400 
13.80210000 0.10005800 
5.60927000 0.24054700 
2.33369000 0.35684300 
0.93641500 0.35957900 
0.34823700 0.23662900 
15 2 7 
126.26400000 -0.00406700 
37.52260000 -0.03005300 
13.80210000 -0.11962000 
5.60927000 -0.29151300 
2.33369000 -0.31804800 
0.93641500 0.09169800 
0.34823700 0.56082300 
16 2 1 
0.11235300 1.00000000 
17 2 1 
0.03625000 1.00000000 
18 3 2 
3.77240000 0.42396600 
0.91700000 0.76842900 
19 3 1 
0.32715000 1.00000000 
