O-POSITRON E+ (C-D-AUG-CC-PVQZ) BASIS TYPE:2 
# 
25 
1 0 9 
33980.00000000 0.00009100 
5089.00000000 0.00070400 
1157.00000000 0.00369300 
326.60000000 0.01536000 
106.10000000 0.05292900 
38.11000000 0.14704300 
14.75000000 0.30563100 
6.03500000 0.39934500 
2.53000000 0.21705100 
2 0 9 
33980.00000000 -0.00001900 
5089.00000000 -0.00015100 
1157.00000000 -0.00078500 
326.60000000 -0.00332400 
106.10000000 -0.01151200 
38.11000000 -0.03416000 
14.75000000 -0.07717300 
6.03500000 -0.14149300 
2.53000000 -0.11801900 
3 0 1 
0.73550000 1.00000000 
4 0 1 
0.29050000 1.00000000 
5 0 1 
0.11110000 1.00000000 
6 0 1 
0.04145000 1.00000000 
7 0 1 
0.01550000 1.00000000 
8 1 3 
34.51000000 0.00537800 
7.91500000 0.03613200 
2.36800000 0.14249300 
9 1 1 
0.81320000 1.00000000 
10 1 1 
0.28900000 1.00000000 
11 1 1 
0.10070000 1.00000000 
12 1 1 
0.03218000 1.00000000 
13 1 1 
0.01030000 1.00000000 
14 2 1 
1.84800000 1.00000000 
15 2 1 
0.64900000 1.00000000 
16 2 1 
0.22800000 1.00000000 
17 2 1 
0.07660000 1.00000000 
18 2 1 
0.02570000 1.00000000 
19 3 1 
1.41900000 1.00000000 
20 3 1 
0.48500000 1.00000000 
21 3 1 
0.18700000 1.00000000 
22 3 1 
0.07210000 1.00000000 
23 4 1 
1.01100000 1.00000000 
24 4 1 
0.42400000 1.00000000 
25 4 1 
0.17800000 1.00000000 
