O-POSITRON E+ (C-D-AUG-CC-PVDZ) BASIS TYPE:2 
# 
12 
1 0 8 
6665.00000000 0.00069200 
1000.00000000 0.00532900 
228.00000000 0.02707700 
64.71000000 0.10171800 
21.06000000 0.27474000 
7.49500000 0.44856400 
2.79700000 0.28507400 
0.52150000 0.01520400 
2 0 8 
6665.00000000 -0.00014600 
1000.00000000 -0.00115400 
228.00000000 -0.00572500 
64.71000000 -0.02331200 
21.06000000 -0.06395500 
7.49500000 -0.14998100 
2.79700000 -0.12726200 
0.52150000 0.54452900 
3 0 1 
0.15960000 1.00000000 
4 0 1 
0.04690000 1.00000000 
5 0 1 
0.01380000 1.00000000 
6 1 3 
9.43900000 0.03810900 
2.00200000 0.20948000 
0.54560000 0.50855700 
7 1 1 
0.15170000 1.00000000 
8 1 1 
0.04041000 1.00000000 
9 1 1 
0.01080000 1.00000000 
10 2 1 
0.55000000 1.00000000 
11 2 1 
0.15100000 1.00000000 
12 2 1 
0.04150000 1.00000000 
