O-POSITRON E+ (C-AUG-CC-PVTZ) BASIS TYPE:2 
# 
14 
1 0 8 
8236.00000000 0.00053100 
1235.00000000 0.00410800 
280.80000000 0.02108700 
79.27000000 0.08185300 
25.59000000 0.23481700 
8.99700000 0.43440100 
3.31900000 0.34612900 
0.36430000 -0.00898300 
2 0 8 
8236.00000000 -0.00011300 
1235.00000000 -0.00087800 
280.80000000 -0.00454000 
79.27000000 -0.01813300 
25.59000000 -0.05576000 
8.99700000 -0.12689500 
3.31900000 -0.17035200 
0.36430000 0.59868400 
3 0 1 
0.90590000 1.00000000 
4 0 1 
0.12850000 1.00000000 
5 0 1 
0.04402000 1.00000000 
6 1 3 
18.71000000 0.01403100 
4.13300000 0.08686600 
1.20000000 0.29021600 
7 1 1 
0.38270000 1.00000000 
8 1 1 
0.12090000 1.00000000 
9 1 1 
0.03569000 1.00000000 
10 2 1 
1.09700000 1.00000000 
11 2 1 
0.31800000 1.00000000 
12 2 1 
0.10000000 1.00000000 
13 3 1 
0.76100000 1.00000000 
14 3 1 
0.26800000 1.00000000 
