O-POSITRON E+ (E+-D-AUG-CC-PVQZ) BASIS TYPE:2 
# 
18 
1 0 3 
82.64000000 0.00200600 
12.41000000 0.01534300 
2.82400000 0.07557900 
2 0 1 
0.79770000 1.00000000 
3 0 1 
0.25810000 1.00000000 
4 0 1 
0.08989000 1.00000000 
5 0 1 
0.02363000 1.00000000 
6 0 1 
0.00621000 1.00000000 
7 1 1 
2.29200000 1.00000000 
8 1 1 
0.83800000 1.00000000 
9 1 1 
0.29200000 1.00000000 
10 1 1 
0.08480000 1.00000000 
11 1 1 
0.02460000 1.00000000 
12 2 1 
2.06200000 1.00000000 
13 2 1 
0.66200000 1.00000000 
14 2 1 
0.19000000 1.00000000 
15 2 1 
0.05450000 1.00000000 
16 3 1 
1.39700000 1.00000000 
17 3 1 
0.36000000 1.00000000 
18 3 1 
0.09280000 1.00000000 
