O-POSITRON E+ (F-AUG-CC-PV5Z) BASIS TYPE:2 
# (33s,13p,5d,4f,3g,2h) -> [7s,6p,5d,4f,3g,2h] 
27 
1 0 14 
2.114000E+05 2.600000E-05 
3.166000E+04 2.010000E-04 
7.202000E+03 1.056000E-03 
2.040000E+03 4.432000E-03 
6.664000E+02 1.576600E-02 
2.420000E+02 4.811200E-02 
9.553000E+01 1.232320E-01 
4.023000E+01 2.515190E-01 
1.772000E+01 3.645250E-01 
8.005000E+00 2.797660E-01 
3.538000E+00 6.354500E-02 
1.458000E+00 1.111000E-03 
5.887000E-01 1.258000E-03 
2.324000E-01 -3.500000E-05 
2 0 14 
2.114000E+05 -6.000000E-06 
3.166000E+04 -4.700000E-05 
7.202000E+03 -2.440000E-04 
2.040000E+03 -1.031000E-03 
6.664000E+02 -3.683000E-03 
2.420000E+02 -1.151300E-02 
9.553000E+01 -3.066300E-02 
4.023000E+01 -6.957200E-02 
1.772000E+01 -1.239920E-01 
8.005000E+00 -1.502140E-01 
3.538000E+00 1.646000E-02 
1.458000E+00 3.925500E-01 
5.887000E-01 5.321640E-01 
2.324000E-01 1.965240E-01 
3 0 1 
3.538000E+00 1.000000E+00 
4 0 1 
1.458000E+00 1.000000E+00 
5 0 1 
5.887000E-01 1.000000E+00 
6 0 1 
2.324000E-01 1.000000E+00 
7 0 1 
0.0806000 1.0000000 
2 1 8 
2.419000E+02 1.002000E-03 
5.717000E+01 8.054000E-03 
1.813000E+01 3.804800E-02 
6.624000E+00 1.237790E-01 
2.622000E+00 2.660600E-01 
1.057000E+00 3.717960E-01 
4.176000E-01 3.328900E-01 
1.574000E-01 1.284910E-01 
3 1 1 
2.622000E+00 1.000000E+00 
4 1 1 
1.057000E+00 1.000000E+00 
5 1 1 
4.176000E-01 1.000000E+00 
6 1 1 
1.574000E-01 1.000000E+00 
7 1 1 
0.0550000 1.0000000 
3 2 1 
7.760000E+00 1.000000E+00 
4 2 1 
3.032000E+00 1.000000E+00 
5 2 1 
1.185000E+00 1.000000E+00 
6 2 1 
4.630000E-01 1.000000E+00 
7 2 1 
0.1720000 1.0000000 
4 3 1 
5.398000E+00 1.000000E+00 
5 3 1 
2.078000E+00 1.000000E+00 
6 3 1 
8.000000E-01 1.000000E+00 
7 3 1 
0.3310000 1.0000000 
5 4 1 
4.338000E+00 1.000000E+00 
6 4 1 
1.513000E+00 1.000000E+00 
7 4 1 
0.6630000 1.0000000 
6 5 1 
2.995000E+00 1.0000000 
7 5 1 
1.3260000 1.0000000 
