O-POSITRON E+ (AUG-CC-PVQZ) BASIS TYPE: 1
# 
14
1 0 8
19500.00000000 0.00050700
2923.00000000 0.00392300
664.50000000 0.02020000
187.50000000 0.07901000
60.62000000 0.23043900
21.42000000 0.43287200
7.95000000 0.34996400
0.88150000 -0.00789200
2 0 8
19500.00000000 -0.00011700
2923.00000000 -0.00091200
664.50000000 -0.00471700
187.50000000 -0.01908600
60.62000000 -0.05965500
21.42000000 -0.14001000
7.95000000 -0.17678200
0.88150000 0.60504300
3 0 1
2.25700000 1.00000000
4 0 1
0.30410000 1.00000000
5 0 1
0.09158000 1.00000000
6 1 3
43.88000000 0.01666500
9.92600000 0.10447200
2.93000000 0.31726000
7 1 1
0.91320000 1.00000000
8 1 1
0.26720000 1.00000000
9 1 1
0.07361000 1.00000000
10 2 1
3.10700000 1.00000000
11 2 1
0.85500000 1.00000000
12 2 1
0.29200000 1.00000000
13 3 1
1.91700000 1.00000000
14 3 1
0.72400000 1.00000000


