O-POSITRON E+ (FE-AUG-CC-PV5Z) BASIS TYPE:2 
# (226s,140p,62d,5f,4g,3h,2i) -> [10s,9p,7d,5f,4g,3h,2i] 
40 
1 0 28 
1.497690E+08 8.657560E-08 
2.672250E+07 5.779120E-07 
5.959000E+06 3.351645E-06 
1.593610E+06 1.535765E-05 
4.934640E+05 5.949690E-05 
1.717900E+05 2.014152E-04 
6.562090E+04 6.149037E-04 
2.696560E+04 1.731321E-03 
1.173530E+04 4.569368E-03 
5.343430E+03 1.139791E-02 
2.522500E+03 2.686784E-02 
1.226430E+03 5.910762E-02 
6.112690E+02 1.178426E-01 
3.113080E+02 2.013762E-01 
1.616240E+02 2.660774E-01 
8.537670E+01 2.259862E-01 
4.579110E+01 9.893890E-02 
2.486770E+01 4.932559E-02 
1.362020E+01 8.604376E-02 
7.481060E+00 7.322462E-02 
4.088170E+00 2.117450E-02 
2.199050E+00 1.623143E-03 
1.148150E+00 1.197242E-06 
5.772650E-01 -5.963673E-05 
1.976350E-01 -7.981802E-07 
1.089860E-01 9.664711E-06 
5.321600E-02 9.132200E-06 
2.557100E-02 3.554072E-06 
2 0 28 
1.497690E+08 -4.466833E-08 
2.672250E+07 -2.981708E-07 
5.959000E+06 -1.729284E-06 
1.593610E+06 -7.923933E-06 
4.934640E+05 -3.070041E-05 
1.717900E+05 -1.039495E-04 
6.562090E+04 -3.175045E-04 
2.696560E+04 -8.949487E-04 
1.173530E+04 -2.367812E-03 
5.343430E+03 -5.936926E-03 
2.522500E+03 -1.414486E-02 
1.226430E+03 -3.178413E-02 
6.112690E+02 -6.604630E-02 
3.113080E+02 -1.222703E-01 
1.616240E+02 -1.886920E-01 
8.537670E+01 -2.090970E-01 
4.579110E+01 -9.698896E-02 
2.486770E+01 1.731916E-01 
1.362020E+01 4.624772E-01 
7.481060E+00 3.998340E-01 
4.088170E+00 1.152408E-01 
2.199050E+00 8.408747E-03 
1.148150E+00 -1.296910E-03 
5.772650E-01 -7.550238E-04 
1.976350E-01 -6.907416E-05 
1.089860E-01 8.777604E-05 
5.321600E-02 3.250702E-05 
2.557100E-02 2.225447E-05 
3 0 28 
1.497690E+08 1.025471E-08 
2.672250E+07 6.846679E-08 
5.959000E+06 3.969790E-07 
1.593610E+06 1.819651E-06 
4.934640E+05 7.047651E-06 
1.717900E+05 2.387774E-05 
6.562090E+04 7.291472E-05 
2.696560E+04 2.058392E-04 
1.173530E+04 5.451035E-04 
5.343430E+03 1.373278E-03 
2.522500E+03 3.293117E-03 
1.226430E+03 7.520746E-03 
6.112690E+02 1.604652E-02 
3.113080E+02 3.130265E-02 
1.616240E+02 5.252865E-02 
8.537670E+01 6.605295E-02 
4.579110E+01 3.249377E-02 
2.486770E+01 -8.476809E-02 
1.362020E+01 -2.950180E-01 
7.481060E+00 -3.709547E-01 
4.088170E+00 -3.464813E-02 
2.199050E+00 4.462486E-01 
1.148150E+00 5.717586E-01 
5.772650E-01 2.348678E-01 
1.976350E-01 1.506233E-02 
1.089860E-01 -3.437339E-03 
5.321600E-02 3.254188E-03 
2.557100E-02 1.346040E-04 
4 0 28 
1.497690E+08 -2.217427E-09 
2.672250E+07 -1.480595E-08 
5.959000E+06 -8.583901E-08 
1.593610E+06 -3.935070E-07 
4.934640E+05 -1.523883E-06 
1.717900E+05 -5.163835E-06 
6.562090E+04 -1.576558E-05 
2.696560E+04 -4.451792E-05 
1.173530E+04 -1.178620E-04 
5.343430E+03 -2.970506E-04 
2.522500E+03 -7.121500E-04 
1.226430E+03 -1.627578E-03 
6.112690E+02 -3.472813E-03 
3.113080E+02 -6.786387E-03 
1.616240E+02 -1.140447E-02 
8.537670E+01 -1.442020E-02 
4.579110E+01 -7.112199E-03 
2.486770E+01 1.875196E-02 
1.362020E+01 6.800067E-02 
7.481060E+00 8.897549E-02 
4.088170E+00 5.375665E-03 
2.199050E+00 -1.262455E-01 
1.148150E+00 -2.047776E-01 
5.772650E-01 -1.813373E-01 
1.976350E-01 8.926755E-02 
1.089860E-01 4.152351E-01 
5.321600E-02 4.980481E-01 
2.557100E-02 1.598344E-01 
5 0 28 
1.497690E+08 -4.424824E-09 
2.672250E+07 -2.930792E-08 
5.959000E+06 -1.716710E-07 
1.593610E+06 -7.773320E-07 
4.934640E+05 -3.056040E-06 
1.717900E+05 -1.016453E-05 
6.562090E+04 -3.175112E-05 
2.696560E+04 -8.719808E-05 
1.173530E+04 -2.386228E-04 
5.343430E+03 -5.786208E-04 
2.522500E+03 -1.450243E-03 
1.226430E+03 -3.150862E-03 
6.112690E+02 -7.132634E-03 
3.113080E+02 -1.299059E-02 
1.616240E+02 -2.399757E-02 
8.537670E+01 -2.606463E-02 
4.579110E+01 -2.037216E-02 
2.486770E+01 5.015681E-02 
1.362020E+01 1.171966E-01 
7.481060E+00 2.376384E-01 
4.088170E+00 -7.287353E-02 
2.199050E+00 -2.495889E-01 
1.148150E+00 -7.317222E-01 
5.772650E-01 2.562426E-01 
1.976350E-01 1.356061E+00 
1.089860E-01 5.874061E-02 
5.321600E-02 -5.623917E-01 
2.557100E-02 -5.746205E-01 
6 0 28 
1.497690E+08 -7.310611E-09 
2.672250E+07 -4.824191E-08 
5.959000E+06 -2.839212E-07 
1.593610E+06 -1.278290E-06 
4.934640E+05 -5.060659E-06 
1.717900E+05 -1.668750E-05 
6.562090E+04 -5.268054E-05 
2.696560E+04 -1.428269E-04 
1.173530E+04 -3.968842E-04 
5.343430E+03 -9.453497E-04 
2.522500E+03 -2.419017E-03 
1.226430E+03 -5.134981E-03 
6.112690E+02 -1.195244E-02 
3.113080E+02 -2.109359E-02 
1.616240E+02 -4.075824E-02 
8.537670E+01 -4.137104E-02 
4.579110E+01 -3.873370E-02 
2.486770E+01 9.345579E-02 
1.362020E+01 1.922005E-01 
7.481060E+00 4.898034E-01 
4.088170E+00 -2.420892E-01 
2.199050E+00 -8.764617E-01 
1.148150E+00 -1.074452E+00 
5.772650E-01 2.351773E+00 
1.976350E-01 5.240434E-01 
1.089860E-01 -2.251726E+00 
5.321600E-02 2.695895E-01 
2.557100E-02 9.368297E-01 
7 0 28 
1.497690E+08 9.015017E-09 
2.672250E+07 6.106675E-08 
5.959000E+06 3.475829E-07 
1.593610E+06 1.628897E-06 
4.934640E+05 6.139742E-06 
1.717900E+05 2.150851E-05 
6.562090E+04 6.302967E-05 
2.696560E+04 1.870318E-04 
1.173530E+04 4.667623E-04 
5.343430E+03 1.260398E-03 
2.522500E+03 2.793658E-03 
1.226430E+03 6.992930E-03 
6.112690E+02 1.347323E-02 
3.113080E+02 2.996288E-02 
1.616240E+02 4.304064E-02 
8.537670E+01 7.114008E-02 
4.579110E+01 9.911240E-03 
2.486770E+01 -3.635768E-02 
1.362020E+01 -4.435727E-01 
7.481060E+00 -5.159647E-01 
4.088170E+00 3.276521E-01 
2.199050E+00 2.900363E+00 
1.148150E+00 -2.838223E+00 
5.772650E-01 -1.043059E+00 
1.976350E-01 4.531665E+00 
1.089860E-01 -3.269962E+00 
5.321600E-02 -1.026061E+00 
2.557100E-02 1.462203E+00 
8 0 28 
1.497690E+08 -1.054576E-08 
2.672250E+07 -7.056298E-08 
5.959000E+06 -4.079780E-07 
1.593610E+06 -1.876538E-06 
4.934640E+05 -7.237094E-06 
1.717900E+05 -2.464974E-05 
6.562090E+04 -7.478965E-05 
2.696560E+04 -2.128281E-04 
1.173530E+04 -5.585257E-04 
5.343430E+03 -1.423420E-03 
2.522500E+03 -3.375476E-03 
1.226430E+03 -7.838124E-03 
6.112690E+02 -1.654157E-02 
3.113080E+02 -3.319364E-02 
1.616240E+02 -5.533150E-02 
8.537670E+01 -7.431718E-02 
4.579110E+01 -3.576261E-02 
2.486770E+01 9.555264E-02 
1.362020E+01 4.920463E-01 
7.481060E+00 1.209239E+00 
4.088170E+00 -2.533106E+00 
2.199050E+00 -2.327719E+00 
1.148150E+00 8.195417E+00 
5.772650E-01 -7.244881E+00 
1.976350E-01 3.129246E+00 
1.089860E-01 1.161362E+00 
5.321600E-02 -3.875824E+00 
2.557100E-02 2.059613E+00 
9 0 1 
2.557100E-02 1.000000E+00 
10 0 1 
0.0122900 1.0000000 
2 1 20 
8.694730E+04 2.000000E-06 
2.125400E+04 2.200000E-05 
6.741140E+03 1.370000E-04 
2.557160E+03 6.330000E-04 
1.093510E+03 2.428000E-03 
5.061610E+02 8.088000E-03 
2.471390E+02 2.380100E-02 
1.254150E+02 6.149000E-02 
6.565120E+01 1.338960E-01 
3.530790E+01 2.315900E-01 
1.942600E+01 3.051640E-01 
1.084380E+01 2.709610E-01 
6.043590E+00 1.290850E-01 
3.302450E+00 2.343200E-02 
1.763890E+00 -9.120000E-04 
9.213860E-01 -1.880000E-03 
4.603730E-01 -7.740000E-04 
1.836130E-01 -5.000000E-05 
7.585700E-02 -2.000000E-06 
3.114700E-02 -1.000000E-06 
3 1 20 
8.694730E+04 -1.000000E-06 
2.125400E+04 -8.000000E-06 
6.741140E+03 -4.800000E-05 
2.557160E+03 -2.230000E-04 
1.093510E+03 -8.580000E-04 
5.061610E+02 -2.874000E-03 
2.471390E+02 -8.549000E-03 
1.254150E+02 -2.252800E-02 
6.565120E+01 -5.061200E-02 
3.530790E+01 -9.085300E-02 
1.942600E+01 -1.261670E-01 
1.084380E+01 -1.087830E-01 
6.043590E+00 3.801400E-02 
3.302450E+00 2.686010E-01 
1.763890E+00 4.011180E-01 
9.213860E-01 3.201590E-01 
4.603730E-01 1.178280E-01 
1.836130E-01 1.032100E-02 
7.585700E-02 -2.070000E-04 
3.114700E-02 2.100000E-04 
4 1 20 
8.694730E+04 1.000000E-06 
2.125400E+04 5.000000E-06 
6.741140E+03 3.500000E-05 
2.557160E+03 1.480000E-04 
1.093510E+03 6.300000E-04 
5.061610E+02 1.913000E-03 
2.471390E+02 6.282000E-03 
1.254150E+02 1.502500E-02 
6.565120E+01 3.767000E-02 
3.530790E+01 5.952100E-02 
1.942600E+01 1.023020E-01 
1.084380E+01 6.671600E-02 
6.043590E+00 -4.698000E-03 
3.302450E+00 -3.942540E-01 
1.763890E+00 -4.102480E-01 
9.213860E-01 -1.014100E-02 
4.603730E-01 1.189173E+00 
1.836130E-01 -4.768800E-02 
7.585700E-02 -7.406230E-01 
3.114700E-02 -1.342700E-02 
5 1 20 
8.694730E+04 1.000000E-06 
2.125400E+04 8.000000E-06 
6.741140E+03 3.900000E-05 
2.557160E+03 2.240000E-04 
1.093510E+03 6.930000E-04 
5.061610E+02 2.880000E-03 
2.471390E+02 6.944000E-03 
1.254150E+02 2.274700E-02 
6.565120E+01 4.062500E-02 
3.530790E+01 9.665800E-02 
1.942600E+01 9.220400E-02 
1.084380E+01 2.132970E-01 
6.043590E+00 -2.060540E-01 
3.302450E+00 -6.970400E-01 
1.763890E+00 -5.861790E-01 
9.213860E-01 2.095397E+00 
4.603730E-01 -6.206040E-01 
1.836130E-01 -1.276103E+00 
7.585700E-02 1.094944E+00 
3.114700E-02 3.099900E-02 
6 1 20 
8.694730E+04 1.000000E-06 
2.125400E+04 1.000000E-05 
6.741140E+03 5.700000E-05 
2.557160E+03 2.980000E-04 
1.093510E+03 1.024000E-03 
5.061610E+02 3.848000E-03 
2.471390E+02 1.031900E-02 
1.254150E+02 3.071100E-02 
6.565120E+01 6.179900E-02 
3.530790E+01 1.300020E-01 
1.942600E+01 1.521010E-01 
1.084380E+01 3.802740E-01 
6.043590E+00 -8.124970E-01 
3.302450E+00 -1.533676E+00 
1.763890E+00 2.745308E+00 
9.213860E-01 -1.935220E-01 
4.603730E-01 -2.151771E+00 
1.836130E-01 2.200539E+00 
7.585700E-02 -1.019177E+00 
3.114700E-02 -9.250300E-02 
7 1 19 
2.125400E+04 2.000000E-06 
6.741140E+03 1.100000E-05 
2.557160E+03 4.900000E-05 
1.093510E+03 1.900000E-04 
5.061610E+02 6.290000E-04 
2.471390E+02 1.896000E-03 
1.254150E+02 4.940000E-03 
6.565120E+01 1.128400E-02 
3.530790E+01 1.997500E-02 
1.942600E+01 2.865200E-02 
1.084380E+01 2.344700E-02 
6.043590E+00 -1.015700E-02 
3.302450E+00 -7.378100E-02 
1.763890E+00 -1.060330E-01 
9.213860E-01 -1.072140E-01 
4.603730E-01 3.888700E-02 
1.836130E-01 3.560020E-01 
7.585700E-02 5.256190E-01 
3.114700E-02 2.288990E-01 
8 1 19 
2.125400E+04 3.000000E-06 
6.741140E+03 1.600000E-05 
2.557160E+03 7.200000E-05 
1.093510E+03 2.850000E-04 
5.061610E+02 9.310000E-04 
2.471390E+02 2.837000E-03 
1.254150E+02 7.309000E-03 
6.565120E+01 1.689000E-02 
3.530790E+01 2.948800E-02 
1.942600E+01 4.331500E-02 
1.084380E+01 3.426200E-02 
6.043590E+00 -1.264200E-02 
3.302450E+00 -1.153800E-01 
1.763890E+00 -1.597990E-01 
9.213860E-01 -1.624660E-01 
4.603730E-01 1.157490E-01 
1.836130E-01 6.334080E-01 
7.585700E-02 3.848220E-01 
3.114700E-02 1.384300E-02 
9 1 1 
3.114700E-02 1.000000E+00 
10 1 1 
0.0127900 1.0000000 
3 2 12 
4.891150E+02 1.610000E-04 
1.472080E+02 1.504000E-03 
5.712780E+01 8.264000E-03 
2.504290E+01 3.030800E-02 
1.166720E+01 8.331000E-02 
5.682500E+00 1.734770E-01 
2.813250E+00 2.614830E-01 
1.377330E+00 2.996800E-01 
6.565340E-01 2.695640E-01 
3.007000E-01 1.786260E-01 
1.301870E-01 6.919500E-02 
5.158200E-02 7.464000E-03 
4 2 12 
4.891150E+02 -1.770000E-04 
1.472080E+02 -1.662000E-03 
5.712780E+01 -9.167000E-03 
2.504290E+01 -3.381300E-02 
1.166720E+01 -9.525300E-02 
5.682500E+00 -2.009730E-01 
2.813250E+00 -2.716650E-01 
1.377330E+00 -1.618990E-01 
6.565340E-01 1.633340E-01 
3.007000E-01 4.360160E-01 
1.301870E-01 3.688740E-01 
5.158200E-02 7.722600E-02 
5 2 12 
4.891150E+02 2.550000E-04 
1.472080E+02 2.417000E-03 
5.712780E+01 1.336000E-02 
2.504290E+01 5.011300E-02 
1.166720E+01 1.462150E-01 
5.682500E+00 3.074050E-01 
2.813250E+00 2.670510E-01 
1.377330E+00 -2.621310E-01 
6.565340E-01 -6.319990E-01 
3.007000E-01 -2.516000E-03 
1.301870E-01 6.017010E-01 
5.158200E-02 1.820430E-01 
6 2 12 
4.891150E+02 -3.430000E-04 
1.472080E+02 -3.370000E-03 
5.712780E+01 -1.824500E-02 
2.504290E+01 -7.077200E-02 
1.166720E+01 -2.178620E-01 
5.682500E+00 -4.774330E-01 
2.813250E+00 1.101250E-01 
1.377330E+00 1.016616E+00 
6.565340E-01 -3.807830E-01 
3.007000E-01 -8.475000E-01 
1.301870E-01 5.934410E-01 
5.158200E-02 2.794530E-01 
7 2 12 
4.891150E+02 -4.800000E-04 
1.472080E+02 -4.114000E-03 
5.712780E+01 -2.512800E-02 
2.504290E+01 -9.087600E-02 
1.166720E+01 -3.569300E-01 
5.682500E+00 -4.983040E-01 
2.813250E+00 1.287022E+00 
1.377330E+00 -1.020050E-01 
6.565340E-01 -1.453025E+00 
3.007000E-01 1.420376E+00 
1.301870E-01 -2.129640E-01 
5.158200E-02 -5.008240E-01 
8 2 1 
5.158200E-02 1.000000E+00 
9 2 1 
0.0204400 1.0000000 
4 3 1 
7.538400E+00 1.000000E+00 
5 3 1 
2.622900E+00 1.000000E+00 
6 3 1 
9.126000E-01 1.000000E+00 
7 3 1 
3.175000E-01 1.000000E+00 
8 3 1 
0.1066600 1.0000000 
5 4 1 
5.832400E+00 1.000000E+00 
6 4 1 
1.970400E+00 1.000000E+00 
7 4 1 
6.657000E-01 1.000000E+00 
8 4 1 
0.2453900 1.0000000 
6 5 1 
4.260000E+00 1.000000E+00 
7 5 1 
1.315600E+00 1.000000E+00 
8 5 1 
0.5286200 1.0000000 
7 6 1 
3.150200E+00 1.0000000 
8 6 1 
1.4049900 1.0000000 
