O-POSITRON E+ (FE-DEF2-TZVPPD-AUX-DIF) BASIS TYPE:2 
# 
28 
1 0 8 
300784.84637000 0.00022806 
45088.97055700 0.00176818 
10262.51631700 0.00919271 
2905.28972930 0.03735550 
946.11487137 0.12151108 
339.87832894 0.28818881 
131.94425588 0.41126613 
52.11149408 0.21518584 
2 0 4 
329.48839267 -0.02474522 
101.92332739 -0.11683089 
16.24046274 0.55293621 
6.88406758 0.53601640 
3 0 2 
10.47069378 -0.22912709 
1.73600396 0.71159320 
4 0 1 
0.72577289 1.00000000 
5 0 1 
0.11595528 1.00000000 
6 0 1 
0.04196823 1.00000000 
7 1 6 
1585.39599700 0.00237940 
375.38006499 0.01925315 
120.31816501 0.09002184 
44.78874903 0.25798172 
17.82927858 0.41492650 
7.22471538 0.24207475 
8 1 3 
28.14321976 -0.02904176 
3.87432414 0.55312260 
1.54107523 0.96771137 
9 1 1 
0.58285615 1.00000000 
10 1 1 
0.22040000 1.00000000 
11 1 1 
0.08338000 1.00000000 
12 1 1 
0.03265919 1.00000000 
13 2 4 
61.99667503 0.01197197 
17.87373255 0.07321014 
6.27447829 0.23103094 
2.35523372 0.39910706 
14 2 1 
0.85432240 1.00000000 
15 2 1 
0.27869254 1.00000000 
16 2 1 
0.09100000 1.00000000 
17 3 1 
3.46500000 1.00000000 
18 3 1 
0.84300000 1.00000000 
19 4 1 
2.12800000 1.00000000 
1 0 1 
0.013271519 1.0 
2 0 1 
0.004196823 1.0 
3 0 1 
0.001327152 1.0 
5 1 1 
0.010327744 1.0 
6 1 1 
0.003265919 1.0 
7 1 1 
0.001032774 1.0 
9 2 1 
0.028776727 1.0 
10 2 1 
0.009100000 1.0 
11 2 1 
0.002877673 1.0 
