O-POSITRON E+ (FE-AUG-CC-PVTZ) BASIS TYPE:2 
# 
25 
1 0 19 
4316265.00000000 0.00000805 
646342.40000000 0.00006258 
147089.70000000 0.00032902 
41661.52000000 0.00138736 
13590.77000000 0.00502326 
4905.75000000 0.01610140 
1912.74600000 0.04590034 
792.60430000 0.11361540 
344.80650000 0.22838690 
155.89990000 0.32211590 
72.23091000 0.23836610 
32.72506000 0.07404667 
15.66762000 0.09214197 
7.50348300 0.09339790 
3.31222300 0.01573965 
1.55847100 -0.00041867 
0.68391400 0.00005376 
0.14675700 -0.00003817 
0.07058300 0.00004320 
2 0 19 
4316265.00000000 -0.00000416 
646342.40000000 -0.00003231 
147089.70000000 -0.00016995 
41661.52000000 -0.00071714 
13590.77000000 -0.00260363 
4905.75000000 -0.00839911 
1912.74600000 -0.02434109 
792.60430000 -0.06251948 
344.80650000 -0.13659290 
155.89990000 -0.23127070 
72.23091000 -0.23837340 
32.72506000 0.03123837 
15.66762000 0.50868180 
7.50348300 0.49876950 
3.31222300 0.09033552 
1.55847100 -0.00600534 
0.68391400 0.00023125 
0.14675700 -0.00056437 
0.07058300 0.00049923 
3 0 19 
4316265.00000000 0.00000095 
646342.40000000 0.00000741 
147089.70000000 0.00003898 
41661.52000000 0.00016472 
13590.77000000 0.00059860 
4905.75000000 0.00194239 
1912.74600000 0.00568724 
792.60430000 0.01501329 
344.80650000 0.03452455 
155.89990000 0.06495820 
72.23091000 0.07716194 
32.72506000 -0.01873411 
15.66762000 -0.30091850 
7.50348300 -0.45546610 
3.31222300 0.12864630 
1.55847100 0.71833160 
0.68391400 0.40517430 
0.14675700 0.02168227 
0.07058300 -0.00834357 
4 0 19 
4316265.00000000 -0.00000021 
646342.40000000 -0.00000160 
147089.70000000 -0.00000844 
41661.52000000 -0.00003563 
13590.77000000 -0.00012960 
4905.75000000 -0.00042015 
1912.74600000 -0.00123195 
792.60430000 -0.00324892 
344.80650000 -0.00749372 
155.89990000 -0.01410102 
72.23091000 -0.01691600 
32.72506000 0.00421900 
15.66762000 0.06833810 
7.50348300 0.10982010 
3.31222300 -0.04009005 
1.55847100 -0.21747390 
0.68391400 -0.24651350 
0.14675700 0.27314350 
0.07058300 0.57483210 
5 0 19 
4316265.00000000 -0.00000040 
646342.40000000 -0.00000319 
147089.70000000 -0.00001623 
41661.52000000 -0.00007158 
13590.77000000 -0.00024640 
4905.75000000 -0.00085449 
1912.74600000 -0.00230759 
792.60430000 -0.00672829 
344.80650000 -0.01366165 
155.89990000 -0.03062240 
72.23091000 -0.02631137 
32.72506000 -0.00976018 
15.66762000 0.18019060 
7.50348300 0.15296340 
3.31222300 0.05505413 
1.55847100 -0.95513640 
0.68391400 0.25868130 
0.14675700 1.83404900 
0.07058300 -0.93332400 
6 0 19 
4316265.00000000 -0.00000070 
646342.40000000 -0.00000557 
147089.70000000 -0.00002814 
41661.52000000 -0.00012524 
13590.77000000 -0.00042608 
4905.75000000 -0.00149906 
1912.74600000 -0.00397910 
792.60430000 -0.01185686 
344.80650000 -0.02346734 
155.89990000 -0.05467736 
72.23091000 -0.04393820 
32.72506000 -0.02376103 
15.66762000 0.34359280 
7.50348300 0.31929600 
3.31222300 -0.13432070 
1.55847100 -2.22102000 
0.68391400 2.57114200 
0.14675700 -0.22924040 
0.07058300 -1.83245200 
7 0 1 
0.03144900 1.00000000 
8 0 1 
0.01401000 1.00000000 
9 1 15 
17745.69000000 0.00004100 
4200.72100000 0.00036900 
1364.42900000 0.00212900 
522.08060000 0.00936900 
221.45950000 0.03309700 
100.90960000 0.09443100 
48.40115000 0.20807700 
23.98536000 0.33233300 
12.18250000 0.33298700 
6.24229800 0.15684300 
3.11094400 0.02154900 
1.50995800 -0.00209500 
0.71084500 -0.00173900 
0.27319000 -0.00030000 
0.10423300 0.00002900 
10 1 15 
17745.69000000 -0.00001500 
4200.72100000 -0.00013000 
1364.42900000 -0.00075100 
522.08060000 -0.00332900 
221.45950000 -0.01191200 
100.90960000 -0.03493300 
48.40115000 -0.07998900 
23.98536000 -0.13463600 
12.18250000 -0.13859800 
6.24229800 0.03027800 
3.11094400 0.33321600 
1.50995800 0.45615300 
0.71084500 0.28505100 
0.27319000 0.04614400 
0.10423300 -0.00324900 
11 1 15 
17745.69000000 0.00000300 
4200.72100000 0.00002900 
1364.42900000 0.00016500 
522.08060000 0.00073400 
221.45950000 0.00262600 
100.90960000 0.00772500 
48.40115000 0.01773300 
23.98536000 0.03005500 
12.18250000 0.03109400 
6.24229800 -0.01004800 
3.11094400 -0.08830600 
1.50995800 -0.12982400 
0.71084500 -0.07693700 
0.27319000 0.21266100 
0.10423300 0.57306100 
12 1 15 
17745.69000000 0.00000500 
4200.72100000 0.00004200 
1364.42900000 0.00024100 
522.08060000 0.00108500 
221.45950000 0.00383100 
100.90960000 0.01142300 
48.40115000 0.02579200 
23.98536000 0.04481800 
12.18250000 0.04459800 
6.24229800 -0.01117700 
3.11094400 -0.13813400 
1.50995800 -0.18828500 
0.71084500 -0.10739900 
0.27319000 0.44486300 
0.10423300 0.64023900 
13 1 15 
17745.69000000 0.00001100 
4200.72100000 0.00008700 
1364.42900000 0.00054100 
522.08060000 0.00222600 
221.45950000 0.00859300 
100.90960000 0.02333900 
48.40115000 0.05884400 
23.98536000 0.08828900 
12.18250000 0.12319200 
6.24229800 -0.06318600 
3.11094400 -0.35490200 
1.50995800 -0.61970800 
0.71084500 0.81298600 
0.27319000 0.81911800 
0.10423300 -0.90170500 
14 1 1 
0.03829100 1.00000000 
15 1 1 
0.01407000 1.00000000 
16 2 7 
113.34400000 0.00353000 
33.64140000 0.02578400 
12.33100000 0.09911900 
4.99478000 0.23907300 
2.07280000 0.35719900 
0.83075300 0.36218800 
0.30917800 0.23646100 
17 2 7 
113.34400000 -0.00389000 
33.64140000 -0.02844200 
12.33100000 -0.11242900 
4.99478000 -0.27425700 
2.07280000 -0.31554600 
0.83075300 0.05710900 
0.30917800 0.56360400 
18 2 7 
113.34400000 0.00569500 
33.64140000 0.04200100 
12.33100000 0.17354000 
4.99478000 0.41015700 
2.07280000 0.11325200 
0.83075300 -0.76968000 
0.30917800 -0.03164300 
19 2 1 
0.10013000 1.00000000 
20 2 1 
0.03243000 1.00000000 
21 3 1 
3.27580000 1.00000000 
22 3 1 
0.79200000 1.00000000 
23 3 1 
0.27490000 1.00000000 
24 4 1 
2.08970000 1.00000000 
25 4 1 
0.78716000 1.00000000 
