O-POSITRON E+ (E+-F-9SP-AUG-CC-PVDZ) BASIS TYPE: 2
#
18
1 0 1
0.00098630 1.00000000
2 0 1
0.00311895 1.00000000
3 0 1
0.00986300 1.00000000
4 0 1
0.03118954 1.00000000
5 0 1
0.09863000 1.00000000
6 0 1
0.31189545 1.00000000
7 0 1
0.98630000 1.00000000
8 0 1
3.11895446 1.00000000
9 0 1
9.86300000 1.00000000
10 1 1
0.00085020 1.00000000
11 1 1
0.00268857 1.00000000
12 1 1
0.00850200 1.00000000
13 1 1
0.02688568 1.00000000
14 1 1
0.08502000 1.00000000
15 1 1
0.26885685 1.00000000
16 1 1
0.85020000 1.00000000
17 1 1
2.68856847 1.00000000
18 1 1
8.50200000 1.00000000

O-POSITRON E+A (E+-F-9SPD-AUG-CC-PVDZ) BASIS TYPE: 2
#
18
1 0 1
0.00098630 1.00000000
2 0 1
0.00311895 1.00000000
3 0 1
0.00986300 1.00000000
4 0 1
0.03118954 1.00000000
5 0 1
0.09863000 1.00000000
6 0 1
0.31189545 1.00000000
7 0 1
0.98630000 1.00000000
8 0 1
3.11895446 1.00000000
9 0 1
9.86300000 1.00000000
10 1 1
0.00085020 1.00000000
11 1 1
0.00268857 1.00000000
12 1 1
0.00850200 1.00000000
13 1 1
0.02688568 1.00000000
14 1 1
0.08502000 1.00000000
15 1 1
0.26885685 1.00000000
16 1 1
0.85020000 1.00000000
17 1 1
2.68856847 1.00000000
18 1 1
8.50200000 1.00000000
