O-POSITRON E+ (F-DEF2-TZVPPTD) BASIS TYPE:2 
# 
20 
1 0 6 
35479.10044100 0.00021545 
5318.47289830 0.00167007 
1210.48109750 0.00867332 
342.85518140 0.03504993 
112.01943181 0.11165320 
40.71474025 0.25988507 
2 0 2 
16.03967811 0.39422967 
6.50381867 0.24998239 
3 0 1 
1.54404775 1.00000000 
4 0 1 
0.61223453 1.00000000 
5 0 1 
0.24027980 1.00000000 
6 0 1 
0.09091845 1.00000000 
7 1 4 
80.23390048 0.00636860 
18.59401074 0.04430314 
5.68679027 0.16867249 
1.95110063 0.36166346 
8 1 1 
0.66970211 1.00000000 
9 1 1 
0.21651300 1.00000000 
10 1 1 
0.05961328 1.00000000 
11 2 1 
3.10700000 1.00000000 
12 2 1 
0.85500000 1.00000000 
13 2 1 
0.18608388 1.00000000 
14 3 1 
1.91700000 1.00000000 
1 0 1 
0.02875094 1.0 
2 0 1 
0.00909184 1.0 
3 1 1 
0.01885137 1.0 
4 1 1 
0.00596133 1.0 
5 2 1 
0.05884489 1.0 
6 2 1 
0.01860839 1.0 
