O-POSITRON E+ (AUG-CC-PVDZ) BASIS TYPE: 1
# 
9
1 0 8
14710.00000000 0.00072100
2207.00000000 0.00555300
502.80000000 0.02826700
142.60000000 0.10644400
46.47000000 0.28681400
16.70000000 0.44864100
6.35600000 0.26476100
1.31600000 0.01533300
2 0 8
14710.00000000 -0.00016500
2207.00000000 -0.00130800
502.80000000 -0.00649500
142.60000000 -0.02669100
46.47000000 -0.07369000
16.70000000 -0.17077600
6.35600000 -0.11232700
1.31600000 0.56281400
3 0 1
0.38970000 1.00000000
4 0 1
0.09863000 1.00000000
5 1 3
22.67000000 0.04487800
4.97700000 0.23571800
1.34700000 0.50852100
6 1 1
0.34710000 1.00000000
7 1 1
0.08502000 1.00000000
8 2 1
1.64000000 1.00000000
9 2 1
0.46400000 1.00000000

