O-POSITRON E+ (E+-F-3SPD-AUG-CC-PVDZ) BASIS TYPE: 2
#
9
1 0 1
0.03118954 1.00000000
2 0 1
0.09863000 1.00000000
3 0 1
0.31189545 1.00000000
4 1 1
0.02688568 1.00000000
5 1 1
0.08502000 1.00000000
6 1 1
0.26885685 1.00000000
7 2 1
0.14672968 1.00000000
8 2 1
0.46400000 1.00000000
9 2 1
1.46729683 1.00000000

O-POSITRON E+A (E+-F-3SPD-AUG-CC-PVDZ) BASIS TYPE: 2
#
9
1 0 1
0.03118954 1.00000000
2 0 1
0.09863000 1.00000000
3 0 1
0.31189545 1.00000000
4 1 1
0.02688568 1.00000000
5 1 1
0.08502000 1.00000000
6 1 1
0.26885685 1.00000000
7 2 1
0.14672968 1.00000000
8 2 1
0.46400000 1.00000000
9 2 1
1.46729683 1.00000000
