O-POSITRON E+ (F-D-AUG-CC-PVQZ) BASIS TYPE:2 
# 
25 
1 0 9 
74530.00000000 0.00009500 
11170.00000000 0.00073800 
2543.00000000 0.00385800 
721.00000000 0.01592600 
235.90000000 0.05428900 
85.60000000 0.14951300 
33.55000000 0.30825200 
13.93000000 0.39485300 
5.91500000 0.21103100 
2 0 9 
74530.00000000 -0.00002200 
11170.00000000 -0.00017200 
2543.00000000 -0.00089100 
721.00000000 -0.00374800 
235.90000000 -0.01286200 
85.60000000 -0.03806100 
33.55000000 -0.08623900 
13.93000000 -0.15586500 
5.91500000 -0.11091400 
3 0 1 
1.84300000 1.00000000 
4 0 1 
0.71240000 1.00000000 
5 0 1 
0.26370000 1.00000000 
6 0 1 
0.08594000 1.00000000 
7 0 1 
0.02800000 1.00000000 
8 1 3 
80.39000000 0.00634700 
18.63000000 0.04420400 
5.69400000 0.16851400 
9 1 1 
1.95300000 1.00000000 
10 1 1 
0.67020000 1.00000000 
11 1 1 
0.21660000 1.00000000 
12 1 1 
0.06568000 1.00000000 
13 1 1 
0.01990000 1.00000000 
14 2 1 
5.01400000 1.00000000 
15 2 1 
1.72500000 1.00000000 
16 2 1 
0.58600000 1.00000000 
17 2 1 
0.20700000 1.00000000 
18 2 1 
0.07310000 1.00000000 
19 3 1 
3.56200000 1.00000000 
20 3 1 
1.14800000 1.00000000 
21 3 1 
0.46000000 1.00000000 
22 3 1 
0.18400000 1.00000000 
23 4 1 
2.37600000 1.00000000 
24 4 1 
0.92400000 1.00000000 
25 4 1 
0.35900000 1.00000000 
