O-POSITRON E+ (GA-AUG-CC-PVDZ) BASIS TYPE:2 
# 
14 
1 0 13 
485130.00000000 0.00020680 
72719.00000000 0.00160470 
16552.00000000 0.00834020 
4687.80000000 0.03402480 
1529.10000000 0.11116990 
551.81000000 0.27539300 
215.18000000 0.42126280 
88.17400000 0.27389060 
27.15400000 0.02837200 
11.50300000 -0.00629310 
3.30180000 0.00206060 
1.33140000 -0.00092690 
0.19316000 0.00022730 
2 0 13 
485130.00000000 -0.00006430 
72719.00000000 -0.00049540 
16552.00000000 -0.00262080 
4687.80000000 -0.01068390 
1529.10000000 -0.03741230 
551.81000000 -0.10096360 
215.18000000 -0.21451410 
88.17400000 -0.17522970 
27.15400000 0.48315990 
11.50300000 0.63236770 
3.30180000 0.06849420 
1.33140000 -0.01187120 
0.19316000 0.00266520 
3 0 13 
485130.00000000 0.00002450 
72719.00000000 0.00018950 
16552.00000000 0.00099640 
4687.80000000 0.00410820 
1529.10000000 0.01429380 
551.81000000 0.03980340 
215.18000000 0.08559400 
88.17400000 0.07963050 
27.15400000 -0.29391070 
11.50300000 -0.52639140 
3.30180000 0.58642490 
1.33140000 0.67263470 
0.19316000 0.02761230 
4 0 13 
485130.00000000 -0.00000570 
72719.00000000 -0.00004400 
16552.00000000 -0.00023050 
4687.80000000 -0.00095440 
1529.10000000 -0.00330550 
551.81000000 -0.00928880 
215.18000000 -0.01986440 
88.17400000 -0.01908880 
27.15400000 0.07323560 
11.50300000 0.13415260 
3.30180000 -0.18319290 
1.33140000 -0.35713080 
0.19316000 0.62460130 
5 0 1 
0.07089500 1.00000000 
6 0 1 
0.02434800 1.00000000 
7 1 10 
3248.60000000 0.00152600 
769.97000000 0.01274860 
248.20000000 0.06337420 
93.36400000 0.20657750 
38.25100000 0.40929630 
16.42200000 0.39191830 
6.79180000 0.10294410 
2.83360000 -0.00072030 
1.10620000 0.00209500 
0.22250000 -0.00032900 
8 1 10 
3248.60000000 -0.00058030 
769.97000000 -0.00486470 
248.20000000 -0.02483940 
93.36400000 -0.08417590 
38.25100000 -0.18008850 
16.42200000 -0.15855550 
6.79180000 0.23553760 
2.83360000 0.58205870 
1.10620000 0.33666190 
0.22250000 0.01719120 
9 1 10 
3248.60000000 0.00009500 
769.97000000 0.00078320 
248.20000000 0.00408550 
93.36400000 0.01359870 
38.25100000 0.03026950 
16.42200000 0.02417900 
6.79180000 -0.04237770 
2.83360000 -0.12656610 
1.10620000 -0.04994440 
0.22250000 0.44941990 
10 1 1 
0.06177200 1.00000000 
11 1 1 
0.01516400 1.00000000 
12 2 5 
65.33700000 0.02738250 
18.49700000 0.15108050 
6.31500000 0.37492170 
2.16350000 0.47507990 
0.66675000 0.29827500 
13 2 1 
0.18840000 1.00000000 
14 2 1 
0.05370000 1.00000000 
