O-POSITRON E+ (GE-AUG-CC-PV5Z) BASIS TYPE:2 
# (109s,56p,17d,4f,3g,2h) -> [9s,8p,6d,4f,3g,2h] 
32 
1 0 26 
1.220012E+08 2.200000E-07 
1.825747E+07 1.750000E-06 
4.150822E+06 9.200000E-06 
1.174102E+06 3.899000E-05 
3.823092E+05 1.428000E-04 
1.376080E+05 4.703000E-04 
5.341924E+04 1.426700E-03 
2.200576E+04 4.043400E-03 
9.513848E+03 1.077320E-02 
4.284176E+03 2.692730E-02 
1.999166E+03 6.223740E-02 
9.632472E+02 1.290382E-01 
4.778050E+02 2.267312E-01 
2.433159E+02 3.048903E-01 
1.266400E+02 2.617662E-01 
6.678358E+01 1.076348E-01 
3.441608E+01 1.262340E-02 
1.837281E+01 3.918000E-04 
9.805461E+00 8.120000E-05 
4.969403E+00 -4.890000E-05 
2.548623E+00 -3.170000E-05 
1.284594E+00 -1.090000E-06 
5.833530E-01 -2.970000E-06 
2.934390E-01 1.850000E-06 
1.326720E-01 -5.400000E-07 
5.923900E-02 1.800000E-07 
2 0 26 
1.220012E+08 -7.000000E-08 
1.825747E+07 -5.400000E-07 
4.150822E+06 -2.860000E-06 
1.174102E+06 -1.213000E-05 
3.823092E+05 -4.443000E-05 
1.376080E+05 -1.464000E-04 
5.341924E+04 -4.447000E-04 
2.200576E+04 -1.263700E-03 
9.513848E+03 -3.392000E-03 
4.284176E+03 -8.597900E-03 
1.999166E+03 -2.049640E-02 
9.632472E+02 -4.505710E-02 
4.778050E+02 -8.879220E-02 
2.433159E+02 -1.466299E-01 
1.266400E+02 -1.743140E-01 
6.678358E+01 -6.116560E-02 
3.441608E+01 2.716690E-01 
1.837281E+01 5.280226E-01 
9.805461E+00 3.240138E-01 
4.969403E+00 5.441770E-02 
2.548623E+00 1.446300E-03 
1.284594E+00 1.424800E-03 
5.833530E-01 -2.840000E-04 
2.934390E-01 1.585000E-04 
1.326720E-01 -6.560000E-05 
5.923900E-02 1.400000E-05 
3 0 26 
1.220012E+08 3.000000E-08 
1.825747E+07 2.100000E-07 
4.150822E+06 1.100000E-06 
1.174102E+06 4.670000E-06 
3.823092E+05 1.713000E-05 
1.376080E+05 5.640000E-05 
5.341924E+04 1.715000E-04 
2.200576E+04 4.872000E-04 
9.513848E+03 1.309700E-03 
4.284176E+03 3.323200E-03 
1.999166E+03 7.959100E-03 
9.632472E+02 1.760970E-02 
4.778050E+02 3.525760E-02 
2.433159E+02 5.976870E-02 
1.266400E+02 7.474060E-02 
6.678358E+01 2.778630E-02 
3.441608E+01 -1.472878E-01 
1.837281E+01 -3.974202E-01 
9.805461E+00 -3.205666E-01 
4.969403E+00 2.331968E-01 
2.548623E+00 6.424890E-01 
1.284594E+00 3.966684E-01 
5.833530E-01 4.476960E-02 
2.934390E-01 -2.605000E-03 
1.326720E-01 9.357000E-04 
5.923900E-02 -1.133000E-04 
4 0 26 
1.220012E+08 -7.000000E-09 
1.825747E+07 -5.400000E-08 
4.150822E+06 -2.830000E-07 
1.174102E+06 -1.120000E-06 
3.823092E+05 -4.391000E-06 
1.376080E+05 -1.446100E-05 
5.341924E+04 -4.396500E-05 
2.200576E+04 -1.249000E-04 
9.513848E+03 -3.358000E-04 
4.284176E+03 -8.525000E-04 
1.999166E+03 -2.042400E-03 
9.632472E+02 -4.524500E-03 
4.778050E+02 -9.074400E-03 
2.433159E+02 -1.544830E-02 
1.266400E+02 -1.943380E-02 
6.678358E+01 -7.328900E-03 
3.441608E+01 3.964850E-02 
1.837281E+01 1.121796E-01 
9.805461E+00 9.356860E-02 
4.969403E+00 -8.064590E-02 
2.548623E+00 -2.501109E-01 
1.284594E+00 -2.978099E-01 
5.833530E-01 -2.201710E-02 
2.934390E-01 4.723134E-01 
1.326720E-01 5.692216E-01 
5.923900E-02 1.642498E-01 
5 0 1 
5.833530E-01 1.000000E+00 
6 0 1 
2.934390E-01 1.000000E+00 
7 0 1 
1.326720E-01 1.000000E+00 
8 0 1 
5.923900E-02 1.000000E+00 
9 0 1 
0.0242740 1.0000000 
2 1 17 
3.231497E+04 3.160000E-05 
7.648200E+03 2.820000E-04 
2.484211E+03 1.635300E-03 
9.510031E+02 7.286400E-03 
4.040483E+02 2.629310E-02 
1.846035E+02 7.759430E-02 
8.896413E+01 1.803653E-01 
4.444774E+01 3.095354E-01 
2.279907E+01 3.454752E-01 
1.183593E+01 1.963290E-01 
6.011294E+00 4.090680E-02 
2.995784E+00 2.419700E-03 
1.469570E+00 8.003000E-04 
6.906810E-01 -1.860000E-05 
2.861600E-01 4.180000E-05 
1.177420E-01 -1.980000E-05 
4.738500E-02 4.700000E-06 
3 1 17 
3.231497E+04 -1.220000E-05 
7.648200E+03 -1.084000E-04 
2.484211E+03 -6.311000E-04 
9.510031E+02 -2.824300E-03 
4.040483E+02 -1.033170E-02 
1.846035E+02 -3.121020E-02 
8.896413E+01 -7.559540E-02 
4.444774E+01 -1.362944E-01 
2.279907E+01 -1.590150E-01 
1.183593E+01 -1.498050E-02 
6.011294E+00 2.868225E-01 
2.995784E+00 4.626656E-01 
1.469570E+00 3.168505E-01 
6.906810E-01 6.853800E-02 
2.861600E-01 1.909100E-03 
1.177420E-01 6.800000E-04 
4.738500E-02 -7.750000E-05 
4 1 17 
3.231497E+04 2.400000E-06 
7.648200E+03 2.140000E-05 
2.484211E+03 1.243000E-04 
9.510031E+02 5.589000E-04 
4.040483E+02 2.038300E-03 
1.846035E+02 6.201600E-03 
8.896413E+01 1.501060E-02 
4.444774E+01 2.741270E-02 
2.279907E+01 3.177960E-02 
1.183593E+01 9.228000E-04 
6.011294E+00 -6.983420E-02 
2.995784E+00 -1.119600E-01 
1.469570E+00 -9.935650E-02 
6.906810E-01 5.773180E-02 
2.861600E-01 3.739574E-01 
1.177420E-01 5.116553E-01 
4.738500E-02 2.153521E-01 
5 1 1 
6.906810E-01 1.000000E+00 
6 1 1 
2.861600E-01 1.000000E+00 
7 1 1 
1.177420E-01 1.000000E+00 
8 1 1 
4.738500E-02 1.000000E+00 
9 1 1 
0.0175930 1.0000000 
3 2 12 
1.226798E+03 7.630000E-05 
3.712322E+02 7.425000E-04 
1.448910E+02 4.375600E-03 
6.460413E+01 1.792570E-02 
3.103974E+01 5.392530E-02 
1.564387E+01 1.257191E-01 
8.125822E+00 2.191566E-01 
4.239762E+00 2.860662E-01 
2.186386E+00 2.896504E-01 
1.103871E+00 2.159698E-01 
5.338110E-01 9.761640E-02 
2.313550E-01 1.676540E-02 
4 2 1 
1.103871E+00 1.000000E+00 
5 2 1 
5.338110E-01 1.000000E+00 
6 2 1 
2.313550E-01 1.000000E+00 
7 2 1 
9.530000E-02 1.000000E+00 
8 2 1 
0.0364000 1.0000000 
4 3 1 
6.709000E-01 1.000000E+00 
5 3 1 
3.297000E-01 1.000000E+00 
6 3 1 
1.630000E-01 1.000000E+00 
7 3 1 
0.0705000 1.0000000 
5 4 1 
7.034000E-01 1.000000E+00 
6 4 1 
3.160000E-01 1.000000E+00 
7 4 1 
0.1460000 1.0000000 
6 5 1 
5.815000E-01 1.0000000 
7 5 1 
0.3200000 1.0000000 
