O-POSITRON E+ (GE-DEF2-TZVPPD-AUX-DIF) BASIS TYPE:2 
# 
24 
1 0 8 
466115.00592000 0.00022487 
69875.42076200 0.00174354 
15903.27671600 0.00906915 
4501.82334530 0.03690617 
1466.05709240 0.12050168 
527.07841728 0.28748642 
205.00395074 0.41622322 
81.25159607 0.22397846 
2 0 4 
505.74661282 -0.02518461 
156.96593744 -0.11898930 
25.76144818 0.54930136 
11.10665469 0.52939309 
3 0 2 
17.27205910 -0.22854596 
2.94382890 0.68377930 
4 0 1 
1.28391649 1.00000000 
5 0 1 
0.25873337 1.00000000 
6 0 1 
0.09352491 1.00000000 
7 0 1 
0.04198435 1.00000000 
8 1 6 
2633.93462410 0.00221439 
624.00161628 0.01814090 
200.58528404 0.08663218 
75.09708152 0.25649021 
30.21438847 0.42658611 
12.44008757 0.26200527 
9 1 3 
45.98131600 -0.02032177 
6.99456544 0.32013745 
2.96860013 0.59051015 
10 1 1 
1.23209885 1.00000000 
11 1 1 
0.28981615 1.00000000 
12 1 1 
0.08556461 1.00000000 
13 2 5 
119.44887581 0.01058654 
35.06291529 0.06960128 
12.63692453 0.22807035 
4.88886729 0.40301067 
1.84531954 0.41304847 
14 2 1 
0.63571159 1.00000000 
15 2 1 
0.35492132 1.00000000 
16 2 1 
0.13155709 1.00000000 
17 2 1 
0.05613494 1.00000000 
18 3 1 
0.36210645 1.00000000 
1 0 1 
0.0132766172 1.0 
2 0 1 
0.004198435 1.0 
3 0 1 
0.0013276617 1.0 
5 1 1 
0.0270579055 1.0 
6 1 1 
0.008556461 1.0 
7 1 1 
0.0027057905 1.0 
