O-POSITRON E+ (GE-AUG-CC-PVDZ) BASIS TYPE:2 
# 
14 
1 0 13 
521800.00000000 0.00020450 
78214.00000000 0.00158680 
17803.00000000 0.00824800 
5041.90000000 0.03366490 
1644.50000000 0.11012490 
593.43000000 0.27356070 
231.36000000 0.42106700 
94.76200000 0.27667910 
29.27400000 0.02921800 
12.45000000 -0.00659030 
3.64630000 0.00224300 
1.50250000 -0.00103820 
0.24503000 0.00026950 
2 0 13 
521800.00000000 -0.00006380 
78214.00000000 -0.00049160 
17803.00000000 -0.00260020 
5041.90000000 -0.01060800 
1644.50000000 -0.03716020 
593.43000000 -0.10057900 
231.36000000 -0.21439770 
94.76200000 -0.17826170 
29.27400000 0.47774040 
12.45000000 0.63559830 
3.64630000 0.07221740 
1.50250000 -0.01272650 
0.24503000 0.00296080 
3 0 13 
521800.00000000 0.00002460 
78214.00000000 0.00019000 
17803.00000000 0.00099930 
5041.90000000 0.00412000 
1644.50000000 0.01435570 
593.43000000 0.04003750 
231.36000000 0.08657940 
94.76200000 0.08158610 
29.27400000 -0.29347700 
12.45000000 -0.53679830 
3.64630000 0.56379850 
1.50250000 0.69471820 
0.24503000 0.03157300 
4 0 13 
521800.00000000 -0.00000630 
78214.00000000 -0.00004860 
17803.00000000 -0.00025530 
5041.90000000 -0.00105600 
1644.50000000 -0.00366740 
593.43000000 -0.01030530 
231.36000000 -0.02222000 
94.76200000 -0.02152750 
29.27400000 0.08067520 
12.45000000 0.15249580 
3.64630000 -0.19805280 
1.50250000 -0.40739540 
0.24503000 0.64772880 
5 0 1 
0.09159400 1.00000000 
6 0 1 
0.03396100 1.00000000 
7 1 10 
3568.10000000 0.00145910 
845.72000000 0.01221760 
272.74000000 0.06104900 
102.68000000 0.20080390 
42.14800000 0.40389420 
18.14900000 0.39700270 
7.59340000 0.11054810 
3.19640000 0.00007680 
1.27430000 0.00212630 
0.28258000 -0.00037440 
8 1 10 
3568.10000000 -0.00056300 
845.72000000 -0.00473540 
272.74000000 -0.02426430 
102.68000000 -0.08309000 
42.14800000 -0.18002470 
18.14900000 -0.16632950 
7.59340000 0.21937170 
3.19640000 0.58202390 
1.27430000 0.34777200 
0.28258000 0.01924550 
9 1 10 
3568.10000000 0.00011150 
845.72000000 0.00092120 
272.74000000 0.00482730 
102.68000000 0.01622720 
42.14800000 0.03663540 
18.14900000 0.03078670 
7.59340000 -0.04806430 
3.19640000 -0.15598040 
1.27430000 -0.06323700 
0.28258000 0.50408190 
10 1 1 
0.08409000 1.00000000 
11 1 1 
0.02394500 1.00000000 
12 2 5 
74.76200000 0.02576840 
21.30200000 0.14544210 
7.34360000 0.37137210 
2.56510000 0.48000020 
0.81970000 0.28968000 
13 2 1 
0.24700000 1.00000000 
14 2 1 
0.07710000 1.00000000 
