O-POSITRON E+ (GA-AUG-CC-PV5Z) BASIS TYPE:2 
# (109s,56p,17d,4f,3g,2h) -> [9s,8p,6d,4f,3g,2h] 
32 
1 0 26 
1.086152E+08 2.400000E-07 
1.626454E+07 1.860000E-06 
3.700112E+06 9.800000E-06 
1.047169E+06 4.152000E-05 
3.410676E+05 1.520500E-04 
1.227715E+05 5.007700E-04 
4.765958E+04 1.518700E-03 
1.963335E+04 4.302500E-03 
8.488735E+03 1.145230E-02 
3.823138E+03 2.856400E-02 
1.784476E+03 6.574850E-02 
8.600530E+02 1.352895E-01 
4.266987E+02 2.345514E-01 
2.172616E+02 3.078351E-01 
1.129699E+02 2.529947E-01 
5.944944E+01 9.601040E-02 
3.078226E+01 9.788500E-03 
1.642321E+01 5.912000E-04 
8.757889E+00 -5.540000E-05 
4.409629E+00 1.380000E-05 
2.249449E+00 -6.420000E-05 
1.126115E+00 1.690000E-05 
5.154860E-01 -1.160000E-05 
2.425780E-01 5.860000E-06 
1.070860E-01 -2.290000E-06 
4.698800E-02 6.100000E-07 
2 0 26 
1.086152E+08 -7.000000E-08 
1.626454E+07 -5.800000E-07 
3.700112E+06 -3.030000E-06 
1.047169E+06 -1.287000E-05 
3.410676E+05 -4.714000E-05 
1.227715E+05 -1.553000E-04 
4.765958E+04 -4.718000E-04 
1.963335E+04 -1.340500E-03 
8.488735E+03 -3.595500E-03 
3.823138E+03 -9.101600E-03 
1.784476E+03 -2.163600E-02 
8.600530E+02 -4.733650E-02 
4.266987E+02 -9.249970E-02 
2.172616E+02 -1.504351E-01 
1.129699E+02 -1.721227E-01 
5.944944E+01 -4.401790E-02 
3.078226E+01 2.973828E-01 
1.642321E+01 5.279748E-01 
8.757889E+00 3.008905E-01 
4.409629E+00 4.588190E-02 
2.249449E+00 1.282800E-03 
1.126115E+00 1.258800E-03 
5.154860E-01 -2.011000E-04 
2.425780E-01 1.173000E-04 
1.070860E-01 -4.740000E-05 
4.698800E-02 1.120000E-05 
3 0 26 
1.086152E+08 3.000000E-08 
1.626454E+07 2.200000E-07 
3.700112E+06 1.160000E-06 
1.047169E+06 4.910000E-06 
3.410676E+05 1.798000E-05 
1.227715E+05 5.920000E-05 
4.765958E+04 1.801000E-04 
1.963335E+04 5.114000E-04 
8.488735E+03 1.374000E-03 
3.823138E+03 3.481800E-03 
1.784476E+03 8.316900E-03 
8.600530E+02 1.831800E-02 
4.266987E+02 3.639030E-02 
2.172616E+02 6.080830E-02 
1.129699E+02 7.329390E-02 
5.944944E+01 1.974160E-02 
3.078226E+01 -1.612970E-01 
1.642321E+01 -4.021948E-01 
8.757889E+00 -2.927248E-01 
4.409629E+00 2.706942E-01 
2.249449E+00 6.359759E-01 
1.126115E+00 3.702489E-01 
5.154860E-01 4.028250E-02 
2.425780E-01 -1.555400E-03 
1.070860E-01 5.534000E-04 
4.698800E-02 -7.790000E-05 
4 0 26 
1.086152E+08 -7.000000E-09 
1.626454E+07 -5.100000E-08 
3.700112E+06 -2.700000E-07 
1.047169E+06 -1.142000E-06 
3.410676E+05 -4.183000E-06 
1.227715E+05 -1.378100E-05 
4.765958E+04 -4.188200E-05 
1.963335E+04 -1.190230E-04 
8.488735E+03 -3.196000E-04 
3.823138E+03 -8.107000E-04 
1.784476E+03 -1.936000E-03 
8.600530E+02 -4.272200E-03 
4.266987E+02 -8.494500E-03 
2.172616E+02 -1.427090E-02 
1.129699E+02 -1.726810E-02 
5.944944E+01 -4.778200E-03 
3.078226E+01 3.949270E-02 
1.642321E+01 1.027200E-01 
8.757889E+00 7.735290E-02 
4.409629E+00 -8.495650E-02 
2.249449E+00 -2.219834E-01 
1.126115E+00 -2.532089E-01 
5.154860E-01 -3.209540E-02 
2.425780E-01 4.310017E-01 
1.070860E-01 5.777689E-01 
4.698800E-02 1.814842E-01 
5 0 1 
5.154860E-01 1.000000E+00 
6 0 1 
2.425780E-01 1.000000E+00 
7 0 1 
1.070860E-01 1.000000E+00 
8 0 1 
4.698800E-02 1.000000E+00 
9 0 1 
0.0173010 1.0000000 
2 1 17 
3.215219E+04 2.830000E-05 
7.609384E+03 2.529000E-04 
2.471474E+03 1.468600E-03 
9.460636E+02 6.562700E-03 
4.019471E+02 2.380230E-02 
1.836469E+02 7.089450E-02 
8.853326E+01 1.676384E-01 
4.427036E+01 2.959754E-01 
2.272308E+01 3.488610E-01 
1.182314E+01 2.175496E-01 
6.042135E+00 5.205110E-02 
3.031754E+00 3.437800E-03 
1.493366E+00 9.833000E-04 
7.097270E-01 3.910000E-05 
2.485930E-01 4.490000E-05 
9.439500E-02 -1.910000E-05 
3.588700E-02 5.300000E-06 
3 1 17 
3.215219E+04 -1.070000E-05 
7.609384E+03 -9.580000E-05 
2.471474E+03 -5.582000E-04 
9.460636E+02 -2.504000E-03 
4.019471E+02 -9.199600E-03 
1.836469E+02 -2.799730E-02 
8.853326E+01 -6.887460E-02 
4.427036E+01 -1.273843E-01 
2.272308E+01 -1.585889E-01 
1.182314E+01 -4.249680E-02 
6.042135E+00 2.441440E-01 
3.031754E+00 4.459111E-01 
1.493366E+00 3.529522E-01 
7.097270E-01 1.049446E-01 
2.485930E-01 5.249900E-03 
9.439500E-02 -1.219000E-04 
3.588700E-02 1.263000E-04 
4 1 17 
3.215219E+04 1.700000E-06 
7.609384E+03 1.580000E-05 
2.471474E+03 9.080000E-05 
9.460636E+02 4.120000E-04 
4.019471E+02 1.498400E-03 
1.836469E+02 4.625200E-03 
8.853326E+01 1.127130E-02 
4.427036E+01 2.132120E-02 
2.272308E+01 2.595230E-02 
1.182314E+01 6.632000E-03 
6.042135E+00 -5.017040E-02 
3.031754E+00 -8.429770E-02 
1.493366E+00 -9.030230E-02 
7.097270E-01 1.847270E-02 
2.485930E-01 3.123225E-01 
9.439500E-02 5.364816E-01 
3.588700E-02 2.831650E-01 
5 1 1 
7.097270E-01 1.000000E+00 
6 1 1 
2.485930E-01 1.000000E+00 
7 1 1 
9.439500E-02 1.000000E+00 
8 1 1 
3.588700E-02 1.000000E+00 
9 1 1 
0.0110500 1.0000000 
3 2 12 
1.040505E+03 8.920000E-05 
3.145971E+02 8.625000E-04 
1.227876E+02 5.009400E-03 
5.476037E+01 1.996490E-02 
2.629894E+01 5.832140E-02 
1.326345E+01 1.316868E-01 
6.885065E+00 2.218676E-01 
3.579525E+00 2.825059E-01 
1.831564E+00 2.831989E-01 
9.129090E-01 2.158251E-01 
4.353400E-01 1.052436E-01 
1.885180E-01 2.072320E-02 
4 2 1 
9.129090E-01 1.000000E+00 
5 2 1 
4.353400E-01 1.000000E+00 
6 2 1 
1.885180E-01 1.000000E+00 
7 2 1 
7.580000E-02 1.000000E+00 
8 2 1 
0.0260000 1.0000000 
4 3 1 
5.960000E-01 1.000000E+00 
5 3 1 
2.826000E-01 1.000000E+00 
6 3 1 
1.340000E-01 1.000000E+00 
7 3 1 
0.0511000 1.0000000 
5 4 1 
6.146000E-01 1.000000E+00 
6 4 1 
2.750000E-01 1.000000E+00 
7 4 1 
0.1140000 1.0000000 
6 5 1 
4.986000E-01 1.0000000 
7 5 1 
0.2540000 1.0000000 
