O-POSITRON E+ (GE-AUG-CC-PVTZ) BASIS TYPE:2 
# 
19 
1 0 18 
7447966.80000000 0.00000740 
1115318.20000000 0.00005740 
253842.65000000 0.00030190 
71915.28500000 0.00127330 
23470.18100000 0.00461230 
8477.49180000 0.01482140 
3308.39080000 0.04255360 
1372.60540000 0.10730550 
598.22007000 0.22451780 
271.38602000 0.34531310 
126.97795000 0.30452610 
60.22206500 0.09906700 
28.01858200 0.00413170 
13.51752200 0.00103470 
6.30940600 -0.00048560 
2.90453400 0.00018050 
1.28755600 -0.00009120 
0.16773200 -0.00002660 
2 0 18 
7447966.80000000 -0.00000230 
1115318.20000000 -0.00001790 
253842.65000000 -0.00009400 
71915.28500000 -0.00039640 
23470.18100000 -0.00144250 
8477.49180000 -0.00466750 
3308.39080000 -0.01371530 
1372.60540000 -0.03617970 
598.22007000 -0.08416790 
271.38602000 -0.15887670 
126.97795000 -0.20338070 
60.22206500 -0.02514100 
28.01858200 0.45751520 
13.51752200 0.55719390 
6.30940600 0.13970550 
2.90453400 0.00226450 
1.28755600 0.00209270 
0.16773200 0.00032810 
3 0 18 
7447966.80000000 0.00000090 
1115318.20000000 0.00000690 
253842.65000000 0.00003620 
71915.28500000 0.00015280 
23470.18100000 0.00055630 
8477.49180000 0.00180180 
3308.39080000 0.00530850 
1372.60540000 0.01408770 
598.22007000 0.03320130 
271.38602000 0.06446210 
126.97795000 0.08695400 
60.22206500 0.01187450 
28.01858200 -0.27245340 
13.51752200 -0.50014520 
6.30940600 0.01085540 
2.90453400 0.72164690 
1.28755600 0.48052130 
0.16773200 -0.01022970 
4 0 18 
7447966.80000000 -0.00000020 
1115318.20000000 -0.00000180 
253842.65000000 -0.00000930 
71915.28500000 -0.00003920 
23470.18100000 -0.00014260 
8477.49180000 -0.00046210 
3308.39080000 -0.00136140 
1372.60540000 -0.00361750 
598.22007000 -0.00853590 
271.38602000 -0.01665060 
126.97795000 -0.02259110 
60.22206500 -0.00321470 
28.01858200 0.07449980 
13.51752200 0.14403330 
6.30940600 -0.00808150 
2.90453400 -0.27041630 
1.28755600 -0.34016070 
0.16773200 0.61906570 
5 0 1 
0.33655200 1.00000000 
6 0 1 
0.07106900 1.00000000 
7 0 1 
0.02737000 1.00000000 
8 1 11 
6979.59820000 0.00045690 
1654.16480000 0.00395620 
536.02865000 0.02131430 
203.53713000 0.08187150 
85.23753000 0.22237320 
37.84196200 0.39056590 
17.40651200 0.35604150 
7.88149200 0.10703120 
3.53321300 0.00369410 
1.52147300 0.00192190 
0.19909300 0.00019170 
9 1 11 
6979.59820000 -0.00017560 
1654.16480000 -0.00153050 
536.02865000 -0.00831450 
203.53713000 -0.03287180 
85.23753000 -0.09316610 
37.84196200 -0.17555420 
17.40651200 -0.14679120 
7.88149200 0.18629340 
3.53321300 0.52648620 
1.52147300 0.39708590 
0.19909300 -0.00334780 
10 1 11 
6979.59820000 0.00003480 
1654.16480000 0.00030140 
536.02865000 0.00164870 
203.53713000 0.00649820 
85.23753000 0.01863830 
37.84196200 0.03506130 
17.40651200 0.02958920 
7.88149200 -0.04724580 
3.53321300 -0.12498470 
1.52147300 -0.12108010 
0.19909300 0.57547300 
11 1 1 
0.56270400 1.00000000 
12 1 1 
0.06703100 1.00000000 
13 1 1 
0.02136800 1.00000000 
14 2 7 
282.23911000 0.00182750 
84.54995700 0.01515450 
32.07365600 0.06604600 
13.49749500 0.18394700 
5.95855000 0.32278720 
2.61078800 0.37294590 
1.10398700 0.27517300 
15 2 1 
0.42404900 1.00000000 
16 2 1 
0.15200000 1.00000000 
17 2 1 
0.05280000 1.00000000 
18 3 1 
0.34580000 1.00000000 
19 3 1 
0.13230000 1.00000000 
