O-POSITRON E+ (GA-AUG-CC-PVTZ) BASIS TYPE:2 
# 
19 
1 0 18 
6558157.30000000 0.00000800 
982025.34000000 0.00006220 
223467.69000000 0.00032700 
63288.29100000 0.00137940 
20642.94000000 0.00499930 
7450.52240000 0.01606050 
2905.07440000 0.04601240 
1204.21000000 0.11522240 
524.30454000 0.23739210 
237.46563000 0.35319890 
110.57866000 0.29155000 
51.37462400 0.08121290 
24.44084600 0.00076550 
11.76859100 0.00161240 
5.34211900 -0.00075300 
2.49503600 0.00031340 
1.09877300 -0.00013060 
0.26018000 0.00005130 
2 0 18 
6558157.30000000 -0.00000250 
982025.34000000 -0.00001930 
223467.69000000 -0.00010140 
63288.29100000 -0.00042810 
20642.94000000 -0.00155820 
7450.52240000 -0.00504690 
2905.07440000 -0.01480560 
1204.21000000 -0.03894820 
524.30454000 -0.08968320 
237.46563000 -0.16640760 
110.57866000 -0.20040100 
51.37462400 0.01149430 
24.44084600 0.49581340 
11.76859100 0.52955500 
5.34211900 0.11101850 
2.49503600 -0.00070000 
1.09877300 0.00222830 
0.26018000 -0.00050140 
3 0 18 
6558157.30000000 0.00000090 
982025.34000000 0.00000740 
223467.69000000 0.00003870 
63288.29100000 0.00016330 
20642.94000000 0.00059440 
7450.52240000 0.00192920 
2905.07440000 0.00566890 
1204.21000000 0.01502820 
524.30454000 0.03502220 
237.46563000 0.06711350 
110.57866000 0.08501560 
51.37462400 -0.00472120 
24.44084600 -0.30167370 
11.76859100 -0.48254890 
5.34211900 0.08916950 
2.49503600 0.72878300 
1.09877300 0.42885420 
0.26018000 0.02072490 
4 0 18 
6558157.30000000 0.00000020 
982025.34000000 0.00000170 
223467.69000000 0.00000900 
63288.29100000 0.00003800 
20642.94000000 0.00013820 
7450.52240000 0.00044890 
2905.07440000 0.00131880 
1204.21000000 0.00350160 
524.30454000 0.00816730 
237.46563000 0.01573380 
110.57866000 0.02002840 
51.37462400 -0.00101360 
24.44084600 -0.07501620 
11.76859100 -0.12579800 
5.34211900 0.03008570 
2.49503600 0.24881690 
1.09877300 0.28437060 
0.26018000 -0.31105940 
5 0 1 
0.12707900 1.00000000 
6 0 1 
0.05440800 1.00000000 
7 0 1 
0.01439800 1.00000000 
8 1 11 
8050.16740000 0.00031690 
1907.53610000 0.00276480 
618.62746000 0.01512040 
235.32417000 0.05995830 
98.89964600 0.17331200 
44.24821500 0.34108200 
20.61742900 0.38969670 
9.78051600 0.18398170 
4.44123800 0.02188960 
1.96404500 0.00116080 
0.83357800 0.00027350 
9 1 11 
8050.16740000 -0.00012030 
1907.53610000 -0.00104920 
618.62746000 -0.00581020 
235.32417000 -0.02343450 
98.89964600 -0.07082700 
44.24821500 -0.14655110 
20.61742900 -0.17696600 
9.78051600 0.03638210 
4.44123800 0.42328480 
1.96404500 0.49525860 
0.83357800 0.17974280 
10 1 11 
8050.16740000 0.00002000 
1907.53610000 0.00016890 
618.62746000 0.00096680 
235.32417000 0.00377970 
98.89964600 0.01190820 
44.24821500 0.02356930 
20.61742900 0.03142330 
9.78051600 -0.01361880 
4.44123800 -0.07340030 
1.96404500 -0.12647850 
0.83357800 0.01585790 
11 1 1 
0.19344500 1.00000000 
12 1 1 
0.05611700 1.00000000 
13 1 1 
0.01930000 1.00000000 
14 2 7 
244.14741000 0.00202700 
73.06759500 0.01650880 
27.59208100 0.07038230 
11.54651800 0.19114300 
5.04862800 0.32540920 
2.17846500 0.36781990 
0.90025300 0.27446850 
15 2 1 
0.33732700 1.00000000 
16 2 1 
0.11690000 1.00000000 
17 2 1 
0.03870000 1.00000000 
18 3 1 
0.28810000 1.00000000 
19 3 1 
0.09800000 1.00000000 
