O-POSITRON E+ (GA-DEF2-TZVPPD-AUX-DIF) BASIS TYPE:2 
# 
24 
1 0 8 
435548.66254000 0.00023646 
65289.58903100 0.00183353 
14858.78425600 0.00953719 
4205.97347290 0.03880341 
1369.64164310 0.12661605 
492.30348905 0.30175310 
191.41923233 0.43543934 
75.84055867 0.23282364 
2 0 4 
474.30810613 -0.02674371 
147.10297560 -0.12654658 
23.98259944 0.58840347 
10.29823009 0.56324272 
3 0 2 
16.05038143 -0.24516440 
2.69884688 0.74578050 
4 0 1 
1.14285887 1.00000000 
5 0 1 
0.20217652 1.00000000 
6 0 1 
0.07198015 1.00000000 
7 0 1 
0.03010206 1.00000000 
8 1 6 
2432.01710700 0.00224341 
576.12049582 0.01834227 
185.11584354 0.08727970 
69.24657256 0.25684868 
27.81810778 0.42398378 
11.42022994 0.25701340 
9 1 3 
42.81966153 -0.01932652 
6.38859010 0.31571387 
2.66989933 0.57617793 
10 1 1 
1.07817838 1.00000000 
11 1 1 
0.22796559 1.00000000 
12 1 1 
0.06283623 1.00000000 
13 2 5 
103.92331829 0.01146461 
30.37109439 0.07362575 
10.87207810 0.23505107 
4.15491380 0.40318564 
1.53456591 0.40824748 
14 2 1 
0.51114264 1.00000000 
15 2 1 
0.30622000 1.00000000 
16 2 1 
0.11391309 1.00000000 
17 2 1 
0.04287169 1.00000000 
18 3 1 
0.30996095 1.00000000 
1 0 1 
0.0095191072 1.0 
2 0 1 
0.003010206 1.0 
3 0 1 
0.0009519107 1.0 
5 1 1 
0.0198705606 1.0 
6 1 1 
0.006283623 1.0 
7 1 1 
0.0019870561 1.0 
