O-POSITRON E+ (E+-H-7S5P3D-AUG-CC-PVTZ) BASIS TYPE: 2
#
15
1 0 1
0.00079879 1.00000000
2 0 1
0.00252600 1.00000000
3 0 1
0.00798791 1.00000000
4 0 1
0.02526000 1.00000000
5 0 1
0.07987913 1.00000000
6 0 1
0.25260000 1.00000000
7 0 1
0.79879134 1.00000000
8 1 1
0.01020000 1.00000000
9 1 1
0.03225523 1.00000000
10 1 1
0.10200000 1.00000000
11 1 1
0.32255232 1.00000000
12 1 1
1.02000000 1.00000000
13 2 1
0.07810826 1.00000000
14 2 1
0.24700000 1.00000000
15 2 1
0.78108258 1.0000000

O-POSITRON E+B (E+-H-7S5P3D-AUG-CC-PVTZ) BASIS TYPE: 2
#
15
1 0 1
0.00079879 1.00000000
2 0 1
0.00252600 1.00000000
3 0 1
0.00798791 1.00000000
4 0 1
0.02526000 1.00000000
5 0 1
0.07987913 1.00000000
6 0 1
0.25260000 1.00000000
7 0 1
0.79879134 1.00000000
8 1 1
0.01020000 1.00000000
9 1 1
0.03225523 1.00000000
10 1 1
0.10200000 1.00000000
11 1 1
0.32255232 1.00000000
12 1 1
1.02000000 1.00000000
13 2 1
0.07810826 1.00000000
14 2 1
0.24700000 1.00000000
15 2 1
0.78108258 1.00000000

O-POSITRON E+A (E+-H-7S5P3D-AUG-CC-PVTZ) BASIS TYPE: 2
#
15
1 0 1
0.00079879 1.00000000
2 0 1
0.00252600 1.00000000
3 0 1
0.00798791 1.00000000
4 0 1
0.02526000 1.00000000
5 0 1
0.07987913 1.00000000
6 0 1
0.25260000 1.00000000
7 0 1
0.79879134 1.00000000
8 1 1
0.01020000 1.00000000
9 1 1
0.03225523 1.00000000
10 1 1
0.10200000 1.00000000
11 1 1
0.32255232 1.00000000
12 1 1
1.02000000 1.00000000
13 2 1
0.07810826 1.00000000
14 2 1
0.24700000 1.00000000
15 2 1
0.78108258 1.00000000

