O-POSITRON E+ (HE-D-AUG-CC-PVQZ) BASIS TYPE:2 
# 
18 
1 0 4 
528.50000000 0.00094000 
79.31000000 0.00721400 
18.05000000 0.03597500 
5.08500000 0.12778200 
2 0 1 
1.60900000 1.00000000 
3 0 1 
0.53630000 1.00000000 
4 0 1 
0.18330000 1.00000000 
5 0 1 
0.04819000 1.00000000 
6 0 1 
0.01270000 1.00000000 
7 1 1 
5.99400000 1.00000000 
8 1 1 
1.74500000 1.00000000 
9 1 1 
0.56000000 1.00000000 
10 1 1 
0.16260000 1.00000000 
11 1 1 
0.04720000 1.00000000 
12 2 1 
4.29900000 1.00000000 
13 2 1 
1.22300000 1.00000000 
14 2 1 
0.35100000 1.00000000 
15 2 1 
0.10100000 1.00000000 
16 3 1 
2.68000000 1.00000000 
17 3 1 
0.69060000 1.00000000 
18 3 1 
0.17800000 1.00000000 
