O-POSITRON E+ (E+-H-7SPD-AUG-CC-PVTZ) BASIS TYPE: 2
#
21
1 0 1
0.00079879 1.00000000
2 0 1
0.00252600 1.00000000
3 0 1
0.00798791 1.00000000
4 0 1
0.02526000 1.00000000
5 0 1
0.07987913 1.00000000
6 0 1
0.25260000 1.00000000
7 0 1
0.79879134 1.00000000
8 1 1
0.00322552 1.00000000
9 1 1
0.01020000 1.00000000
10 1 1
0.03225523 1.00000000
11 1 1
0.10200000 1.00000000
12 1 1
0.32255232 1.00000000
13 1 1
1.02000000 1.00000000
14 1 1
3.22552321 1.00000000
15 2 1
0.00781083 1.00000000
16 2 1
0.02470000 1.00000000
17 2 1
0.07810826 1.00000000
18 2 1
0.24700000 1.00000000
19 2 1
0.78108258 1.00000000
20 2 1
2.47000000 1.00000000
21 2 1
7.81082582 1.00000000
