O-POSITRON E+ (HE-AUG-CC-PV5Z) BASIS TYPE:2 
# (13s,5p,4d,3f,2g) -> [6s,5p,4d,3f,2g] 
20 
1 0 8 
1.145000E+03 3.590000E-04 
1.717000E+02 2.771000E-03 
3.907000E+01 1.425100E-02 
1.104000E+01 5.556600E-02 
3.566000E+00 1.620910E-01 
1.240000E+00 3.321970E-01 
4.473000E-01 4.196150E-01 
1.640000E-01 1.861280E-01 
2 0 1 
3.566000E+00 1.000000E+00 
3 0 1 
1.240000E+00 1.000000E+00 
4 0 1 
4.473000E-01 1.000000E+00 
5 0 1 
1.640000E-01 1.000000E+00 
6 0 1 
0.0466400 1.0000000 
2 1 1 
1.015300E+01 1.000000E+00 
3 1 1 
3.627000E+00 1.000000E+00 
4 1 1 
1.296000E+00 1.000000E+00 
5 1 1 
4.630000E-01 1.000000E+00 
6 1 1 
0.1400000 1.0000000 
3 2 1 
7.666000E+00 1.000000E+00 
4 2 1 
2.647000E+00 1.000000E+00 
5 2 1 
9.140000E-01 1.000000E+00 
6 2 1 
0.2892000 1.0000000 
4 3 1 
5.411000E+00 1.000000E+00 
5 3 1 
1.707000E+00 1.000000E+00 
6 3 1 
0.5345000 1.0000000 
5 4 1 
3.430000E+00 1.0000000 
6 4 1 
0.7899000 1.0000000 
