O-POSITRON E+ (H-D-AUG-CC-PV5Z) BASIS TYPE:2 
# (14s,6p,5d,4f,3g) -> [7s,6p,5d,4f,3g] 
25 
1 0 8 
402.0000000 0.0002790 
60.2400000 0.0021650 
13.7300000 0.0112010 
3.9050000 0.0448780 
1.2830000 0.1422990 
0.4655000 0.3309790 
0.1811000 0.4362690 
0.0727900 0.1764400 
2 0 1 
1.2830000 1.0000000 
3 0 1 
0.4655000 1.0000000 
4 0 1 
0.1811000 1.0000000 
5 0 1 
0.0727900 1.0000000 
6 0 1 
0.0207000 1.0000000 
7 0 1 
0.00589 1.0000 
2 1 1 
4.5160000 1.0000000 
3 1 1 
1.7120000 1.0000000 
4 1 1 
0.6490000 1.0000000 
5 1 1 
0.2460000 1.0000000 
6 1 1 
0.0744000 1.0000000 
7 1 1 
0.0225 1.0000 
3 2 1 
2.9500000 1.0000000 
4 2 1 
1.2060000 1.0000000 
5 2 1 
0.4930000 1.0000000 
6 2 1 
0.1560000 1.0000000 
7 2 1 
0.0494 1.0000 
4 3 1 
2.5060000 1.0000000 
5 3 1 
0.8750000 1.0000000 
6 3 1 
0.2740000 1.0000000 
7 3 1 
0.0858 1.0000 
5 4 1 
2.3580000 1.0000000 
6 4 1 
0.5430000 1.0000000 
7 4 1 
0.1250 1.0000 
