O-POSITRON E+ (H-AUG-CC-PV5Z) BASIS TYPE:2 
# (13s,5p,4d,3f,2g) -> [6s,5p,4d,3f,2g] 
20 
1 0 8 
4.020000E+02 2.790000E-04 
6.024000E+01 2.165000E-03 
1.373000E+01 1.120100E-02 
3.905000E+00 4.487800E-02 
1.283000E+00 1.422990E-01 
4.655000E-01 3.309790E-01 
1.811000E-01 4.362690E-01 
7.279000E-02 1.764400E-01 
2 0 1 
1.283000E+00 1.000000E+00 
3 0 1 
4.655000E-01 1.000000E+00 
4 0 1 
1.811000E-01 1.000000E+00 
5 0 1 
7.279000E-02 1.000000E+00 
6 0 1 
0.0207000 1.0000000 
2 1 1 
4.516000E+00 1.000000E+00 
3 1 1 
1.712000E+00 1.000000E+00 
4 1 1 
6.490000E-01 1.000000E+00 
5 1 1 
2.460000E-01 1.000000E+00 
6 1 1 
0.0744000 1.0000000 
3 2 1 
2.950000E+00 1.000000E+00 
4 2 1 
1.206000E+00 1.000000E+00 
5 2 1 
4.930000E-01 1.000000E+00 
6 2 1 
0.1560000 1.0000000 
4 3 1 
2.506000E+00 1.000000E+00 
5 3 1 
8.750000E-01 1.000000E+00 
6 3 1 
0.2740000 1.0000000 
5 4 1 
2.358000E+00 1.0000000 
6 4 1 
0.5430000 1.0000000 
