O-E+SINGLET E+S (E+-H-7SP-AUG-CC-PVTZ) BASIS TYPE: 2
#
14
1 0 1
0.00079879 1.00000000
2 0 1
0.00252600 1.00000000
3 0 1
0.00798791 1.00000000
4 0 1
0.02526000 1.00000000
5 0 1
0.07987913 1.00000000
6 0 1
0.25260000 1.00000000
7 0 1
0.79879134 1.00000000
8 1 1
0.00322552 1.00000000
9 1 1
0.01020000 1.00000000
10 1 1
0.03225523 1.00000000
11 1 1
0.10200000 1.00000000
12 1 1
0.32255232 1.00000000
13 1 1
1.02000000 1.00000000
14 1 1
3.22552321 1.00000000

O-POSITRON E+ (E+-H-7SP-AUG-CC-PVTZ) BASIS TYPE: 2
#
14
1 0 1
0.00079879 1.00000000
2 0 1
0.00252600 1.00000000
3 0 1
0.00798791 1.00000000
4 0 1
0.02526000 1.00000000
5 0 1
0.07987913 1.00000000
6 0 1
0.25260000 1.00000000
7 0 1
0.79879134 1.00000000
8 1 1
0.00322552 1.00000000
9 1 1
0.01020000 1.00000000
10 1 1
0.03225523 1.00000000
11 1 1
0.10200000 1.00000000
12 1 1
0.32255232 1.00000000
13 1 1
1.02000000 1.00000000
14 1 1
3.22552321 1.00000000

O-E+ALPHA E+A (E+-H-7SP-AUG-CC-PVTZ) BASIS TYPE: 2
#
14
1 0 1
0.00079879 1.00000000
2 0 1
0.00252600 1.00000000
3 0 1
0.00798791 1.00000000
4 0 1
0.02526000 1.00000000
5 0 1
0.07987913 1.00000000
6 0 1
0.25260000 1.00000000
7 0 1
0.79879134 1.00000000
8 1 1
0.00322552 1.00000000
9 1 1
0.01020000 1.00000000
10 1 1
0.03225523 1.00000000
11 1 1
0.10200000 1.00000000
12 1 1
0.32255232 1.00000000
13 1 1
1.02000000 1.00000000
14 1 1
3.22552321 1.00000000

O-E+BETA E+B (E+-H-7SP-AUG-CC-PVTZ) BASIS TYPE: 2
#
14
1 0 1
0.00079879 1.00000000
2 0 1
0.00252600 1.00000000
3 0 1
0.00798791 1.00000000
4 0 1
0.02526000 1.00000000
5 0 1
0.07987913 1.00000000
6 0 1
0.25260000 1.00000000
7 0 1
0.79879134 1.00000000
8 1 1
0.00322552 1.00000000
9 1 1
0.01020000 1.00000000
10 1 1
0.03225523 1.00000000
11 1 1
0.10200000 1.00000000
12 1 1
0.32255232 1.00000000
13 1 1
1.02000000 1.00000000
14 1 1
3.22552321 1.00000000