O-POSITRON E+ (HE-D-AUG-CC-PV5Z) BASIS TYPE:2 
# (14s,6p,5d,4f,3g) -> [7s,6p,5d,4f,3g] 
25 
1 0 8 
1145.0000000 0.0003590 
171.7000000 0.0027710 
39.0700000 0.0142510 
11.0400000 0.0555660 
3.5660000 0.1620910 
1.2400000 0.3321970 
0.4473000 0.4196150 
0.1640000 0.1861280 
2 0 1 
3.5660000 1.0000000 
3 0 1 
1.2400000 1.0000000 
4 0 1 
0.4473000 1.0000000 
5 0 1 
0.1640000 1.0000000 
6 0 1 
0.0466400 1.0000000 
7 0 1 
0.0133 1.0000 
2 1 1 
10.1530000 1.0000000 
3 1 1 
3.6270000 1.0000000 
4 1 1 
1.2960000 1.0000000 
5 1 1 
0.4630000 1.0000000 
6 1 1 
0.1400000 1.0000000 
7 1 1 
0.0423 1.0000 
3 2 1 
7.6660000 1.0000000 
4 2 1 
2.6470000 1.0000000 
5 2 1 
0.9140000 1.0000000 
6 2 1 
0.2892000 1.0000000 
7 2 1 
0.0915 1.0000 
4 3 1 
5.4110000 1.0000000 
5 3 1 
1.7070000 1.0000000 
6 3 1 
0.5345000 1.0000000 
7 3 1 
0.1670 1.0000 
5 4 1 
3.4300000 1.0000000 
6 4 1 
0.7899000 1.0000000 
7 4 1 
0.1820 1.0000 
