O-POSITRON E+ (KR-AUG-CC-PVTZ) BASIS TYPE:2 
# 
19 
1 0 18 
11718113.00000000 0.00000560 
1754604.40000000 0.00004380 
399281.32000000 0.00023050 
113084.57000000 0.00097330 
36885.92500000 0.00353370 
13312.20900000 0.01141670 
5189.98830000 0.03313250 
2151.65970000 0.08544640 
938.03251000 0.18691240 
426.55732000 0.31497610 
201.06660000 0.33433340 
97.09760500 0.16088100 
42.99872400 0.01784350 
21.17707500 -0.00137930 
10.42675200 0.00065720 
4.58500800 -0.00033880 
2.11760300 0.00012110 
0.34922500 0.00003660 
2 0 18 
11718113.00000000 -0.00000180 
1754604.40000000 -0.00001380 
399281.32000000 -0.00007260 
113084.57000000 -0.00030630 
36885.92500000 -0.00111770 
13312.20900000 -0.00362700 
5189.98830000 -0.01074320 
2151.65970000 -0.02869920 
938.03251000 -0.06866790 
426.55732000 -0.13651550 
201.06660000 -0.20224580 
97.09760500 -0.10905690 
42.99872400 0.33187680 
21.17707500 0.59482500 
10.42675200 0.24248250 
4.58500800 0.01722410 
2.11760300 0.00036850 
0.34922500 -0.00011530 
3 0 18 
11718113.00000000 0.00000070 
1754604.40000000 0.00000550 
399281.32000000 0.00002920 
113084.57000000 0.00012280 
36885.92500000 0.00044910 
13312.20900000 0.00145570 
5189.98830000 0.00433190 
2151.65970000 0.01159650 
938.03251000 0.02815850 
426.55732000 0.05703390 
201.06660000 0.08913560 
97.09760500 0.05084210 
42.99872400 -0.19210300 
21.17707500 -0.51210400 
10.42675200 -0.18570070 
4.58500800 0.66541190 
2.11760300 0.60239250 
0.34922500 -0.01064530 
4 0 18 
11718113.00000000 -0.00000020 
1754604.40000000 -0.00000180 
399281.32000000 -0.00000930 
113084.57000000 -0.00003910 
36885.92500000 -0.00014300 
13312.20900000 -0.00046390 
5189.98830000 -0.00138010 
2151.65970000 -0.00370010 
938.03251000 -0.00899210 
426.55732000 -0.01830210 
201.06660000 -0.02875590 
97.09760500 -0.01673240 
42.99872400 0.06524100 
21.17707500 0.18344220 
10.42675200 0.06921830 
4.58500800 -0.31560340 
2.11760300 -0.50315010 
0.34922500 0.71715710 
5 0 1 
0.70705700 1.00000000 
6 0 1 
0.14482100 1.00000000 
7 0 1 
0.05198500 1.00000000 
8 1 11 
9366.30900000 0.00042310 
2219.55430000 0.00367430 
719.45288000 0.01993120 
273.46446000 0.07742220 
114.75225000 0.21403860 
51.15556900 0.38485560 
23.68267600 0.36263400 
10.87548400 0.11708180 
4.95513100 0.00512100 
2.21726700 0.00175390 
0.32215400 0.00021990 
9 1 11 
9366.30900000 -0.00017200 
2219.55430000 -0.00150250 
719.45288000 -0.00822690 
273.46446000 -0.03285660 
114.75225000 -0.09501350 
51.15556900 -0.18331060 
23.68267600 -0.16121610 
10.87548400 0.17876440 
4.95513100 0.54378850 
2.21726700 0.39133870 
0.32215400 -0.00478000 
10 1 11 
9366.30900000 0.00004660 
2219.55430000 0.00041000 
719.45288000 0.00223280 
273.46446000 0.00901440 
114.75225000 0.02601150 
51.15556900 0.05133400 
23.68267600 0.04309290 
10.87548400 -0.06150400 
4.95513100 -0.20034240 
2.21726700 -0.14573640 
0.32215400 0.57645810 
11 1 1 
0.80641000 1.00000000 
12 1 1 
0.11761900 1.00000000 
13 1 1 
0.04003300 1.00000000 
14 2 7 
446.16133000 0.00140440 
133.96477000 0.01217150 
51.34590700 0.05639190 
21.91690600 0.16764300 
9.89372500 0.31773680 
4.49252700 0.38726470 
2.00229300 0.27280060 
15 2 1 
0.80840900 1.00000000 
16 2 1 
0.30060000 1.00000000 
17 2 1 
0.12570000 1.00000000 
18 3 1 
0.66220000 1.00000000 
19 3 1 
0.32800000 1.00000000 
