O-POSITRON E+ (KR-AUG-CC-PVDZ) BASIS TYPE:2 
# 
14 
1 0 13 
681358.82000000 0.00019690 
102126.48000000 0.00152860 
23243.71000000 0.00795000 
6582.00730000 0.03249380 
2146.42860000 0.10672400 
774.33782000 0.26757010 
301.67020000 0.42018510 
123.41184000 0.28580150 
38.56755100 0.03224610 
16.63737900 -0.00768280 
5.19879500 0.00293930 
2.29481400 -0.00146620 
0.48521100 0.00041440 
2 0 13 
681358.82000000 -0.00006220 
102126.48000000 -0.00047940 
23243.71000000 -0.00253410 
6582.00730000 -0.01036360 
2146.42860000 -0.03635160 
774.33782000 -0.09937370 
301.67020000 -0.21406100 
123.41184000 -0.18831920 
38.56755100 0.45838160 
16.63737900 0.64656640 
5.19879500 0.08565790 
2.29481400 -0.01561230 
0.48521100 0.00364900 
3 0 13 
681358.82000000 0.00002490 
102126.48000000 0.00019280 
23243.71000000 0.00101490 
6582.00730000 0.00418570 
2146.42860000 0.01464590 
774.33782000 0.04110700 
301.67020000 0.09039550 
123.41184000 0.08906230 
38.56755100 -0.29357180 
16.63737900 -0.57596980 
5.19879500 0.49685780 
2.29481400 0.76168950 
0.48521100 0.04532670 
4 0 13 
681358.82000000 -0.00000790 
102126.48000000 -0.00006140 
23243.71000000 -0.00032300 
6582.00730000 -0.00133300 
2146.42860000 -0.00466720 
774.33782000 -0.01313520 
301.67020000 -0.02903420 
123.41184000 -0.02901730 
38.56755100 0.10026640 
16.63737900 0.21038180 
5.19879500 -0.23324710 
2.29481400 -0.55464970 
0.48521100 0.69695220 
5 0 1 
0.18627000 1.00000000 
6 0 1 
0.06514500 1.00000000 
7 1 10 
4474.26990000 0.00151950 
1060.57900000 0.01274240 
342.20812000 0.06364650 
128.99842000 0.20856350 
53.08722200 0.41224230 
22.95942500 0.38781030 
9.50730000 0.10038200 
4.08305500 -0.00250780 
1.75044600 0.00271390 
0.52919000 -0.00069770 
8 1 10 
4474.26990000 -0.00062080 
1060.57900000 -0.00522120 
342.20812000 -0.02684630 
128.99842000 -0.09158230 
53.08722200 -0.19681640 
22.95942500 -0.16347500 
9.50730000 0.27382040 
4.08305500 0.59815920 
1.75044600 0.27504530 
0.52919000 0.01277060 
9 1 10 
4474.26990000 0.00017010 
1060.57900000 0.00140640 
342.20812000 0.00739630 
128.99842000 0.02482540 
53.08722200 0.05571550 
22.95942500 0.04121320 
9.50730000 -0.08760570 
4.08305500 -0.24405860 
1.75044600 -0.02950070 
0.52919000 0.60122950 
10 1 1 
0.16436900 1.00000000 
11 1 1 
0.04660600 1.00000000 
12 2 5 
115.52532000 0.02195570 
33.46524600 0.13216200 
11.83045900 0.36334840 
4.33977100 0.49295820 
1.50752400 0.26675600 
13 2 1 
0.50300000 1.00000000 
14 2 1 
0.21550000 1.00000000 
