O-POSITRON E+ (K-DEF2-TZVPPD-AUX-DIF) BASIS TYPE:2 
# 
20 
1 0 8 
153976.18325000 0.00023663 
23082.49767200 0.00183429 
5253.23447450 0.00953105 
1486.95501330 0.03863841 
484.06333726 0.12480769 
173.56653980 0.29278861 
67.11638146 0.40633426 
26.33950205 0.20077216 
2 0 4 
172.87693567 -0.02420096 
53.05864906 -0.11553095 
7.92127540 0.57455545 
3.21088805 0.57023185 
3 0 2 
4.56620709 -0.22615763 
0.70209907 0.75528392 
4 0 1 
0.28258943 1.00000000 
5 0 1 
0.03580582 1.00000000 
6 0 1 
0.01581921 1.00000000 
7 1 6 
728.18449873 0.00261507 
172.13265061 0.02067363 
54.82984708 0.09320560 
20.16626649 0.25436518 
7.86107288 0.39131133 
3.11052131 0.22481346 
8 1 3 
11.75733749 -0.02577729 
1.51396174 0.57359429 
0.58328592 1.07983200 
9 1 1 
0.21570478 1.00000000 
10 1 1 
0.04173700 1.00000000 
11 1 1 
0.01520800 1.00000000 
12 2 1 
0.93000000 1.00000000 
13 2 1 
0.18000000 1.00000000 
14 2 1 
0.05400000 1.00000000 
1 0 1 
0.005002474 1.0 
2 0 1 
0.001581921 1.0 
3 0 1 
0.000500247 1.0 
5 1 1 
0.004809192 1.0 
6 1 1 
0.001520800 1.0 
7 1 1 
0.000480919 1.0 
