O-POSITRON E+ (KR-AUG-CC-PV5Z) BASIS TYPE:2 
# (109s,56p,17d,4f,3g,2h) -> [9s,8p,6d,4f,3g,2h] 
32 
1 0 26 
1.828221E+08 1.800000E-07 
2.735616E+07 1.420000E-06 
6.221170E+06 7.460000E-06 
1.760278E+06 3.159000E-05 
5.731938E+05 1.157500E-04 
2.062585E+05 3.815000E-04 
8.002667E+04 1.159000E-03 
3.293908E+04 3.293400E-03 
1.422263E+04 8.816100E-03 
6.393071E+03 2.221800E-02 
2.976454E+03 5.208810E-02 
1.430525E+03 1.106356E-01 
7.079262E+02 2.025326E-01 
3.598485E+02 2.926350E-01 
1.871497E+02 2.851224E-01 
9.863452E+01 1.455064E-01 
5.054787E+01 2.399390E-02 
2.716700E+01 -9.490000E-05 
1.461510E+01 5.578000E-04 
7.651352E+00 -2.870000E-04 
3.997263E+00 9.660000E-05 
2.085853E+00 -7.840000E-05 
1.014797E+00 3.877000E-05 
5.197880E-01 -1.822000E-05 
2.451030E-01 7.630000E-06 
1.118960E-01 -1.590000E-06 
2 0 26 
1.828221E+08 -5.700000E-07 
2.735616E+07 -4.500000E-07 
6.221170E+06 -2.350000E-06 
1.760278E+06 -9.940000E-06 
5.731938E+05 -3.640000E-05 
2.062585E+05 -1.201000E-04 
8.002667E+04 -3.654000E-04 
3.293908E+04 -1.040700E-03 
1.422263E+04 -2.803800E-03 
6.393071E+03 -7.150900E-03 
2.976454E+03 -1.722040E-02 
1.430525E+03 -3.848000E-02 
7.079262E+02 -7.786280E-02 
3.598485E+02 -1.347423E-01 
1.871497E+02 -1.776148E-01 
9.863452E+01 -1.068413E-01 
5.054787E+01 1.896132E-01 
2.716700E+01 5.091871E-01 
1.461510E+01 3.939859E-01 
7.651352E+00 9.190320E-02 
3.997263E+00 3.919500E-03 
2.085853E+00 1.749600E-03 
1.014797E+00 -4.258000E-04 
5.197880E-01 1.529000E-04 
2.451030E-01 -9.381000E-05 
1.118960E-01 1.326000E-05 
3 0 26 
1.828221E+08 2.000000E-08 
2.735616E+07 1.800000E-07 
6.221170E+06 9.400000E-07 
1.760278E+06 3.990000E-06 
5.731938E+05 1.462000E-05 
2.062585E+05 4.819000E-05 
8.002667E+04 1.467000E-04 
3.293908E+04 4.177000E-04 
1.422263E+04 1.126700E-03 
6.393071E+03 2.876900E-03 
2.976454E+03 6.954900E-03 
1.430525E+03 1.563650E-02 
7.079262E+02 3.208010E-02 
3.598485E+02 5.686890E-02 
1.871497E+02 7.848450E-02 
9.863452E+01 5.033980E-02 
5.054787E+01 -1.042742E-01 
2.716700E+01 -3.743761E-01 
1.461510E+01 -4.011131E-01 
7.651352E+00 9.683880E-02 
3.997263E+00 6.428776E-01 
2.085853E+00 4.860600E-01 
1.014797E+00 7.334560E-02 
5.197880E-01 -1.007700E-03 
2.451030E-01 1.608700E-03 
1.118960E-01 -4.393000E-05 
4 0 26 
1.828221E+08 -6.000000E-09 
2.735616E+07 -5.700000E-08 
6.221170E+06 -3.000000E-07 
1.760278E+06 -1.270000E-06 
5.731938E+05 -4.658000E-06 
2.062585E+05 -1.534700E-05 
8.002667E+04 -4.673600E-05 
3.293908E+04 -1.330220E-04 
1.422263E+04 -3.590620E-04 
6.393071E+03 -9.165000E-04 
2.976454E+03 -2.218400E-03 
1.430525E+03 -4.988300E-03 
7.079262E+02 -1.026610E-02 
3.598485E+02 -1.824450E-02 
1.871497E+02 -2.541100E-02 
9.863452E+01 -1.639310E-02 
5.054787E+01 3.469770E-02 
2.716700E+01 1.321283E-01 
1.461510E+01 1.470925E-01 
7.651352E+00 -4.182160E-02 
3.997263E+00 -3.195240E-01 
2.085853E+00 -4.363286E-01 
1.014797E+00 4.291100E-03 
5.197880E-01 5.645558E-01 
2.451030E-01 5.502845E-01 
1.118960E-01 1.297710E-01 
5 0 1 
1.014797E+00 1.000000E+00 
6 0 1 
5.197880E-01 1.000000E+00 
7 0 1 
2.451030E-01 1.000000E+00 
8 0 1 
1.118960E-01 1.000000E+00 
9 0 1 
0.0442770 1.0000000 
2 1 17 
4.299306E+04 2.970000E-05 
1.017372E+04 2.651000E-04 
3.303106E+03 1.541600E-03 
1.263540E+03 6.906500E-03 
5.363655E+02 2.513970E-02 
2.448762E+02 7.501240E-02 
1.179912E+02 1.767433E-01 
5.902125E+01 3.075135E-01 
3.035607E+01 3.470644E-01 
1.581998E+01 2.002802E-01 
8.104580E+00 4.305080E-02 
4.097964E+00 2.477200E-03 
2.056061E+00 6.789000E-04 
9.521450E-01 -8.210000E-05 
4.447740E-01 4.690000E-05 
1.974960E-01 -2.210000E-05 
8.382300E-02 5.800000E-06 
3 1 17 
4.299306E+04 -1.210000E-05 
1.017372E+04 -1.078000E-04 
3.303106E+03 -6.290000E-04 
1.263540E+03 -2.832300E-03 
5.363655E+02 -1.044620E-02 
2.448762E+02 -3.194000E-02 
1.179912E+02 -7.845990E-02 
5.902125E+01 -1.439719E-01 
3.035607E+01 -1.691703E-01 
1.581998E+01 -1.759660E-02 
8.104580E+00 3.002649E-01 
4.097964E+00 4.847661E-01 
2.056061E+00 2.967248E-01 
9.521450E-01 4.745330E-02 
4.447740E-01 -4.728000E-04 
1.974960E-01 9.253000E-04 
8.382300E-02 -1.847000E-04 
4 1 17 
4.299306E+04 3.300000E-06 
1.017372E+04 2.930000E-05 
3.303106E+03 1.713000E-04 
1.263540E+03 7.695000E-04 
5.363655E+02 2.851400E-03 
2.448762E+02 8.720400E-03 
1.179912E+02 2.161810E-02 
5.902125E+01 3.980240E-02 
3.035607E+01 4.747750E-02 
1.581998E+01 -4.773000E-04 
8.104580E+00 -1.021891E-01 
4.097964E+00 -1.823611E-01 
2.056061E+00 -1.173363E-01 
9.521450E-01 1.954244E-01 
4.447740E-01 4.590176E-01 
1.974960E-01 4.096174E-01 
8.382300E-02 1.259715E-01 
5 1 1 
9.521450E-01 1.000000E+00 
6 1 1 
4.447740E-01 1.000000E+00 
7 1 1 
1.974960E-01 1.000000E+00 
8 1 1 
8.382300E-02 1.000000E+00 
9 1 1 
0.0331290 1.0000000 
3 2 12 
2.067436E+03 4.960000E-05 
6.256937E+02 4.944000E-04 
2.439468E+02 3.026500E-03 
1.084237E+02 1.334610E-02 
5.200522E+01 4.378690E-02 
2.611540E+01 1.114388E-01 
1.354675E+01 2.130341E-01 
7.105810E+00 2.979241E-01 
3.721554E+00 3.079660E-01 
1.929120E+00 2.110775E-01 
9.558260E-01 7.632610E-02 
4.051970E-01 9.173300E-03 
4 2 1 
1.929120E+00 1.000000E+00 
5 2 1 
9.558260E-01 1.000000E+00 
6 2 1 
4.051970E-01 1.000000E+00 
7 2 1 
1.741000E-01 1.000000E+00 
8 2 1 
0.1014000 1.0000000 
4 3 1 
1.094000E+00 1.000000E+00 
5 3 1 
5.870000E-01 1.000000E+00 
6 3 1 
3.150000E-01 1.000000E+00 
7 3 1 
0.1784000 1.0000000 
5 4 1 
1.104000E+00 1.000000E+00 
6 4 1 
5.010000E-01 1.000000E+00 
7 4 1 
0.2550000 1.0000000 
6 5 1 
9.303000E-01 1.0000000 
7 5 1 
0.5800000 1.0000000 
