O-POSITRON E+ (KR-DEF2-TZVPPD-AUX-DIF) BASIS TYPE:2 
# 
25 
1 0 8 
600250.97575000 0.00023741 
89976.65078100 0.00184102 
20476.81422500 0.00957956 
5796.15540780 0.03902065 
1887.59131960 0.12772646 
679.11458519 0.30596521 
264.38244511 0.44857474 
104.88368574 0.24722957 
2 0 4 
641.47370764 -0.02674528 
199.57524820 -0.12571123 
33.54546295 0.56483736 
14.68395514 0.55972766 
3 0 2 
22.60310186 -0.25298772 
4.06506830 0.70992160 
4 0 1 
1.96110271 1.00000000 
5 0 1 
0.52465148 1.00000000 
6 0 1 
0.19332400 1.00000000 
7 0 1 
0.06173025 1.00000000 
8 1 6 
3232.95896140 0.00248856 
765.96442694 0.02037901 
246.33940810 0.09697719 
92.36528304 0.28199961 
37.19950955 0.45116254 
15.17216653 0.24917131 
9 1 4 
60.93132170 -0.02217360 
9.47926006 0.32838463 
4.25646863 0.58124997 
1.97293138 0.32863542 
10 1 1 
0.76337109 1.00000000 
11 1 1 
0.30943626 1.00000000 
12 1 1 
0.11569704 1.00000000 
13 1 1 
0.03236469 1.00000000 
14 2 5 
186.41760904 0.00861203 
55.27412434 0.06039441 
20.28321912 0.21181332 
8.08845370 0.40366293 
3.22140339 0.42402861 
15 2 1 
1.19521701 1.00000000 
16 2 1 
0.64800000 1.00000000 
17 2 1 
0.25100000 1.00000000 
18 2 1 
0.08790013 1.00000000 
19 3 1 
0.62800000 1.00000000 
1 0 1 
0.0195208191 1.0 
2 0 1 
0.006173025 1.0 
3 0 1 
0.0019520819 1.0 
5 1 1 
0.0102346136 1.0 
6 1 1 
0.003236469 1.0 
7 1 1 
0.0010234614 1.0 
