O-POSITRON E+ (LI-DEF2-TZVPPD-AUX-DIF) BASIS TYPE:2 
# 
16 
1 0 6 
6269.26280100 0.00020541 
940.31612431 0.00159166 
214.22107528 0.00828698 
60.75984018 0.03385637 
19.91515203 0.11103226 
7.31715098 0.27449383 
2 0 2 
2.97246742 0.23792456 
1.26398523 0.30765412 
3 0 1 
0.51427490 1.00000000 
4 0 1 
0.07703089 1.00000000 
5 0 1 
0.02893890 1.00000000 
6 1 1 
0.40000000 1.00000000 
7 1 1 
0.06000000 1.00000000 
8 1 1 
3.32700000 1.00000000 
9 1 1 
0.02009723 1.00000000 
10 2 1 
0.13190000 1.00000000 
1 0 1 
0.009151283 1.0 
2 0 1 
0.002893890 1.0 
3 0 1 
0.0009151283 1.0 
5 1 1 
0.006355304 1.0 
6 1 1 
0.002009723 1.0 
7 1 1 
0.0006355304 1.0 
