O-POSITRON E+ (LI-AUG-CC-PV5Z) BASIS TYPE:2 
# (33s,13p,5d,4f,3g,2h) -> [7s,6p,5d,4f,3g,2h] 
27 
1 0 14 
2.949300E+04 1.800000E-05 
4.417101E+03 1.410000E-04 
1.005223E+03 7.390000E-04 
2.847009E+02 3.107000E-03 
9.286543E+01 1.113500E-02 
3.351179E+01 3.467000E-02 
1.304180E+01 9.217100E-02 
5.357536E+00 1.995760E-01 
2.279338E+00 3.288360E-01 
9.939900E-01 3.459750E-01 
4.334710E-01 1.427610E-01 
9.556600E-02 5.319000E-03 
4.465700E-02 -2.101000E-03 
2.063300E-02 8.150000E-04 
2 0 14 
2.949300E+04 -3.000000E-06 
4.417101E+03 -2.200000E-05 
1.005223E+03 -1.150000E-04 
2.847009E+02 -4.870000E-04 
9.286543E+01 -1.746000E-03 
3.351179E+01 -5.520000E-03 
1.304180E+01 -1.492800E-02 
5.357536E+00 -3.420600E-02 
2.279338E+00 -6.215500E-02 
9.939900E-01 -9.590200E-02 
4.334710E-01 -1.039720E-01 
9.556600E-02 3.071510E-01 
4.465700E-02 5.790280E-01 
2.063300E-02 2.232310E-01 
3 0 1 
4.334710E-01 1.000000E+00 
4 0 1 
9.556600E-02 1.000000E+00 
5 0 1 
4.465700E-02 1.000000E+00 
6 0 1 
2.063300E-02 1.000000E+00 
7 0 1 
6.100000E-03 1.0000000 
2 1 8 
1.966350E+01 5.400000E-04 
4.623110E+00 3.865000E-03 
1.413780E+00 1.517100E-02 
4.737210E-01 4.920400E-02 
1.761510E-01 1.546610E-01 
7.267500E-02 3.600950E-01 
3.214100E-02 4.418520E-01 
1.455600E-02 1.560000E-01 
3 1 1 
1.761510E-01 1.000000E+00 
4 1 1 
7.267500E-02 1.000000E+00 
5 1 1 
3.214100E-02 1.000000E+00 
6 1 1 
1.455600E-02 1.000000E+00 
7 1 1 
6.500000E-03 1.0000000 
3 2 1 
5.310000E-01 1.000000E+00 
4 2 1 
2.481000E-01 1.000000E+00 
5 2 1 
1.159000E-01 1.000000E+00 
6 2 1 
5.420000E-02 1.000000E+00 
7 2 1 
2.350000E-02 1.0000000 
4 3 1 
2.920000E-01 1.000000E+00 
5 3 1 
1.641000E-01 1.000000E+00 
6 3 1 
9.220000E-02 1.000000E+00 
7 3 1 
4.480000E-02 1.0000000 
5 4 1 
2.971000E-01 1.000000E+00 
6 4 1 
1.500000E-01 1.000000E+00 
7 4 1 
7.240000E-02 1.0000000 
6 5 1 
2.949000E-01 1.0000000 
7 5 1 
1.274000E-01 1.0000000 
