O-POSITRON E+ (LI-AUG-CC-PVTZ) BASIS TYPE:2 
# 
14 
1 0 9 
5988.00000000 0.00013300 
898.90000000 0.00102500 
205.90000000 0.00527200 
59.24000000 0.02092900 
19.87000000 0.06634000 
7.40600000 0.16577500 
2.93000000 0.31503800 
1.18900000 0.39352300 
0.47980000 0.19087000 
2 0 9 
5988.00000000 -0.00002100 
898.90000000 -0.00016100 
205.90000000 -0.00082000 
59.24000000 -0.00332600 
19.87000000 -0.01051900 
7.40600000 -0.02809700 
2.93000000 -0.05593600 
1.18900000 -0.09923700 
0.47980000 -0.11218900 
3 0 1 
0.07509000 1.00000000 
4 0 1 
0.02832000 1.00000000 
5 0 1 
0.00760000 1.00000000 
6 1 3 
3.26600000 0.00863000 
0.65110000 0.04753800 
0.16960000 0.20977200 
7 1 1 
0.05578000 1.00000000 
8 1 1 
0.02050000 1.00000000 
9 1 1 
0.00910000 1.00000000 
10 2 1 
0.18740000 1.00000000 
11 2 1 
0.08010000 1.00000000 
12 2 1 
0.03710000 1.00000000 
13 3 1 
0.18290000 1.00000000 
14 3 1 
0.08160000 1.00000000 
