O-POSITRON E+ (LI-S-DEF2-TZVPPD-AUX-DIF) BASIS TYPE:2 
# 
11 
1 0 6 
6269.26280100 0.00020541 
940.31612431 0.00159166 
214.22107528 0.00828698 
60.75984018 0.03385637 
19.91515203 0.11103226 
7.31715098 0.27449383 
2 0 2 
2.97246742 0.23792456 
1.26398523 0.30765412 
3 0 1 
0.51427490 1.00000000 
4 0 1 
0.07703089 1.00000000 
5 0 1 
0.02893890 1.00000000 
1 0 1 
0.009151283 1.0 
2 0 1 
0.002893890 1.0 
3 0 1 
0.0009151283 1.0 
4 0 1 
0.0002893890 1.0 
5 0 1 
0.00009151283 1.0 
6 0 1 
0.00002893890 1.0 
