O-POSITRON E+ (LI-AUG-CC-PVDZ) BASIS TYPE:2 
# 
9 
1 0 8 
1469.00000000 0.00076600 
220.50000000 0.00589200 
50.26000000 0.02967100 
14.24000000 0.10918000 
4.58100000 0.28278900 
1.58000000 0.45312300 
0.56400000 0.27477400 
0.07345000 0.00975100 
2 0 8 
1469.00000000 -0.00012000 
220.50000000 -0.00092300 
50.26000000 -0.00468900 
14.24000000 -0.01768200 
4.58100000 -0.04890200 
1.58000000 -0.09600900 
0.56400000 -0.13638000 
0.07345000 0.57510200 
3 0 1 
0.02805000 1.00000000 
4 0 1 
0.00864000 1.00000000 
5 1 3 
1.53400000 0.02278400 
0.27490000 0.13910700 
0.07362000 0.50037500 
6 1 1 
0.02403000 1.00000000 
7 1 1 
0.00579000 1.00000000 
8 2 1 
0.12390000 1.00000000 
9 2 1 
0.07250000 1.00000000 
