O-POSITRON E+ (MG-AUG-CC-PV5Z) BASIS TYPE:2 
# (65s,33p,5d,4f,3g,2h) -> [8s,7p,5d,4f,3g,2h] 
29 
1 0 20 
2.968000E+06 1.971770E-06 
4.443000E+05 1.533620E-05 
1.011000E+05 8.068520E-05 
2.864000E+04 3.407710E-04 
9.343000E+03 1.241940E-03 
3.373000E+03 4.041240E-03 
1.316000E+03 1.197970E-02 
5.458000E+02 3.242530E-02 
2.381000E+02 7.893320E-02 
1.082000E+02 1.665750E-01 
5.080000E+01 2.828710E-01 
2.448000E+01 3.318900E-01 
1.193000E+01 2.032870E-01 
5.543000E+00 3.828970E-02 
2.675000E+00 3.089160E-04 
1.263000E+00 1.389070E-03 
5.883000E-01 -1.361590E-04 
1.496000E-01 8.553220E-05 
6.700000E-02 -5.691020E-05 
2.952000E-02 1.772590E-05 
2 0 20 
2.968000E+06 -4.981600E-07 
4.443000E+05 -3.875630E-06 
1.011000E+05 -2.038540E-05 
2.864000E+04 -8.616590E-05 
9.343000E+03 -3.141760E-04 
3.373000E+03 -1.025770E-03 
1.316000E+03 -3.058160E-03 
5.458000E+02 -8.410630E-03 
2.381000E+02 -2.112020E-02 
1.082000E+02 -4.768820E-02 
5.080000E+01 -9.241190E-02 
2.448000E+01 -1.425480E-01 
1.193000E+01 -1.261680E-01 
5.543000E+00 7.152820E-02 
2.675000E+00 3.830390E-01 
1.263000E+00 4.901330E-01 
5.883000E-01 2.043810E-01 
1.496000E-01 7.022310E-03 
6.700000E-02 -2.678740E-03 
2.952000E-02 6.936900E-04 
3 0 20 
2.968000E+06 9.601750E-08 
4.443000E+05 7.461640E-07 
1.011000E+05 3.931190E-06 
2.864000E+04 1.658120E-05 
9.343000E+03 6.062570E-05 
3.373000E+03 1.973220E-04 
1.316000E+03 5.908810E-04 
5.458000E+02 1.619040E-03 
2.381000E+02 4.097560E-03 
1.082000E+02 9.229890E-03 
5.080000E+01 1.821680E-02 
2.448000E+01 2.828840E-02 
1.193000E+01 2.650590E-02 
5.543000E+00 -1.720530E-02 
2.675000E+00 -8.859170E-02 
1.263000E+00 -1.638710E-01 
5.883000E-01 -1.595060E-01 
1.496000E-01 3.217150E-01 
6.700000E-02 5.913730E-01 
2.952000E-02 2.368660E-01 
4 0 1 
5.883000E-01 1.000000E+00 
5 0 1 
1.496000E-01 1.000000E+00 
6 0 1 
6.700000E-02 1.000000E+00 
7 0 1 
2.952000E-02 1.000000E+00 
8 0 1 
1.080000E-02 1.0000000 
2 1 14 
1.441000E+03 1.524070E-04 
3.414000E+02 1.327640E-03 
1.107000E+02 7.219370E-03 
4.197000E+01 2.852050E-02 
1.749000E+01 8.653460E-02 
7.753000E+00 1.949500E-01 
3.534000E+00 3.120510E-01 
1.614000E+00 3.484760E-01 
7.299000E-01 2.188860E-01 
3.029000E-01 4.355790E-02 
1.583000E-01 -3.737470E-03 
8.190000E-02 3.051230E-03 
4.123000E-02 -8.669220E-04 
1.988000E-02 2.305170E-04 
3 1 14 
1.441000E+03 -2.410310E-05 
3.414000E+02 -2.108090E-04 
1.107000E+02 -1.145300E-03 
4.197000E+01 -4.564170E-03 
1.749000E+01 -1.396030E-02 
7.753000E+00 -3.211050E-02 
3.534000E+00 -5.162170E-02 
1.614000E+00 -6.137130E-02 
7.299000E-01 -4.424650E-02 
3.029000E-01 5.231910E-02 
1.583000E-01 2.216920E-01 
8.190000E-02 3.952550E-01 
4.123000E-02 3.640780E-01 
1.988000E-02 9.779520E-02 
4 1 1 
1.583000E-01 1.000000E+00 
5 1 1 
8.190000E-02 1.000000E+00 
6 1 1 
4.123000E-02 1.000000E+00 
7 1 1 
1.988000E-02 1.000000E+00 
8 1 1 
7.100000E-03 1.0000000 
3 2 1 
1.083700E+00 1.000000E+00 
4 2 1 
4.968000E-01 1.000000E+00 
5 2 1 
2.278000E-01 1.000000E+00 
6 2 1 
1.044000E-01 1.000000E+00 
7 2 1 
3.710000E-02 1.0000000 
4 3 1 
4.917000E-01 1.000000E+00 
5 3 1 
2.764000E-01 1.000000E+00 
6 3 1 
1.554000E-01 1.000000E+00 
7 3 1 
5.790000E-02 1.0000000 
5 4 1 
4.427000E-01 1.000000E+00 
6 4 1 
2.311000E-01 1.000000E+00 
7 4 1 
9.470000E-02 1.0000000 
6 5 1 
3.731000E-01 1.0000000 
7 5 1 
1.577000E-01 1.0000000 
