O-POSITRON E+ (MG-AUG-CC-PVTZ) BASIS TYPE:2 
# 
16 
1 0 13 
164900.00000000 0.00007299 
24710.00000000 0.00056665 
5628.00000000 0.00296269 
1596.00000000 0.01229620 
521.00000000 0.04273240 
188.00000000 0.12301300 
73.01000000 0.27483200 
29.90000000 0.40181800 
12.54000000 0.26469700 
4.30600000 0.03326120 
1.82600000 -0.00441335 
0.74170000 0.00206024 
0.07612000 0.00070820 
2 0 13 
164900.00000000 -0.00001842 
24710.00000000 -0.00014350 
5628.00000000 -0.00074871 
1596.00000000 -0.00314407 
521.00000000 -0.01104810 
188.00000000 -0.03360580 
73.01000000 -0.08259460 
29.90000000 -0.15931400 
12.54000000 -0.15288800 
4.30600000 0.19084900 
1.82600000 0.57996400 
0.74170000 0.37202900 
0.07612000 -0.01193440 
3 0 13 
164900.00000000 0.00000355 
24710.00000000 0.00002764 
5628.00000000 0.00014440 
1596.00000000 0.00060574 
521.00000000 0.00213527 
188.00000000 0.00649934 
73.01000000 0.01614460 
29.90000000 0.03157660 
12.54000000 0.03163740 
4.30600000 -0.04391400 
1.82600000 -0.15109300 
0.74170000 -0.21766800 
0.07612000 0.54724500 
4 0 1 
0.14570000 1.00000000 
5 0 1 
0.03310000 1.00000000 
6 0 1 
0.01290000 1.00000000 
7 1 8 
316.90000000 0.00207532 
74.86000000 0.01628690 
23.72000000 0.07386970 
8.66900000 0.21429700 
3.36300000 0.38215400 
1.31000000 0.39817800 
0.49110000 0.15287800 
0.23640000 -0.00437540 
8 1 8 
316.90000000 -0.00032973 
74.86000000 -0.00258754 
23.72000000 -0.01191200 
8.66900000 -0.03502270 
3.36300000 -0.06399680 
1.31000000 -0.07044360 
0.49110000 -0.03758360 
0.23640000 0.17704300 
9 1 1 
0.08733000 1.00000000 
10 1 1 
0.03237000 1.00000000 
11 1 1 
0.00745000 1.00000000 
12 2 1 
0.12600000 1.00000000 
13 2 1 
0.29400000 1.00000000 
14 2 1 
0.04680000 1.00000000 
15 3 1 
0.25200000 1.00000000 
16 3 1 
0.09400000 1.00000000 
