O-POSITRON E+ (MG-AUG-CC-PVDZ) BASIS TYPE:2 
# 
11 
1 0 11 
47390.00000000 0.00034602 
7108.00000000 0.00268077 
1618.00000000 0.01383670 
458.40000000 0.05517670 
149.30000000 0.16966000 
53.59000000 0.36470300 
20.70000000 0.40685600 
8.38400000 0.13508900 
2.54200000 0.00490884 
0.87870000 0.00028646 
0.10770000 0.00002646 
2 0 11 
47390.00000000 -0.00008778 
7108.00000000 -0.00067473 
1618.00000000 -0.00355603 
458.40000000 -0.01421540 
149.30000000 -0.04767480 
53.59000000 -0.11489200 
20.70000000 -0.20067600 
8.38400000 -0.03412240 
2.54200000 0.57045400 
0.87870000 0.54230900 
0.10770000 0.02181280 
3 0 11 
47390.00000000 0.00001696 
7108.00000000 0.00012987 
1618.00000000 0.00068883 
458.40000000 0.00273533 
149.30000000 0.00931224 
53.59000000 0.02232650 
20.70000000 0.04111950 
8.38400000 0.00545642 
2.54200000 -0.13401200 
0.87870000 -0.25617600 
0.10770000 0.60585600 
4 0 1 
0.03999000 1.00000000 
5 0 1 
0.01488000 1.00000000 
6 1 7 
179.90000000 0.00538161 
42.14000000 0.03924180 
13.13000000 0.15744500 
4.62800000 0.35853500 
1.67000000 0.45722600 
0.58570000 0.21591800 
0.13110000 0.00664948 
7 1 7 
179.90000000 -0.00086595 
42.14000000 -0.00615978 
13.13000000 -0.02615190 
4.62800000 -0.05706470 
1.67000000 -0.08739060 
0.58570000 -0.01229900 
0.13110000 0.50208500 
8 1 1 
0.04112000 1.00000000 
9 1 1 
0.00935000 1.00000000 
10 2 1 
0.18700000 1.00000000 
11 2 1 
0.05950000 1.00000000 
