O-POSITRON E+ (MN-AUG-CC-PVDZ) BASIS TYPE:2 
# 
19 
1 0 19 
3960805.00000000 0.00000824 
593115.50000000 0.00006409 
134976.80000000 0.00033693 
38230.67000000 0.00142065 
12471.54000000 0.00514368 
4501.74300000 0.01648569 
1755.21200000 0.04698560 
727.30390000 0.11624370 
316.36780000 0.23352770 
143.00980000 0.32928370 
66.21805000 0.24403040 
29.91896000 0.07219806 
14.30318000 0.07687806 
6.83945100 0.07852235 
3.01237400 0.01294109 
1.41880800 -0.00037849 
0.62362400 -0.00002503 
0.13409800 -0.00002422 
0.06554800 0.00003462 
2 0 19 
3960805.00000000 -0.00000394 
593115.50000000 -0.00003060 
134976.80000000 -0.00016096 
38230.67000000 -0.00067923 
12471.54000000 -0.00246618 
4501.74300000 -0.00795763 
1755.21200000 -0.02307248 
727.30390000 -0.05932956 
316.36780000 -0.12994510 
143.00980000 -0.22123520 
66.21805000 -0.22925500 
29.91896000 0.03580733 
14.30318000 0.51076020 
6.83945100 0.50083070 
3.01237400 0.09011830 
1.41880800 -0.00690991 
0.62362400 -0.00019129 
0.13409800 -0.00060323 
0.06554800 0.00056216 
3 0 19 
3960805.00000000 0.00000095 
593115.50000000 0.00000736 
134976.80000000 0.00003870 
38230.67000000 0.00016351 
12471.54000000 0.00059418 
4501.74300000 0.00192774 
1755.21200000 0.00564173 
727.30390000 0.01487848 
316.36780000 0.03414783 
143.00980000 0.06405794 
66.21805000 0.07557659 
29.91896000 -0.01946070 
14.30318000 -0.29578740 
6.83945100 -0.45211700 
3.01237400 0.12245310 
1.41880800 0.71697560 
0.62362400 0.40927120 
0.13409800 0.02221969 
0.06554800 -0.00901120 
4 0 19 
3960805.00000000 -0.00000021 
593115.50000000 -0.00000163 
134976.80000000 -0.00000857 
38230.67000000 -0.00003619 
12471.54000000 -0.00013161 
4501.74300000 -0.00042668 
1755.21200000 -0.00125027 
727.30390000 -0.00329467 
316.36780000 -0.00758186 
143.00980000 -0.01422864 
66.21805000 -0.01693796 
29.91896000 0.00445430 
14.30318000 0.06867042 
6.83945100 0.11133350 
3.01237400 -0.03900820 
1.41880800 -0.22157550 
0.62362400 -0.25443590 
0.13409800 0.28658660 
0.06554800 0.57557410 
5 0 19 
3960805.00000000 -0.00000041 
593115.50000000 -0.00000328 
134976.80000000 -0.00001667 
38230.67000000 -0.00007370 
12471.54000000 -0.00025295 
4501.74300000 -0.00088014 
1755.21200000 -0.00236548 
727.30390000 -0.00692635 
316.36780000 -0.01393851 
143.00980000 -0.03143840 
66.21805000 -0.02625749 
29.91896000 -0.01048313 
14.30318000 0.18564720 
6.83945100 0.15248390 
3.01237400 0.07411368 
1.41880800 -1.01809700 
0.62362400 0.29803720 
0.13409800 1.97198900 
0.06554800 -1.17925300 
6 0 1 
0.02958400 1.00000000 
7 0 1 
0.01335000 1.00000000 
8 1 15 
16205.86000000 0.00004200 
3836.27400000 0.00037300 
1246.04800000 0.00214900 
476.75350000 0.00944500 
202.18950000 0.03329700 
92.09487000 0.09475900 
44.14720000 0.20814400 
21.85468000 0.33180500 
11.08596000 0.33317500 
5.67410800 0.15760100 
2.82317000 0.02144500 
1.36862100 -0.00255800 
0.64443100 -0.00202700 
0.24838200 -0.00036000 
0.09725500 0.00003400 
9 1 15 
16205.86000000 -0.00001500 
3836.27400000 -0.00012900 
1246.04800000 -0.00074800 
476.75350000 -0.00330800 
202.18950000 -0.01181100 
92.09487000 -0.03453300 
44.14720000 -0.07878500 
21.85468000 -0.13218300 
11.08596000 -0.13719500 
5.67410800 0.02707500 
2.82317000 0.32889100 
1.36862100 0.45728000 
0.64443100 0.28890800 
0.24838200 0.04743300 
0.09725500 -0.00352200 
10 1 15 
16205.86000000 0.00000300 
3836.27400000 0.00003000 
1246.04800000 0.00017200 
476.75350000 0.00076200 
202.18950000 0.00272600 
92.09487000 0.00797600 
44.14720000 0.01828700 
21.85468000 0.03077600 
11.08596000 0.03237300 
5.67410800 -0.00997800 
2.82317000 -0.09052900 
1.36862100 -0.13800400 
0.64443100 -0.07796500 
0.24838200 0.22956000 
0.09725500 0.57612200 
11 1 15 
16205.86000000 0.00000400 
3836.27400000 0.00004000 
1246.04800000 0.00022600 
476.75350000 0.00101300 
202.18950000 0.00357500 
92.09487000 0.01061200 
44.14720000 0.02390200 
21.85468000 0.04127900 
11.08596000 0.04147500 
5.67410800 -0.00945800 
2.82317000 -0.12369500 
1.36862100 -0.17439200 
0.64443100 -0.12917000 
0.24838200 0.40034800 
0.09725500 0.66964600 
12 1 1 
0.03663300 1.00000000 
13 1 1 
0.01380000 1.00000000 
14 2 7 
100.66300000 0.00357900 
29.83360000 0.02582700 
10.88940000 0.09855900 
4.39358000 0.23832700 
1.81782000 0.35870700 
0.72782700 0.36509200 
0.27129500 0.23373800 
15 2 7 
100.66300000 -0.00345400 
29.83360000 -0.02492500 
10.88940000 -0.09763500 
4.39358000 -0.23669200 
1.81782000 -0.29235000 
0.72782700 -0.00497300 
0.27129500 0.50658800 
16 2 1 
0.08830900 1.00000000 
17 2 1 
0.02875000 1.00000000 
18 3 2 
2.70320000 0.42677600 
0.64380000 0.76979900 
19 3 1 
0.22260000 1.00000000 
