O-POSITRON E+ (MG-DEF2-TZVPPD-AUX-DIF) BASIS TYPE:2 
# 
19 
1 0 7 
31438.34955500 0.00060912 
4715.51533540 0.00470662 
1073.16292470 0.02413582 
303.57238768 0.09362896 
98.62625104 0.26646742 
34.94380842 0.47890930 
12.85978520 0.33698490 
2 0 3 
64.87691300 0.01918089 
19.72552078 0.09091370 
2.89518043 -0.39563756 
3 0 2 
1.19604547 1.68276034 
0.54329451 0.52141092 
4 0 1 
0.10099104 1.00000000 
5 0 1 
0.03686573 1.00000000 
6 1 5 
179.87189612 0.00537995 
42.12006938 0.03931801 
13.12050303 0.15740129 
4.62575036 0.35919094 
1.66952110 0.45533379 
7 1 1 
0.58551012 1.00000000 
8 1 1 
0.18914796 1.00000000 
9 1 1 
0.05376876 1.00000000 
10 1 1 
0.02457699 1.00000000 
11 2 1 
3.44400000 1.00000000 
12 2 1 
0.29000000 1.00000000 
13 2 1 
0.07000000 1.00000000 
1 0 1 
0.011657967 1.0 
2 0 1 
0.003686573 1.0 
3 0 1 
0.001165797 1.0 
5 1 1 
0.007771928 1.0 
6 1 1 
0.002457699 1.0 
7 1 1 
0.000777193 1.0 
