O-POSITRON E+ (MN-DEF2-TZVPPD-AUX-DIF) BASIS TYPE:2 
# 
28 
1 0 8 
277185.00153000 0.00022838 
41550.76989000 0.00177077 
9455.97001520 0.00920772 
2676.52064820 0.03741597 
871.46687530 0.12164861 
312.98306420 0.28824392 
121.44454051 0.41041601 
47.92259883 0.21372375 
2 0 4 
303.66723163 -0.02458993 
93.88140319 -0.11602608 
14.87942121 0.55112060 
6.28652007 0.53707561 
3 0 2 
9.48585913 -0.22889263 
1.56987062 0.71196170 
4 0 1 
0.65903214 1.00000000 
5 0 1 
0.10686292 1.00000000 
6 0 1 
0.03926744 1.00000000 
7 1 6 
1444.79781820 0.00239941 
342.06551197 0.01936929 
109.58400891 0.09023611 
40.74798817 0.25745468 
16.18862657 0.41272352 
6.54845060 0.24087700 
8 1 3 
25.35708644 -0.02870717 
3.48301688 0.55208101 
1.38588009 0.97226901 
9 1 1 
0.52555095 1.00000000 
10 1 1 
0.19930000 1.00000000 
11 1 1 
0.07557000 1.00000000 
12 1 1 
0.03024012 1.00000000 
13 2 4 
56.56318912 0.01154325 
16.27873471 0.07029985 
5.69642739 0.22450771 
2.14111479 0.39703065 
14 2 1 
0.78291802 1.00000000 
15 2 1 
0.25952311 1.00000000 
16 2 1 
0.08600000 1.00000000 
17 3 1 
2.97500000 1.00000000 
18 3 1 
0.72000000 1.00000000 
19 4 1 
1.75500000 1.00000000 
1 0 1 
0.012417453 1.0 
2 0 1 
0.003926744 1.0 
3 0 1 
0.001241745 1.0 
5 1 1 
0.009562765 1.0 
6 1 1 
0.003024012 1.0 
7 1 1 
0.000956276 1.0 
9 2 1 
0.027195588 1.0 
10 2 1 
0.008600000 1.0 
11 2 1 
0.002719559 1.0 
