O-POSITRON E+ (MN-AUG-CC-PV5Z) BASIS TYPE:2 
# (226s,139p,62d,5f,4g,3h,2i) -> [10s,9p,7d,5f,4g,3h,2i] 
40 
1 0 28 
1.377660E+08 8.842975E-08 
2.456400E+07 5.905615E-07 
5.479990E+06 3.421330E-06 
1.466640E+06 1.566036E-05 
4.544210E+05 6.063846E-05 
1.582160E+05 2.053663E-04 
6.040430E+04 6.278180E-04 
2.479360E+04 1.771534E-03 
1.077230E+04 4.687682E-03 
4.895540E+03 1.172341E-02 
2.306560E+03 2.769121E-02 
1.119560E+03 6.096465E-02 
5.573810E+02 1.213985E-01 
2.837780E+02 2.067236E-01 
1.474360E+02 2.716552E-01 
7.802270E+01 2.296262E-01 
4.196790E+01 9.993531E-02 
2.287780E+01 4.335678E-02 
1.258450E+01 7.097637E-02 
6.941700E+00 6.195771E-02 
3.806290E+00 1.878693E-02 
2.050310E+00 1.455711E-03 
1.068380E+00 -5.045613E-05 
5.366060E-01 -8.380837E-05 
1.832600E-01 -9.776338E-07 
1.052970E-01 9.779516E-06 
5.146400E-02 1.146026E-05 
2.467800E-02 3.964203E-06 
2 0 28 
1.377660E+08 -4.218706E-08 
2.456400E+07 -2.817388E-07 
5.479990E+06 -1.632223E-06 
1.466640E+06 -7.471311E-06 
4.544210E+05 -2.893181E-05 
1.582160E+05 -9.800407E-05 
6.040430E+04 -2.997548E-04 
2.479360E+04 -8.468121E-04 
1.077230E+04 -2.246523E-03 
4.895540E+03 -5.649008E-03 
2.306560E+03 -1.349329E-02 
1.119560E+03 -3.037651E-02 
5.573810E+02 -6.317168E-02 
2.837780E+02 -1.169586E-01 
1.474360E+02 -1.804917E-01 
7.802270E+01 -1.999569E-01 
4.196790E+01 -9.135649E-02 
2.287780E+01 1.705224E-01 
1.258450E+01 4.562984E-01 
6.941700E+00 4.058134E-01 
3.806290E+00 1.228205E-01 
2.050310E+00 9.020458E-03 
1.068380E+00 -1.825436E-03 
5.366060E-01 -1.093262E-03 
1.832600E-01 -8.298619E-05 
1.052970E-01 1.053172E-04 
5.146400E-02 5.625668E-05 
2.467800E-02 2.887828E-05 
3 0 28 
1.377660E+08 1.015457E-08 
2.456400E+07 6.782945E-08 
5.479990E+06 3.928614E-07 
1.466640E+06 1.798871E-06 
4.544210E+05 6.963577E-06 
1.582160E+05 2.360275E-05 
6.040430E+04 7.217248E-05 
2.479360E+04 2.041835E-04 
1.077230E+04 5.421183E-04 
4.895540E+03 1.369241E-03 
2.306560E+03 3.290005E-03 
1.119560E+03 7.518812E-03 
5.573810E+02 1.602116E-02 
2.837780E+02 3.113189E-02 
1.474360E+02 5.187931E-02 
7.802270E+01 6.455440E-02 
4.196790E+01 3.109453E-02 
2.287780E+01 -8.134397E-02 
1.258450E+01 -2.830847E-01 
6.941700E+00 -3.683282E-01 
3.806290E+00 -5.599023E-02 
2.050310E+00 4.285509E-01 
1.068380E+00 5.819623E-01 
5.366060E-01 2.496080E-01 
1.832600E-01 1.728022E-02 
1.052970E-01 -4.795031E-03 
5.146400E-02 3.440433E-03 
2.467800E-02 8.122912E-05 
4 0 28 
1.377660E+08 -2.246625E-09 
2.456400E+07 -1.500767E-08 
5.479990E+06 -8.691633E-08 
1.466640E+06 -3.980171E-07 
4.544210E+05 -1.540586E-06 
1.582160E+05 -5.222482E-06 
6.040430E+04 -1.596671E-05 
2.479360E+04 -4.518135E-05 
1.077230E+04 -1.199336E-04 
4.895540E+03 -3.030247E-04 
2.306560E+03 -7.279695E-04 
1.119560E+03 -1.664739E-03 
5.573810E+02 -3.547631E-03 
2.837780E+02 -6.904790E-03 
1.474360E+02 -1.152342E-02 
7.802270E+01 -1.441381E-02 
4.196790E+01 -6.961783E-03 
2.287780E+01 1.838929E-02 
1.258450E+01 6.658310E-02 
6.941700E+00 9.026754E-02 
3.806290E+00 1.114062E-02 
2.050310E+00 -1.232779E-01 
1.068380E+00 -2.094592E-01 
5.366060E-01 -1.925129E-01 
1.832600E-01 7.524310E-02 
1.052970E-01 4.096457E-01 
5.146400E-02 5.138881E-01 
2.467800E-02 1.648146E-01 
5 0 28 
1.377660E+08 -4.534252E-09 
2.456400E+07 -3.003406E-08 
5.479990E+06 -1.758309E-07 
1.466640E+06 -7.947986E-07 
4.544210E+05 -3.125609E-06 
1.582160E+05 -1.039025E-05 
6.040430E+04 -3.253639E-05 
2.479360E+04 -8.943434E-05 
1.077230E+04 -2.457164E-04 
4.895540E+03 -5.964197E-04 
2.306560E+03 -1.500461E-03 
1.119560E+03 -3.255209E-03 
5.573810E+02 -7.379623E-03 
2.837780E+02 -1.333239E-02 
1.474360E+02 -2.461735E-02 
7.802270E+01 -2.607861E-02 
4.196790E+01 -2.088826E-02 
2.287780E+01 5.123107E-02 
1.258450E+01 1.130295E-01 
6.941700E+00 2.466771E-01 
3.806290E+00 -6.508546E-02 
2.050310E+00 -2.324403E-01 
1.068380E+00 -7.884686E-01 
5.366060E-01 2.571250E-01 
1.832600E-01 1.473500E+00 
1.052970E-01 -1.641997E-02 
5.146400E-02 -6.176794E-01 
2.467800E-02 -5.285905E-01 
6 0 28 
1.377660E+08 -7.148000E-09 
2.456400E+07 -4.720068E-08 
5.479990E+06 -2.774238E-07 
1.466640E+06 -1.248083E-06 
4.544210E+05 -4.936711E-06 
1.582160E+05 -1.629371E-05 
6.040430E+04 -5.147115E-05 
2.479360E+04 -1.399872E-04 
1.077230E+04 -3.894882E-04 
4.895540E+03 -9.316701E-04 
2.306560E+03 -2.384126E-03 
1.119560E+03 -5.075251E-03 
5.573810E+02 -1.177533E-02 
2.837780E+02 -2.073168E-02 
1.474360E+02 -3.978041E-02 
7.802270E+01 -3.983610E-02 
4.196790E+01 -3.723219E-02 
2.287780E+01 9.006454E-02 
1.258450E+01 1.833979E-01 
6.941700E+00 4.676477E-01 
3.806290E+00 -2.128283E-01 
2.050310E+00 -7.680324E-01 
1.068380E+00 -1.249617E+00 
5.366060E-01 2.412797E+00 
1.832600E-01 7.227795E-01 
1.052970E-01 -2.521843E+00 
5.146400E-02 3.302503E-01 
2.467800E-02 9.572311E-01 
7 0 28 
1.377660E+08 8.949441E-09 
2.456400E+07 6.110750E-08 
5.479990E+06 3.441033E-07 
1.466640E+06 1.629580E-06 
4.544210E+05 6.052563E-06 
1.582160E+05 2.158213E-05 
6.040430E+04 6.199578E-05 
2.479360E+04 1.890931E-04 
1.077230E+04 4.590406E-04 
4.895540E+03 1.286601E-03 
2.306560E+03 2.744429E-03 
1.119560E+03 7.197225E-03 
5.573810E+02 1.311149E-02 
2.837780E+02 3.103962E-02 
1.474360E+02 4.028608E-02 
7.802270E+01 7.611996E-02 
4.196790E+01 -3.929039E-03 
2.287780E+01 -8.212308E-03 
1.258450E+01 -5.082019E-01 
6.941700E+00 -3.343452E-01 
3.806290E+00 8.969441E-02 
2.050310E+00 2.788472E+00 
1.068380E+00 -2.238707E+00 
5.366060E-01 -1.621514E+00 
1.832600E-01 5.050226E+00 
1.052970E-01 -3.458040E+00 
5.146400E-02 -1.285068E+00 
2.467800E-02 1.592708E+00 
8 0 28 
1.377660E+08 -1.066381E-08 
2.456400E+07 -7.316027E-08 
5.479990E+06 -4.095669E-07 
1.466640E+06 -1.952973E-06 
4.544210E+05 -7.192587E-06 
1.582160E+05 -2.591346E-05 
6.040430E+04 -7.349070E-05 
2.479360E+04 -2.276235E-04 
1.077230E+04 -5.425268E-04 
4.895540E+03 -1.553473E-03 
2.306560E+03 -3.235321E-03 
1.119560E+03 -8.728688E-03 
5.573810E+02 -1.543349E-02 
2.837780E+02 -3.803991E-02 
1.474360E+02 -4.719394E-02 
7.802270E+01 -9.654593E-02 
4.196790E+01 1.102053E-02 
2.287780E+01 2.268643E-03 
1.258450E+01 7.235714E-01 
6.941700E+00 6.284262E-01 
3.806290E+00 -1.386873E+00 
2.050310E+00 -3.618230E+00 
1.068380E+00 8.747224E+00 
5.366060E-01 -6.944693E+00 
1.832600E-01 1.920404E+00 
1.052970E-01 2.767324E+00 
5.146400E-02 -4.803418E+00 
2.467800E-02 2.302607E+00 
9 0 1 
2.467800E-02 1.000000E+00 
10 0 1 
0.0118300 1.0000000 
2 1 20 
7.929680E+04 -1.000000E-06 
1.931710E+04 -8.000000E-06 
6.114100E+03 -4.900000E-05 
2.316260E+03 -2.260000E-04 
9.896900E+02 -8.670000E-04 
4.579420E+02 -2.899000E-03 
2.236420E+02 -8.588000E-03 
1.135940E+02 -2.248100E-02 
5.956210E+01 -5.006300E-02 
3.210720E+01 -8.900500E-02 
1.771030E+01 -1.231560E-01 
9.906210E+00 -1.081330E-01 
5.522430E+00 3.309100E-02 
3.008320E+00 2.649160E-01 
1.598730E+00 4.034830E-01 
8.308680E-01 3.248540E-01 
4.135380E-01 1.174300E-01 
1.711080E-01 1.011600E-02 
7.216600E-02 1.390000E-04 
3.016500E-02 1.340000E-04 
3 1 20 
7.929680E+04 1.000000E-06 
1.931710E+04 5.000000E-06 
6.114100E+03 3.400000E-05 
2.316260E+03 1.430000E-04 
9.896900E+02 5.980000E-04 
4.579420E+02 1.836000E-03 
2.236420E+02 5.926000E-03 
1.135940E+02 1.424700E-02 
5.956210E+01 3.496600E-02 
3.210720E+01 5.553900E-02 
1.771030E+01 9.322800E-02 
9.906210E+00 6.374800E-02 
5.522430E+00 -4.820000E-03 
3.008320E+00 -3.313960E-01 
1.598730E+00 -4.086080E-01 
8.308680E-01 -1.206320E-01 
4.135380E-01 1.213053E+00 
1.711080E-01 8.342200E-02 
7.216600E-02 -7.984570E-01 
3.016500E-02 -3.505200E-02 
4 1 20 
7.929680E+04 1.000000E-06 
1.931710E+04 8.000000E-06 
6.114100E+03 3.800000E-05 
2.316260E+03 2.180000E-04 
9.896900E+02 6.870000E-04 
4.579420E+02 2.805000E-03 
2.236420E+02 6.819000E-03 
1.135940E+02 2.191700E-02 
5.956210E+01 3.917300E-02 
3.210720E+01 9.167300E-02 
1.771030E+01 8.898900E-02 
9.906210E+00 1.938430E-01 
5.522430E+00 -1.670910E-01 
3.008320E+00 -6.030080E-01 
1.598730E+00 -7.469800E-01 
8.308680E-01 1.986465E+00 
4.135380E-01 -2.640370E-01 
1.711080E-01 -1.527820E+00 
7.216600E-02 1.110277E+00 
3.016500E-02 7.575600E-02 
5 1 20 
7.929680E+04 -1.000000E-06 
1.931710E+04 -9.000000E-06 
6.114100E+03 -6.100000E-05 
2.316260E+03 -2.580000E-04 
9.896900E+02 -1.090000E-03 
4.579420E+02 -3.336000E-03 
2.236420E+02 -1.087900E-02 
1.135940E+02 -2.621700E-02 
5.956210E+01 -6.514200E-02 
3.210720E+01 -1.036590E-01 
1.771030E+01 -1.798150E-01 
9.906210E+00 -2.372120E-01 
5.522430E+00 4.289330E-01 
3.008320E+00 1.715945E+00 
1.598730E+00 -2.188943E+00 
8.308680E-01 -7.886070E-01 
4.135380E-01 2.904550E+00 
1.711080E-01 -2.497538E+00 
7.216600E-02 9.969160E-01 
3.016500E-02 1.529780E-01 
6 1 19 
7.929680E+04 3.000000E-06 
1.931710E+04 2.300000E-05 
6.114100E+03 1.400000E-04 
2.316260E+03 6.490000E-04 
9.896900E+02 2.490000E-03 
4.579420E+02 8.278000E-03 
2.236420E+02 2.425600E-02 
1.135940E+02 6.226300E-02 
5.956210E+01 1.344250E-01 
3.210720E+01 2.305460E-01 
1.771030E+01 3.028020E-01 
9.906210E+00 2.709290E-01 
5.522430E+00 1.311240E-01 
3.008320E+00 2.387600E-02 
1.598730E+00 -1.333000E-03 
8.308680E-01 -2.201000E-03 
4.135380E-01 -8.920000E-04 
1.711080E-01 -5.800000E-05 
7.216600E-02 -6.000000E-06 
7 1 19 
1.931710E+04 -2.000000E-06 
6.114100E+03 -1.100000E-05 
2.316260E+03 -5.200000E-05 
9.896900E+02 -2.010000E-04 
4.579420E+02 -6.640000E-04 
2.236420E+02 -1.989000E-03 
1.135940E+02 -5.163000E-03 
5.956210E+01 -1.165300E-02 
3.210720E+01 -2.049900E-02 
1.771030E+01 -2.915100E-02 
9.906210E+00 -2.461500E-02 
5.522430E+00 9.715000E-03 
3.008320E+00 7.544100E-02 
1.598730E+00 1.132040E-01 
8.308680E-01 1.117760E-01 
4.135380E-01 -4.406900E-02 
1.711080E-01 -3.663240E-01 
7.216600E-02 -5.217500E-01 
3.016500E-02 -2.171860E-01 
8 1 19 
1.931710E+04 2.000000E-06 
6.114100E+03 1.500000E-05 
2.316260E+03 6.900000E-05 
9.896900E+02 2.680000E-04 
4.579420E+02 8.870000E-04 
2.236420E+02 2.651000E-03 
1.135940E+02 6.887000E-03 
5.956210E+01 1.551800E-02 
3.210720E+01 2.735900E-02 
1.771030E+01 3.886200E-02 
9.906210E+00 3.312400E-02 
5.522430E+00 -1.232200E-02 
3.008320E+00 -9.938200E-02 
1.598730E+00 -1.521070E-01 
8.308680E-01 -1.564310E-01 
4.135380E-01 6.500500E-02 
1.711080E-01 6.060200E-01 
7.216600E-02 4.366030E-01 
3.016500E-02 2.259500E-02 
9 1 1 
3.016500E-02 1.000000E+00 
10 1 1 
0.0126100 1.0000000 
3 2 12 
4.351000E+02 1.640000E-04 
1.309820E+02 1.522000E-03 
5.088160E+01 8.273000E-03 
2.230080E+01 3.000900E-02 
1.035520E+01 8.258000E-02 
5.015210E+00 1.735770E-01 
2.467930E+00 2.626510E-01 
1.203690E+00 2.984790E-01 
5.741520E-01 2.656810E-01 
2.641140E-01 1.802830E-01 
1.151280E-01 7.661300E-02 
4.608200E-02 1.076500E-02 
4 2 12 
4.351000E+02 -1.670000E-04 
1.309820E+02 -1.552000E-03 
5.088160E+01 -8.465000E-03 
2.230080E+01 -3.087900E-02 
1.035520E+01 -8.697400E-02 
5.015210E+00 -1.838990E-01 
2.467930E+00 -2.523340E-01 
1.203690E+00 -1.705240E-01 
5.741520E-01 1.226330E-01 
2.641140E-01 4.216570E-01 
1.151280E-01 4.069480E-01 
4.608200E-02 1.058680E-01 
5 2 12 
4.351000E+02 -2.640000E-04 
1.309820E+02 -2.465000E-03 
5.088160E+01 -1.357900E-02 
2.230080E+01 -5.013400E-02 
1.035520E+01 -1.470570E-01 
5.015210E+00 -3.005680E-01 
2.467930E+00 -2.747340E-01 
1.203690E+00 1.995370E-01 
5.741520E-01 6.304240E-01 
2.641140E-01 9.364800E-02 
1.151280E-01 -5.780320E-01 
4.608200E-02 -2.306030E-01 
6 2 12 
4.351000E+02 -3.350000E-04 
1.309820E+02 -3.117000E-03 
5.088160E+01 -1.735100E-02 
2.230080E+01 -6.442800E-02 
1.035520E+01 -2.031970E-01 
5.015210E+00 -4.122630E-01 
2.467930E+00 -1.044800E-02 
1.203690E+00 9.383060E-01 
5.741520E-01 -1.067180E-01 
2.641140E-01 -9.815340E-01 
1.151280E-01 4.637150E-01 
4.608200E-02 4.147340E-01 
7 2 12 
4.351000E+02 4.280000E-04 
1.309820E+02 4.065000E-03 
5.088160E+01 2.248000E-02 
2.230080E+01 8.819600E-02 
1.035520E+01 3.015230E-01 
5.015210E+00 4.548760E-01 
2.467930E+00 -8.562740E-01 
1.203690E+00 -4.854470E-01 
5.741520E-01 1.609704E+00 
2.641140E-01 -1.000205E+00 
1.151280E-01 -3.451560E-01 
4.608200E-02 7.609580E-01 
8 2 1 
4.608200E-02 1.000000E+00 
9 2 1 
0.0184500 1.0000000 
4 3 1 
6.560100E+00 1.000000E+00 
5 3 1 
2.249000E+00 1.000000E+00 
6 3 1 
7.710000E-01 1.000000E+00 
7 3 1 
2.643000E-01 1.000000E+00 
8 3 1 
0.0875300 1.0000000 
5 4 1 
4.937200E+00 1.000000E+00 
6 4 1 
1.633000E+00 1.000000E+00 
7 4 1 
5.401000E-01 1.000000E+00 
8 4 1 
0.1925300 1.0000000 
6 5 1 
3.588900E+00 1.000000E+00 
7 5 1 
1.079300E+00 1.000000E+00 
8 5 1 
0.4178700 1.0000000 
7 6 1 
2.605200E+00 1.0000000 
8 6 1 
1.1122100 1.0000000 
