O-POSITRON E+ (NA-AUG-CC-PVTZ) BASIS TYPE:2 
# 
16 
1 0 14 
423000.00000000 0.00001806 
63340.00000000 0.00014043 
14410.00000000 0.00073844 
4077.00000000 0.00311182 
1328.00000000 0.01120810 
478.60000000 0.03528280 
186.20000000 0.09598970 
76.92000000 0.21373500 
33.32000000 0.34868800 
15.00000000 0.32456600 
6.86900000 0.11263300 
2.68300000 0.00706797 
1.10900000 0.00059801 
0.06015000 -0.00000531 
2 0 14 
423000.00000000 -0.00000441 
63340.00000000 -0.00003434 
14410.00000000 -0.00018011 
4077.00000000 -0.00076390 
1328.00000000 -0.00275248 
478.60000000 -0.00886016 
186.20000000 -0.02479390 
76.92000000 -0.06059950 
33.32000000 -0.11644600 
15.00000000 -0.16243700 
6.86900000 -0.04388910 
2.68300000 0.33791700 
1.10900000 0.56134700 
0.06015000 0.00406754 
3 0 14 
423000.00000000 0.00000066 
63340.00000000 0.00000516 
14410.00000000 0.00002712 
4077.00000000 0.00011464 
1328.00000000 0.00041512 
478.60000000 0.00132978 
186.20000000 0.00375595 
76.92000000 0.00914025 
33.32000000 0.01798590 
15.00000000 0.02514770 
6.86900000 0.00763522 
2.68300000 -0.06145890 
1.10900000 -0.11572100 
0.06015000 0.62640600 
4 0 1 
0.45400000 1.00000000 
5 0 1 
0.02382000 1.00000000 
6 0 1 
0.00665000 1.00000000 
7 1 8 
243.30000000 0.00224392 
57.39000000 0.01739970 
18.10000000 0.07741250 
6.57500000 0.21910200 
2.52100000 0.37852200 
0.96070000 0.39490200 
0.35120000 0.16042400 
0.09827000 0.00233311 
8 1 8 
243.30000000 -0.00022240 
57.39000000 -0.00174277 
18.10000000 -0.00775456 
6.57500000 -0.02251870 
2.52100000 -0.03843300 
0.96070000 -0.04501770 
0.35120000 -0.01921320 
0.09827000 0.18269700 
9 1 1 
0.03734000 1.00000000 
10 1 1 
0.01500000 1.00000000 
11 1 1 
0.00700000 1.00000000 
12 2 1 
0.13670000 1.00000000 
13 2 1 
0.06360000 1.00000000 
14 2 1 
0.02230000 1.00000000 
15 3 1 
0.13970000 1.00000000 
16 3 1 
0.07140000 1.00000000 
