O-POSITRON E+ (NE-AUG-CC-PV5Z) BASIS TYPE:2 
# (33s,13p,5d,4f,3g,2h) -> [7s,6p,5d,4f,3g,2h] 
27 
1 0 14 
2.627000E+05 2.600000E-05 
3.935000E+04 2.000000E-04 
8.955000E+03 1.050000E-03 
2.538000E+03 4.400000E-03 
8.299000E+02 1.564900E-02 
3.015000E+02 4.775800E-02 
1.190000E+02 1.229430E-01 
5.000000E+01 2.524830E-01 
2.198000E+01 3.663140E-01 
9.891000E+00 2.796170E-01 
4.327000E+00 6.165100E-02 
1.804000E+00 9.340000E-04 
7.288000E-01 1.367000E-03 
2.867000E-01 -3.800000E-05 
2 0 14 
2.627000E+05 -6.000000E-06 
3.935000E+04 -4.700000E-05 
8.955000E+03 -2.470000E-04 
2.538000E+03 -1.038000E-03 
8.299000E+02 -3.711000E-03 
3.015000E+02 -1.159300E-02 
1.190000E+02 -3.108600E-02 
5.000000E+01 -7.097200E-02 
2.198000E+01 -1.272660E-01 
9.891000E+00 -1.512310E-01 
4.327000E+00 2.466600E-02 
1.804000E+00 3.996120E-01 
7.288000E-01 5.266160E-01 
2.867000E-01 1.908540E-01 
3 0 1 
4.327000E+00 1.000000E+00 
4 0 1 
1.804000E+00 1.000000E+00 
5 0 1 
7.288000E-01 1.000000E+00 
6 0 1 
2.867000E-01 1.000000E+00 
7 0 1 
0.0957000 1.0000000 
2 1 8 
2.991000E+02 1.038000E-03 
7.073000E+01 8.375000E-03 
2.248000E+01 3.969300E-02 
8.246000E+00 1.280560E-01 
3.269000E+00 2.703250E-01 
1.315000E+00 3.709630E-01 
5.158000E-01 3.284990E-01 
1.918000E-01 1.275880E-01 
3 1 1 
3.269000E+00 1.000000E+00 
4 1 1 
1.315000E+00 1.000000E+00 
5 1 1 
5.158000E-01 1.000000E+00 
6 1 1 
1.918000E-01 1.000000E+00 
7 1 1 
0.0654000 1.0000000 
3 2 1 
9.837000E+00 1.000000E+00 
4 2 1 
3.844000E+00 1.000000E+00 
5 2 1 
1.502000E+00 1.000000E+00 
6 2 1 
5.870000E-01 1.000000E+00 
7 2 1 
0.2130000 1.0000000 
4 3 1 
7.090000E+00 1.000000E+00 
5 3 1 
2.738000E+00 1.000000E+00 
6 3 1 
1.057000E+00 1.000000E+00 
7 3 1 
0.4250000 1.0000000 
5 4 1 
5.460000E+00 1.000000E+00 
6 4 1 
1.880000E+00 1.000000E+00 
7 4 1 
0.8090000 1.0000000 
6 5 1 
3.776000E+00 1.0000000 
7 5 1 
1.6280000 1.0000000 
