O-POSITRON E+ (NI-AUG-CC-PV5Z) BASIS TYPE:2 
# (226s,139p,62d,5f,4g,3h,2i) -> [10s,9p,7d,5f,4g,3h,2i] 
40 
1 0 28 
1.687930E+08 9.544814E-08 
3.013690E+07 6.361561E-07 
6.730750E+06 3.680573E-06 
1.803370E+06 1.682095E-05 
5.594380E+05 6.501477E-05 
1.950640E+05 2.197031E-04 
7.460070E+04 6.699143E-04 
3.068170E+04 1.884806E-03 
1.336030E+04 4.971862E-03 
6.086160E+03 1.239603E-02 
2.874620E+03 2.919925E-02 
1.398720E+03 6.417304E-02 
6.979810E+02 1.278067E-01 
3.561100E+02 2.183849E-01 
1.853460E+02 2.897629E-01 
9.822210E+01 2.502011E-01 
5.288340E+01 1.091251E-01 
2.884240E+01 2.418062E-02 
1.586640E+01 2.017083E-02 
8.749330E+00 1.584540E-02 
4.794820E+00 4.573713E-03 
2.581240E+00 5.366850E-04 
1.344500E+00 3.285652E-04 
6.723740E-01 1.056374E-04 
2.246400E-01 1.152728E-05 
1.201920E-01 -4.982873E-06 
5.815400E-02 2.888491E-06 
2.772300E-02 -3.169329E-07 
2 0 28 
1.687930E+08 -3.340483E-08 
3.013690E+07 -2.226369E-07 
6.730750E+06 -1.288145E-06 
1.803370E+06 -5.887072E-06 
5.594380E+05 -2.275726E-05 
1.950640E+05 -7.691942E-05 
7.460070E+04 -2.347070E-04 
3.068170E+04 -6.612896E-04 
1.336030E+04 -1.750303E-03 
6.086160E+03 -4.393952E-03 
2.874620E+03 -1.049957E-02 
1.398720E+03 -2.373066E-02 
6.979810E+02 -4.989615E-02 
3.561100E+02 -9.438365E-02 
1.853460E+02 -1.511186E-01 
9.822210E+01 -1.753137E-01 
5.288340E+01 -7.893694E-02 
2.884240E+01 1.862733E-01 
1.586640E+01 4.711517E-01 
8.749330E+00 3.940073E-01 
4.794820E+00 1.124290E-01 
2.581240E+00 1.373033E-02 
1.344500E+00 5.757963E-03 
6.723740E-01 2.067697E-03 
2.246400E-01 1.166264E-04 
1.201920E-01 -2.380527E-05 
5.815400E-02 6.345831E-06 
2.772300E-02 -3.001530E-06 
3 0 28 
1.687930E+08 1.123242E-08 
3.013690E+07 7.487631E-08 
6.730750E+06 4.331184E-07 
1.803370E+06 1.980033E-06 
5.594380E+05 7.651521E-06 
1.950640E+05 2.587536E-05 
7.460070E+04 7.892470E-05 
3.068170E+04 2.226061E-04 
1.336030E+04 5.892384E-04 
6.086160E+03 1.483283E-03 
2.874620E+03 3.553731E-03 
1.398720E+03 8.100150E-03 
6.979810E+02 1.724042E-02 
3.561100E+02 3.348912E-02 
1.853460E+02 5.585983E-02 
9.822210E+01 6.942521E-02 
5.288340E+01 3.279768E-02 
2.884240E+01 -9.364737E-02 
1.586640E+01 -3.127333E-01 
8.749330E+00 -3.726099E-01 
4.794820E+00 -1.765121E-02 
2.581240E+00 4.580760E-01 
1.344500E+00 5.616617E-01 
6.723740E-01 2.239313E-01 
2.246400E-01 1.414205E-02 
1.201920E-01 -4.402952E-04 
5.815400E-02 7.001775E-03 
2.772300E-02 1.820463E-03 
4 0 28 
1.687930E+08 -2.340836E-09 
3.013690E+07 -1.560568E-08 
6.730750E+06 -9.025955E-08 
1.803370E+06 -4.126875E-07 
5.594380E+05 -1.594488E-06 
1.950640E+05 -5.393313E-06 
7.460070E+04 -1.644642E-05 
3.068170E+04 -4.640303E-05 
1.336030E+04 -1.227884E-04 
6.086160E+03 -3.092679E-04 
2.874620E+03 -7.407537E-04 
1.398720E+03 -1.690220E-03 
6.979810E+02 -3.598265E-03 
3.561100E+02 -7.007654E-03 
1.853460E+02 -1.171488E-02 
9.822210E+01 -1.467085E-02 
5.288340E+01 -6.949957E-03 
2.884240E+01 2.016183E-02 
1.586640E+01 7.054184E-02 
8.749330E+00 8.743265E-02 
4.794820E+00 8.925969E-04 
2.581240E+00 -1.284879E-01 
1.344500E+00 -1.992698E-01 
6.723740E-01 -1.687038E-01 
2.246400E-01 9.663179E-02 
1.201920E-01 4.091717E-01 
5.815400E-02 4.865605E-01 
2.772300E-02 1.645536E-01 
5 0 28 
1.687930E+08 -4.519782E-09 
3.013690E+07 -2.990036E-08 
6.730750E+06 -1.746510E-07 
1.803370E+06 -7.891321E-07 
5.594380E+05 -3.093527E-06 
1.950640E+05 -1.027782E-05 
7.460070E+04 -3.203877E-05 
3.068170E+04 -8.801093E-05 
1.336030E+04 -2.404162E-04 
6.086160E+03 -5.834537E-04 
2.874620E+03 -1.458670E-03 
1.398720E+03 -3.169439E-03 
6.979810E+02 -7.146736E-03 
3.561100E+02 -1.299317E-02 
1.853460E+02 -2.384859E-02 
9.822210E+01 -2.566345E-02 
5.288340E+01 -1.953197E-02 
2.884240E+01 5.137546E-02 
1.586640E+01 1.179712E-01 
8.749330E+00 2.305182E-01 
4.794820E+00 -7.602184E-02 
2.581240E+00 -2.736418E-01 
1.344500E+00 -6.668219E-01 
6.723740E-01 2.779595E-01 
2.246400E-01 1.184811E+00 
1.201920E-01 1.453091E-01 
5.815400E-02 -4.475209E-01 
2.772300E-02 -6.639034E-01 
6 0 28 
1.687930E+08 -7.967881E-09 
3.013690E+07 -5.251486E-08 
6.730750E+06 -3.082074E-07 
1.803370E+06 -1.384629E-06 
5.594380E+05 -5.466127E-06 
1.950640E+05 -1.800365E-05 
7.460070E+04 -5.672168E-05 
3.068170E+04 -1.538124E-04 
1.336030E+04 -4.266789E-04 
6.086160E+03 -1.017047E-03 
2.874620E+03 -2.596287E-03 
1.398720E+03 -5.509995E-03 
6.979810E+02 -1.278063E-02 
3.561100E+02 -2.249312E-02 
1.853460E+02 -4.323339E-02 
9.822210E+01 -4.327035E-02 
5.288340E+01 -4.001807E-02 
2.884240E+01 1.014123E-01 
1.586640E+01 1.995643E-01 
8.749330E+00 5.337974E-01 
4.794820E+00 -2.848026E-01 
2.581240E+00 -1.008626E+00 
1.344500E+00 -8.589707E-01 
6.723740E-01 2.257135E+00 
2.246400E-01 3.158366E-01 
1.201920E-01 -1.893134E+00 
5.815400E-02 1.382195E-01 
2.772300E-02 9.132428E-01 
7 0 28 
1.687930E+08 9.963678E-09 
3.013690E+07 6.665402E-08 
6.730750E+06 3.837692E-07 
1.803370E+06 1.764347E-06 
5.594380E+05 6.771079E-06 
1.950640E+05 2.309426E-05 
7.460070E+04 6.971023E-05 
3.068170E+04 1.991457E-04 
1.336030E+04 5.193445E-04 
6.086160E+03 1.331023E-03 
2.874620E+03 3.128397E-03 
1.398720E+03 7.307415E-03 
6.979810E+02 1.519845E-02 
3.561100E+02 3.067699E-02 
1.853460E+02 4.966778E-02 
9.822210E+01 6.716041E-02 
5.288340E+01 2.675145E-02 
2.884240E+01 -7.690265E-02 
1.586640E+01 -3.660499E-01 
8.749330E+00 -8.930662E-01 
4.794820E+00 9.868359E-01 
2.581240E+00 2.714004E+00 
1.344500E+00 -3.549184E+00 
6.723740E-01 -1.082087E-01 
2.246400E-01 3.740358E+00 
1.201920E-01 -2.946991E+00 
5.815400E-02 -7.564774E-01 
2.772300E-02 1.269206E+00 
8 0 28 
1.687930E+08 1.108501E-08 
3.013690E+07 7.142717E-08 
6.730750E+06 4.312448E-07 
1.803370E+06 1.872599E-06 
5.594380E+05 7.704611E-06 
1.950640E+05 2.410281E-05 
7.460070E+04 8.084296E-05 
3.068170E+04 2.030273E-04 
1.336030E+04 6.163052E-04 
6.086160E+03 1.321530E-03 
2.874620E+03 3.807283E-03 
1.398720E+03 7.035083E-03 
6.979810E+02 1.919484E-02 
3.561100E+02 2.784042E-02 
1.853460E+02 6.926812E-02 
9.822210E+01 4.334989E-02 
5.288340E+01 1.003238E-01 
2.884240E+01 -2.282821E-01 
1.586640E+01 -1.788302E-01 
8.749330E+00 -2.163284E+00 
4.794820E+00 4.676830E+00 
2.581240E+00 -5.082154E-01 
1.344500E+00 -6.163050E+00 
6.723740E-01 6.755235E+00 
2.246400E-01 -4.177687E+00 
1.201920E-01 6.315692E-01 
5.815400E-02 2.658006E+00 
2.772300E-02 -1.699727E+00 
9 0 1 
2.772300E-02 1.000000E+00 
10 0 1 
0.0132200 1.0000000 
2 1 20 
1.041580E+05 -1.000000E-06 
2.528910E+04 -8.000000E-06 
7.974060E+03 -4.900000E-05 
3.013010E+03 -2.270000E-04 
1.286410E+03 -8.730000E-04 
5.958550E+02 -2.919000E-03 
2.916560E+02 -8.659000E-03 
1.485440E+02 -2.277400E-02 
7.807370E+01 -5.121300E-02 
4.214780E+01 -9.253300E-02 
2.325990E+01 -1.290760E-01 
1.301210E+01 -1.101780E-01 
7.263990E+00 4.097600E-02 
3.973570E+00 2.728100E-01 
2.121560E+00 4.016420E-01 
1.105150E+00 3.161390E-01 
5.499500E-01 1.168000E-01 
2.107400E-01 1.001100E-02 
8.473100E-02 -4.900000E-04 
3.390200E-02 2.630000E-04 
3 1 20 
1.041580E+05 1.000000E-06 
2.528910E+04 5.000000E-06 
7.974060E+03 3.800000E-05 
3.013010E+03 1.590000E-04 
1.286410E+03 6.800000E-04 
5.958550E+02 2.054000E-03 
2.916560E+02 6.757000E-03 
1.485440E+02 1.606500E-02 
7.807370E+01 4.054000E-02 
4.214780E+01 6.406600E-02 
2.325990E+01 1.113860E-01 
1.301210E+01 7.391900E-02 
7.263990E+00 -1.056200E-02 
3.973570E+00 -4.813110E-01 
2.121560E+00 -3.964750E-01 
1.105150E+00 2.149210E-01 
5.499500E-01 1.064658E+00 
2.107400E-01 -2.559500E-01 
8.473100E-02 -6.598570E-01 
3.390200E-02 -4.920000E-04 
4 1 20 
1.041580E+05 1.000000E-06 
2.528910E+04 8.000000E-06 
7.974060E+03 4.200000E-05 
3.013010E+03 2.340000E-04 
1.286410E+03 7.520000E-04 
5.958550E+02 3.010000E-03 
2.916560E+02 7.494000E-03 
1.485440E+02 2.371300E-02 
7.807370E+01 4.400500E-02 
4.214780E+01 1.004120E-01 
2.325990E+01 1.054620E-01 
1.301210E+01 2.291670E-01 
7.263990E+00 -2.527370E-01 
3.973570E+00 -8.566420E-01 
2.121560E+00 -2.477960E-01 
1.105150E+00 2.120705E+00 
5.499500E-01 -1.086112E+00 
2.107400E-01 -8.818430E-01 
8.473100E-02 1.012800E+00 
3.390200E-02 -3.854000E-03 
5 1 20 
1.041580E+05 1.000000E-06 
2.528910E+04 1.200000E-05 
7.974060E+03 5.700000E-05 
3.013010E+03 3.470000E-04 
1.286410E+03 1.025000E-03 
5.958550E+02 4.482000E-03 
2.916560E+02 1.029300E-02 
1.485440E+02 3.574300E-02 
7.807370E+01 6.091100E-02 
4.214780E+01 1.565060E-01 
2.325990E+01 1.436090E-01 
1.301210E+01 5.343820E-01 
7.263990E+00 -1.408318E+00 
3.973570E+00 -9.573860E-01 
2.121560E+00 3.103892E+00 
1.105150E+00 -1.369389E+00 
5.499500E-01 -1.143764E+00 
2.107400E-01 1.791053E+00 
8.473100E-02 -1.002761E+00 
3.390200E-02 -3.565600E-02 
6 1 19 
1.041580E+05 2.000000E-06 
2.528910E+04 2.200000E-05 
7.974060E+03 1.360000E-04 
3.013010E+03 6.310000E-04 
1.286410E+03 2.421000E-03 
5.958550E+02 8.049000E-03 
2.916560E+02 2.361600E-02 
1.485440E+02 6.086100E-02 
7.807370E+01 1.326030E-01 
4.214780E+01 2.304730E-01 
2.325990E+01 3.051620E-01 
1.301210E+01 2.713690E-01 
7.263990E+00 1.296230E-01 
3.973570E+00 2.401400E-02 
2.121560E+00 -3.590000E-04 
1.105150E+00 -1.462000E-03 
5.499500E-01 -6.140000E-04 
2.107400E-01 -3.000000E-05 
8.473100E-02 -1.000000E-06 
7 1 19 
2.528910E+04 2.000000E-06 
7.974060E+03 1.000000E-05 
3.013010E+03 4.500000E-05 
1.286410E+03 1.770000E-04 
5.958550E+02 5.840000E-04 
2.916560E+02 1.762000E-03 
1.485440E+02 4.563000E-03 
7.807370E+01 1.048400E-02 
4.214780E+01 1.857900E-02 
2.325990E+01 2.697100E-02 
1.301210E+01 2.147400E-02 
7.263990E+00 -9.598000E-03 
3.973570E+00 -6.914800E-02 
2.121560E+00 -9.557100E-02 
1.105150E+00 -9.892500E-02 
5.499500E-01 3.645000E-02 
2.107400E-01 3.447120E-01 
8.473100E-02 5.277500E-01 
3.390200E-02 2.436370E-01 
8 1 19 
2.528910E+04 3.000000E-06 
7.974060E+03 2.000000E-05 
3.013010E+03 9.000000E-05 
1.286410E+03 3.670000E-04 
5.958550E+02 1.162000E-03 
2.916560E+02 3.642000E-03 
1.485440E+02 9.081000E-03 
7.807370E+01 2.173400E-02 
4.214780E+01 3.666900E-02 
2.325990E+01 5.745900E-02 
1.301210E+01 4.044400E-02 
7.263990E+00 -1.228700E-02 
3.973570E+00 -1.720000E-01 
2.121560E+00 -1.964310E-01 
1.105150E+00 -1.609770E-01 
5.499500E-01 2.715720E-01 
2.107400E-01 6.358310E-01 
8.473100E-02 2.721880E-01 
3.390200E-02 8.930000E-03 
9 1 1 
3.390200E-02 1.000000E+00 
10 1 1 
0.0135600 1.0000000 
3 2 12 
5.688665E+02 1.770000E-04 
1.712501E+02 1.665000E-03 
6.649195E+01 9.153000E-03 
2.920541E+01 3.348100E-02 
1.367848E+01 9.090200E-02 
6.697880E+00 1.833980E-01 
3.325850E+00 2.663610E-01 
1.631480E+00 2.945410E-01 
7.790140E-01 2.588860E-01 
3.575460E-01 1.730030E-01 
1.551630E-01 7.024100E-02 
6.140200E-02 8.331000E-03 
4 2 12 
5.688665E+02 -1.870000E-04 
1.712501E+02 -1.763000E-03 
6.649195E+01 -9.718000E-03 
2.920541E+01 -3.577700E-02 
1.367848E+01 -9.945800E-02 
6.697880E+00 -2.028120E-01 
3.325850E+00 -2.604240E-01 
1.631480E+00 -1.462650E-01 
7.790140E-01 1.412140E-01 
3.575460E-01 4.004590E-01 
1.551630E-01 4.007580E-01 
6.140200E-02 1.030330E-01 
5 2 12 
5.688665E+02 -2.700000E-04 
1.712501E+02 -2.584000E-03 
6.649195E+01 -1.420000E-02 
2.920541E+01 -5.319600E-02 
1.367848E+01 -1.524600E-01 
6.697880E+00 -3.182580E-01 
3.325850E+00 -2.569500E-01 
1.631480E+00 2.828580E-01 
7.790140E-01 6.045360E-01 
3.575460E-01 3.847700E-02 
1.551630E-01 -5.667860E-01 
6.140200E-02 -2.085100E-01 
6 2 12 
5.688665E+02 -3.750000E-04 
1.712501E+02 -3.803000E-03 
6.649195E+01 -2.014800E-02 
2.920541E+01 -7.931500E-02 
1.367848E+01 -2.408380E-01 
6.697880E+00 -5.200670E-01 
3.325850E+00 2.694850E-01 
1.631480E+00 9.484220E-01 
7.790140E-01 -4.613840E-01 
3.575460E-01 -7.282930E-01 
1.551630E-01 4.956350E-01 
6.140200E-02 2.968610E-01 
7 2 12 
5.688665E+02 -5.660000E-04 
1.712501E+02 -4.215000E-03 
6.649195E+01 -2.900400E-02 
2.920541E+01 -9.314500E-02 
1.367848E+01 -4.227470E-01 
6.697880E+00 -4.171620E-01 
3.325850E+00 1.469109E+00 
1.631480E+00 -5.187500E-01 
7.790140E-01 -1.137344E+00 
3.575460E-01 1.335325E+00 
1.551630E-01 -2.368740E-01 
6.140200E-02 -4.659930E-01 
8 2 1 
6.140200E-02 1.000000E+00 
9 2 1 
0.0243000 1.0000000 
4 3 1 
9.802900E+00 1.000000E+00 
5 3 1 
3.493600E+00 1.000000E+00 
6 3 1 
1.245100E+00 1.000000E+00 
7 3 1 
4.437000E-01 1.000000E+00 
8 3 1 
0.1538800 1.0000000 
5 4 1 
7.935600E+00 1.000000E+00 
6 4 1 
2.764800E+00 1.000000E+00 
7 4 1 
9.633000E-01 1.000000E+00 
8 4 1 
0.3682800 1.0000000 
6 5 1 
5.807600E+00 1.000000E+00 
7 5 1 
1.852600E+00 1.000000E+00 
8 5 1 
0.7879800 1.0000000 
7 6 1 
4.354900E+00 1.0000000 
8 6 1 
2.1037100 1.0000000 
