O-POSITRON E+ (NE-AUG-CC-PVDZ) BASIS TYPE:2 
# 
9 
1 0 8 
17880.00000000 0.00073800 
2683.00000000 0.00567700 
611.50000000 0.02888300 
173.50000000 0.10854000 
56.64000000 0.29090700 
20.42000000 0.44832400 
7.81000000 0.25802600 
1.65300000 0.01506300 
2 0 8 
17880.00000000 -0.00017200 
2683.00000000 -0.00135700 
611.50000000 -0.00673700 
173.50000000 -0.02766300 
56.64000000 -0.07620800 
20.42000000 -0.17522700 
7.81000000 -0.10703800 
1.65300000 0.56705000 
3 0 1 
0.48690000 1.00000000 
4 0 1 
0.12300000 1.00000000 
5 1 3 
28.39000000 0.04608700 
6.27000000 0.24018100 
1.69500000 0.50874400 
6 1 1 
0.43170000 1.00000000 
7 1 1 
0.10640000 1.00000000 
8 2 1 
2.20200000 1.00000000 
9 2 1 
0.63100000 1.00000000 
