O-POSITRON E+ (N-D-AUG-CC-PV5Z) BASIS TYPE:2 
# (34s,14p,6d,5f,4g,3h) -> [8s,7p,6d,5f,4g,3h] 
33 
1 0 14 
129200.0000000 0.0000250 
19350.0000000 0.0001970 
4404.0000000 0.0010320 
1248.0000000 0.0043250 
408.0000000 0.0153800 
148.2000000 0.0468670 
58.5000000 0.1201160 
24.5900000 0.2456950 
10.8100000 0.3613790 
4.8820000 0.2872830 
2.1950000 0.0701710 
0.8715000 0.0018310 
0.3504000 0.0008350 
0.1397000 -0.0000060 
2 0 14 
129200.0000000 -0.0000060 
19350.0000000 -0.0000430 
4404.0000000 -0.0002270 
1248.0000000 -0.0009580 
408.0000000 -0.0034160 
148.2000000 -0.0106670 
58.5000000 -0.0282790 
24.5900000 -0.0640200 
10.8100000 -0.1139320 
4.8820000 -0.1469950 
2.1950000 -0.0072510 
0.8715000 0.3661830 
0.3504000 0.5479080 
0.1397000 0.2166450 
3 0 1 
2.1950000 1.0000000 
4 0 1 
0.8715000 1.0000000 
5 0 1 
0.3504000 1.0000000 
6 0 1 
0.1397000 1.0000000 
7 0 1 
0.0518000 1.0000000 
8 0 1 
0.0192 1.0000 
2 1 8 
147.0000000 0.0008920 
34.7600000 0.0070820 
11.0000000 0.0328160 
3.9950000 0.1082090 
1.5870000 0.2480940 
0.6533000 0.3745130 
0.2686000 0.3484140 
0.1067000 0.1283400 
3 1 1 
1.5870000 1.0000000 
4 1 1 
0.6533000 1.0000000 
5 1 1 
0.2686000 1.0000000 
6 1 1 
0.1067000 1.0000000 
7 1 1 
0.0369000 1.0000000 
8 1 1 
0.0128 1.0000 
3 2 1 
4.6470000 1.0000000 
4 2 1 
1.8130000 1.0000000 
5 2 1 
0.7070000 1.0000000 
6 2 1 
0.2760000 1.0000000 
7 2 1 
0.0971000 1.0000000 
8 2 1 
0.0342 1.0000 
4 3 1 
2.9420000 1.0000000 
5 3 1 
1.2040000 1.0000000 
6 3 1 
0.4930000 1.0000000 
7 3 1 
0.1920000 1.0000000 
8 3 1 
0.0748 1.0000 
5 4 1 
2.5110000 1.0000000 
6 4 1 
0.9420000 1.0000000 
7 4 1 
0.4360000 1.0000000 
8 4 1 
0.2020 1.0000 
6 5 1 
1.7680000 1.0000000 
7 5 1 
0.7880000 1.0000000 
8 5 1 
0.3510 1.0000 
