O-POSITRON E+ (N-D-AUG-CC-PVQZ) BASIS TYPE:2 
# 
25 
1 0 9 
45840.00000000 0.00009200 
6868.00000000 0.00071700 
1563.00000000 0.00374900 
442.40000000 0.01553200 
144.30000000 0.05314600 
52.18000000 0.14678700 
20.34000000 0.30466300 
8.38100000 0.39768400 
3.52900000 0.21764100 
2 0 9 
45840.00000000 -0.00002000 
6868.00000000 -0.00015900 
1563.00000000 -0.00082400 
442.40000000 -0.00347800 
144.30000000 -0.01196600 
52.18000000 -0.03538800 
20.34000000 -0.08007700 
8.38100000 -0.14672200 
3.52900000 -0.11636000 
3 0 1 
1.05400000 1.00000000 
4 0 1 
0.41180000 1.00000000 
5 0 1 
0.15520000 1.00000000 
6 0 1 
0.05464000 1.00000000 
7 0 1 
0.01920000 1.00000000 
8 1 3 
49.33000000 0.00553300 
11.37000000 0.03796200 
3.43500000 0.14902800 
9 1 1 
1.18200000 1.00000000 
10 1 1 
0.41730000 1.00000000 
11 1 1 
0.14280000 1.00000000 
12 1 1 
0.04402000 1.00000000 
13 1 1 
0.01360000 1.00000000 
14 2 1 
2.83700000 1.00000000 
15 2 1 
0.96800000 1.00000000 
16 2 1 
0.33500000 1.00000000 
17 2 1 
0.11100000 1.00000000 
18 2 1 
0.03680000 1.00000000 
19 3 1 
2.02700000 1.00000000 
20 3 1 
0.68500000 1.00000000 
21 3 1 
0.24500000 1.00000000 
22 3 1 
0.08760000 1.00000000 
23 4 1 
1.42700000 1.00000000 
24 4 1 
0.55900000 1.00000000 
25 4 1 
0.21900000 1.00000000 
