O-POSITRON E+ (NI-DEF2-TZVPPD-AUX-DIF) BASIS TYPE:2 
# 
28 
1 0 8 
351535.72935000 0.00022529 
52695.80928300 0.00174686 
11992.46829300 0.00908500 
3394.57766890 0.03694075 
1105.35945850 0.12032820 
397.14677769 0.28596715 
154.27542974 0.40983020 
61.01872378 0.21620643 
2 0 4 
384.45559739 -0.02465128 
119.04879199 -0.11658505 
19.13701222 0.54864127 
8.15267186 0.52640051 
3 0 2 
12.57940864 -0.22797884 
2.08708661 0.70703738 
4 0 1 
0.86432569 1.00000000 
5 0 1 
0.13283169 1.00000000 
6 0 1 
0.04684533 1.00000000 
7 1 6 
1883.09074860 0.00237483 
445.95155320 0.01928946 
143.08430815 0.09071821 
53.37292072 0.26181414 
21.32191936 0.42309150 
8.66435620 0.24641686 
8 1 3 
34.14425521 -0.02967713 
4.71224559 0.55616824 
1.87092318 0.96357766 
9 1 1 
0.70370016 1.00000000 
10 1 1 
0.26460000 1.00000000 
11 1 1 
0.09955000 1.00000000 
12 1 1 
0.03688734 1.00000000 
13 2 4 
74.59160347 0.01207745 
21.59063275 0.07463726 
7.62461426 0.23236776 
2.86322068 0.39042652 
14 2 1 
1.03110634 1.00000000 
15 2 1 
0.33060761 1.00000000 
16 2 1 
0.10600000 1.00000000 
17 3 1 
4.44600000 1.00000000 
18 3 1 
1.08700000 1.00000000 
19 4 1 
2.87200000 1.00000000 
1 0 1 
0.014813793 1.0 
2 0 1 
0.004684533 1.0 
3 0 1 
0.001481379 1.0 
5 1 1 
0.011664801 1.0 
6 1 1 
0.003688734 1.0 
7 1 1 
0.001166480 1.0 
9 2 1 
0.033520143 1.0 
10 2 1 
0.010600000 1.0 
11 2 1 
0.003352014 1.0 
