O-POSITRON E+ (NA-DEF2-TZVPPD-AUX-DIF) BASIS TYPE:2 
# 
19 
1 0 7 
26041.10992700 0.00061806 
3906.12685480 0.00477486 
888.97454993 0.02447168 
251.45497961 0.09475539 
81.65014351 0.26867497 
28.90415840 0.47925475 
10.62578293 0.33248591 
2 0 3 
53.76941018 0.01952773 
16.30824302 0.09264801 
2.37303841 -0.39938670 
3 0 2 
0.95730773 1.64285954 
0.40806461 0.55692597 
4 0 1 
0.04996758 1.00000000 
5 0 1 
0.01926862 1.00000000 
6 1 5 
138.07979989 0.00579519 
32.23270039 0.04162085 
9.98160754 0.16281917 
3.48220339 0.36011785 
1.22991346 0.44858980 
7 1 1 
0.41743959 1.00000000 
8 1 1 
0.03000000 1.00000000 
9 1 1 
0.09100000 1.00000000 
10 1 1 
0.01108281 1.00000000 
11 2 1 
2.60900000 1.00000000 
12 2 1 
0.43000000 1.00000000 
13 2 1 
0.10000000 1.00000000 
1 0 1 
0.006093271 1.0 
2 0 1 
0.001926862 1.0 
3 0 1 
0.000609327 1.0 
5 1 1 
0.003504692 1.0 
6 1 1 
0.001108281 1.0 
7 1 1 
0.000350469 1.0 
