O-POSITRON E+ (NA-AUG-CC-PVDZ) BASIS TYPE:2 
# 
11 
1 0 11 
31700.00000000 0.00045888 
4755.00000000 0.00355070 
1082.00000000 0.01826180 
306.40000000 0.07166500 
99.53000000 0.21234600 
35.42000000 0.41620300 
13.30000000 0.37302000 
4.39200000 0.06250540 
1.67600000 -0.00624532 
0.58890000 0.00243374 
0.05640000 -0.00044238 
2 0 11 
31700.00000000 -0.00011216 
4755.00000000 -0.00086851 
1082.00000000 -0.00451330 
306.40000000 -0.01814360 
99.53000000 -0.05807990 
35.42000000 -0.13765300 
13.30000000 -0.19390800 
4.39200000 0.08580090 
1.67600000 0.60441900 
0.58890000 0.44171900 
0.05640000 0.01305470 
3 0 11 
31700.00000000 0.00001702 
4755.00000000 0.00013069 
1082.00000000 0.00068778 
306.40000000 0.00272359 
99.53000000 0.00895529 
35.42000000 0.02078320 
13.30000000 0.03193800 
4.39200000 -0.01913680 
1.67600000 -0.10259500 
0.58890000 -0.19894500 
0.05640000 0.65595200 
4 0 1 
0.02307000 1.00000000 
5 0 1 
0.00725000 1.00000000 
6 1 7 
138.10000000 0.00579641 
32.24000000 0.04157560 
9.98500000 0.16287300 
3.48400000 0.35940100 
1.23100000 0.44998800 
0.41770000 0.22750700 
0.06513000 0.00808247 
7 1 7 
138.10000000 -0.00058153 
32.24000000 -0.00407306 
9.98500000 -0.01679370 
3.48400000 -0.03532680 
1.23100000 -0.05219710 
0.41770000 -0.01683590 
0.06513000 0.43461300 
8 1 1 
0.02053000 1.00000000 
9 1 1 
0.00633000 1.00000000 
10 2 1 
0.09730000 1.00000000 
11 2 1 
0.04680000 1.00000000 
