O-POSITRON E+ (NE-AUG-CC-PVTZ) BASIS TYPE:2 
# 
14 
1 0 8 
24350.00000000 0.00050200 
3650.00000000 0.00388100 
829.60000000 0.01999700 
234.00000000 0.07841800 
75.61000000 0.22967600 
26.73000000 0.43272200 
9.92700000 0.35064200 
1.10200000 -0.00764500 
2 0 8 
24350.00000000 -0.00011800 
3650.00000000 -0.00091500 
829.60000000 -0.00473700 
234.00000000 -0.01923300 
75.61000000 -0.06036900 
26.73000000 -0.14250800 
9.92700000 -0.17771000 
1.10200000 0.60583600 
3 0 1 
2.83600000 1.00000000 
4 0 1 
0.37820000 1.00000000 
5 0 1 
0.11330000 1.00000000 
6 1 3 
54.70000000 0.01715100 
12.43000000 0.10765600 
3.67900000 0.32168100 
7 1 1 
1.14300000 1.00000000 
8 1 1 
0.33000000 1.00000000 
9 1 1 
0.09175000 1.00000000 
10 2 1 
4.01400000 1.00000000 
11 2 1 
1.09600000 1.00000000 
12 2 1 
0.38600000 1.00000000 
13 3 1 
2.54400000 1.00000000 
14 3 1 
1.08400000 1.00000000 
