O-POSITRON E+ (NA-AUG-CC-PV5Z) BASIS TYPE:2 
# (64s,33p,5d,4f,3g,2h) -> [8s,7p,5d,4f,3g,2h] 
29 
1 0 20 
2.185572E+06 2.000000E-06 
3.272284E+05 1.800000E-05 
7.446684E+04 9.500000E-05 
2.109315E+04 4.010000E-04 
6.881898E+03 1.459000E-03 
2.484696E+03 4.746000E-03 
9.692232E+02 1.403100E-02 
4.020643E+02 3.773300E-02 
1.753545E+02 9.070200E-02 
7.965199E+01 1.864660E-01 
3.738672E+01 3.018370E-01 
1.800194E+01 3.238300E-01 
8.724371E+00 1.687000E-01 
3.857715E+00 2.308300E-02 
1.815686E+00 -1.470000E-04 
8.382540E-01 1.099000E-03 
3.819350E-01 -1.010000E-04 
7.167900E-02 6.100000E-05 
3.391600E-02 -5.300000E-05 
1.652500E-02 1.800000E-05 
2 0 20 
2.185572E+06 -1.000000E-06 
3.272284E+05 -4.000000E-06 
7.446684E+04 -2.300000E-05 
2.109315E+04 -9.800000E-05 
6.881898E+03 -3.570000E-04 
2.484696E+03 -1.165000E-03 
9.692232E+02 -3.464000E-03 
4.020643E+02 -9.495000E-03 
1.753545E+02 -2.358700E-02 
7.965199E+01 -5.239400E-02 
3.738672E+01 -9.802800E-02 
1.800194E+01 -1.436730E-01 
8.724371E+00 -1.022980E-01 
3.857715E+00 1.380290E-01 
1.815686E+00 4.290060E-01 
8.382540E-01 4.478130E-01 
3.819350E-01 1.445430E-01 
7.167900E-02 2.617000E-03 
3.391600E-02 -1.192000E-03 
1.652500E-02 4.400000E-04 
3 0 19 
3.272284E+05 1.000000E-06 
7.446684E+04 3.000000E-06 
2.109315E+04 1.500000E-05 
6.881898E+03 5.400000E-05 
2.484696E+03 1.750000E-04 
9.692232E+02 5.200000E-04 
4.020643E+02 1.431000E-03 
1.753545E+02 3.554000E-03 
7.965199E+01 7.954000E-03 
3.738672E+01 1.495500E-02 
1.800194E+01 2.247200E-02 
8.724371E+00 1.620500E-02 
3.857715E+00 -2.355000E-02 
1.815686E+00 -8.012000E-02 
8.382540E-01 -1.129210E-01 
3.819350E-01 -1.329890E-01 
7.167900E-02 4.175160E-01 
3.391600E-02 5.494430E-01 
1.652500E-02 1.481100E-01 
4 0 1 
3.819350E-01 1.000000E+00 
5 0 1 
7.167900E-02 1.000000E+00 
6 0 1 
3.391600E-02 1.000000E+00 
7 0 1 
1.652500E-02 1.000000E+00 
8 0 1 
5.100000E-03 1.0000000 
2 1 14 
1.119578E+03 1.620000E-04 
2.653239E+02 1.408000E-03 
8.599553E+01 7.586000E-03 
3.253759E+01 2.961500E-02 
1.351565E+01 8.847700E-02 
5.966856E+00 1.955190E-01 
2.700045E+00 3.066210E-01 
1.218512E+00 3.412420E-01 
5.421870E-01 2.296900E-01 
2.274130E-01 5.492100E-02 
1.330400E-01 -3.441000E-03 
5.757700E-02 2.340000E-03 
2.597100E-02 -6.620000E-04 
1.190100E-02 1.990000E-04 
3 1 14 
1.119578E+03 -1.600000E-05 
2.653239E+02 -1.400000E-04 
8.599553E+01 -7.540000E-04 
3.253759E+01 -2.968000E-03 
1.351565E+01 -8.919000E-03 
5.966856E+00 -2.002900E-02 
2.700045E+00 -3.138000E-02 
1.218512E+00 -3.648900E-02 
5.421870E-01 -2.962500E-02 
2.274130E-01 -1.014600E-02 
1.330400E-01 8.212800E-02 
5.757700E-02 3.345530E-01 
2.597100E-02 5.081420E-01 
1.190100E-02 1.966360E-01 
4 1 1 
1.330400E-01 1.000000E+00 
5 1 1 
5.757700E-02 1.000000E+00 
6 1 1 
2.597100E-02 1.000000E+00 
7 1 1 
1.190100E-02 1.000000E+00 
8 1 1 
5.500000E-03 1.0000000 
3 2 1 
4.898000E-01 1.000000E+00 
4 2 1 
2.283000E-01 1.000000E+00 
5 2 1 
1.064000E-01 1.000000E+00 
6 2 1 
4.960000E-02 1.000000E+00 
7 2 1 
2.290000E-02 1.0000000 
4 3 1 
2.493000E-01 1.000000E+00 
5 3 1 
1.357000E-01 1.000000E+00 
6 3 1 
7.390000E-02 1.000000E+00 
7 3 1 
4.140000E-02 1.0000000 
5 4 1 
2.318000E-01 1.000000E+00 
6 4 1 
1.222000E-01 1.000000E+00 
7 4 1 
7.320000E-02 1.0000000 
6 5 1 
2.240000E-01 1.0000000 
7 5 1 
1.048000E-01 1.0000000 
