O-POSITRON E+ (N-AUG-CC-PVDZ) BASIS TYPE:2 
# 
9 
1 0 8 
9046.00000000 0.00070000 
1357.00000000 0.00538900 
309.30000000 0.02740600 
87.73000000 0.10320700 
28.56000000 0.27872300 
10.21000000 0.44854000 
3.83800000 0.27823800 
0.74660000 0.01544000 
2 0 8 
9046.00000000 -0.00015300 
1357.00000000 -0.00120800 
309.30000000 -0.00599200 
87.73000000 -0.02454400 
28.56000000 -0.06745900 
10.21000000 -0.15807800 
3.83800000 -0.12183100 
0.74660000 0.54900300 
3 0 1 
0.22480000 1.00000000 
4 0 1 
0.06124000 1.00000000 
5 1 3 
13.55000000 0.03991900 
2.91700000 0.21716900 
0.79730000 0.51031900 
6 1 1 
0.21850000 1.00000000 
7 1 1 
0.05611000 1.00000000 
8 2 1 
0.81700000 1.00000000 
9 2 1 
0.23000000 1.00000000 
