O-POSITRON E+ (N-DEF2-TZVPPD-AUX-DIF) BASIS TYPE:2 
# 
19 
1 0 6 
19730.80064700 0.00021888 
2957.89587450 0.00169607 
673.22133595 0.00879546 
190.68249494 0.03535938 
62.29544190 0.11095789 
22.65416118 0.24982973 
2 0 2 
8.97914774 0.40623896 
3.68630024 0.24338217 
3 0 1 
0.84660077 1.00000000 
4 0 1 
0.33647134 1.00000000 
5 0 1 
0.13647654 1.00000000 
6 0 1 
0.06844161 1.00000000 
7 1 4 
49.20038051 0.00555524 
11.34679054 0.03805238 
3.42739724 0.14953671 
1.17855251 0.34949305 
8 1 1 
0.41642205 1.00000000 
9 1 1 
0.14260826 1.00000000 
10 2 1 
1.65400000 1.00000000 
11 2 1 
0.46900000 1.00000000 
12 2 1 
0.12829642 1.00000000 
13 3 1 
1.09300000 1.00000000 
1 0 1 
0.021643136 1.0 
2 0 1 
0.006844161 1.0 
3 0 1 
0.002164314 1.0 
5 1 1 
0.045096692 1.0 
6 1 1 
0.014260826 1.0 
7 1 1 
0.004509669 1.0 
