O-POSITRON E+ (NE-DEF2-TZVPPD-AUX-DIF) BASIS TYPE:2 
# 
20 
1 0 6 
45069.46402200 0.00021687 
6755.97686560 0.00168127 
1537.65028640 0.00873561 
435.51697667 0.03536127 
142.28655638 0.11321521 
51.69215380 0.26654653 
2 0 2 
20.31587049 0.39631960 
8.20219426 0.25582811 
3 0 1 
1.96812763 1.00000000 
4 0 1 
0.77904756 1.00000000 
5 0 1 
0.30229502 1.00000000 
6 0 1 
0.11246534 1.00000000 
7 1 4 
99.78299603 0.00655692 
23.17612410 0.04588801 
7.11639459 0.17331288 
2.44187114 0.36475268 
8 1 1 
0.83389606 1.00000000 
9 1 1 
0.26607311 1.00000000 
10 1 1 
0.07106755 1.00000000 
11 2 1 
4.01400000 1.00000000 
12 2 1 
1.09600000 1.00000000 
13 2 1 
0.23044808 1.00000000 
14 3 1 
2.54400000 1.00000000 
1 0 1 
0.035564663 1.0 
2 0 1 
0.011246534 1.0 
3 0 1 
0.003556466 1.0 
1 1 1 
0.022473533 1.0 
2 1 1 
0.007106755 1.0 
3 1 1 
0.002247353 1.0 
