O-POSITRON E+ (NE-D-AUG-CC-PVQZ) BASIS TYPE:2 
# 
25 
1 0 9 
99920.00000000 0.00008600 
14960.00000000 0.00066900 
3399.00000000 0.00351800 
958.90000000 0.01466700 
311.20000000 0.05096200 
111.70000000 0.14374400 
43.32000000 0.30456200 
17.80000000 0.40010500 
7.50300000 0.21864400 
2 0 9 
99920.00000000 -0.00002000 
14960.00000000 -0.00015800 
3399.00000000 -0.00082400 
958.90000000 -0.00350000 
311.20000000 -0.01223300 
111.70000000 -0.03701700 
43.32000000 -0.08611300 
17.80000000 -0.15838100 
7.50300000 -0.11428800 
3 0 1 
2.33700000 1.00000000 
4 0 1 
0.90010000 1.00000000 
5 0 1 
0.33010000 1.00000000 
6 0 1 
0.10540000 1.00000000 
7 0 1 
0.03370000 1.00000000 
8 1 3 
99.68000000 0.00656600 
23.15000000 0.04597900 
7.10800000 0.17341900 
9 1 1 
2.44100000 1.00000000 
10 1 1 
0.83390000 1.00000000 
11 1 1 
0.26620000 1.00000000 
12 1 1 
0.08178000 1.00000000 
13 1 1 
0.02510000 1.00000000 
14 2 1 
6.47100000 1.00000000 
15 2 1 
2.21300000 1.00000000 
16 2 1 
0.74700000 1.00000000 
17 2 1 
0.27300000 1.00000000 
18 2 1 
0.09980000 1.00000000 
19 3 1 
4.65700000 1.00000000 
20 3 1 
1.52400000 1.00000000 
21 3 1 
0.68900000 1.00000000 
22 3 1 
0.31100000 1.00000000 
23 4 1 
2.98300000 1.00000000 
24 4 1 
1.22400000 1.00000000 
25 4 1 
0.50200000 1.00000000 
