O-POSITRON E+ (NI-AUG-CC-PVDZ) BASIS TYPE:2 
# 
19 
1 0 19 
5045991.00000000 0.00000821 
755614.20000000 0.00006383 
171956.80000000 0.00033558 
48704.79000000 0.00141508 
15888.41000000 0.00512444 
5735.12300000 0.01643256 
2236.13700000 0.04689398 
926.64680000 0.11635340 
403.17430000 0.23505110 
182.34760000 0.33501840 
84.54885000 0.25347790 
38.39634000 0.07300901 
18.45859000 0.06184244 
8.86354800 0.06302956 
3.91622700 0.01008063 
1.83887000 -0.00022445 
0.80436200 -0.00005933 
0.16979700 -0.00001159 
0.07930600 0.00000812 
2 0 19 
5045991.00000000 -0.00000366 
755614.20000000 -0.00002844 
171956.80000000 -0.00014959 
48704.79000000 -0.00063130 
15888.41000000 -0.00229305 
5735.12300000 -0.00740512 
2236.13700000 -0.02152032 
926.64680000 -0.05560974 
403.17430000 -0.12301760 
182.34760000 -0.21301040 
84.54885000 -0.22658370 
38.39634000 0.03546796 
18.45859000 0.51816970 
8.86354800 0.50256300 
3.91622700 0.08955674 
1.83887000 -0.00703131 
0.80436200 -0.00043392 
0.16979700 -0.00058317 
0.07930600 0.00042288 
3 0 19 
5045991.00000000 0.00000096 
755614.20000000 0.00000746 
171956.80000000 0.00003924 
48704.79000000 0.00016579 
15888.41000000 0.00060259 
5735.12300000 0.00195566 
2236.13700000 0.00573039 
926.64680000 0.01514756 
403.17430000 0.03493499 
182.34760000 0.06598072 
84.54885000 0.07893083 
38.39634000 -0.01906249 
18.45859000 -0.30959210 
8.86354800 -0.45586100 
3.91622700 0.14829310 
1.83887000 0.71340390 
0.80436200 0.39760630 
0.16979700 0.02295523 
0.07930600 -0.00915176 
4 0 19 
5045991.00000000 -0.00000020 
755614.20000000 -0.00000157 
171956.80000000 -0.00000824 
48704.79000000 -0.00003478 
15888.41000000 -0.00012653 
5735.12300000 -0.00041026 
2236.13700000 -0.00120383 
926.64680000 -0.00317906 
403.17430000 -0.00735383 
182.34760000 -0.01389022 
84.54885000 -0.01677875 
38.39634000 0.00416338 
18.45859000 0.06814703 
8.86354800 0.10610290 
3.91622700 -0.04339980 
1.83887000 -0.20949500 
0.80436200 -0.23102710 
0.16979700 0.25905320 
0.07930600 0.56914260 
5 0 19 
5045991.00000000 -0.00000039 
755614.20000000 -0.00000311 
171956.80000000 -0.00001590 
48704.79000000 -0.00006981 
15888.41000000 -0.00024178 
5735.12300000 -0.00083262 
2236.13700000 -0.00227029 
926.64680000 -0.00655743 
403.17430000 -0.01354288 
182.34760000 -0.02989768 
84.54885000 -0.02693106 
38.39634000 -0.00782769 
18.45859000 0.17416670 
8.86354800 0.15954680 
3.91622700 0.01995550 
1.83887000 -0.88970000 
0.80436200 0.24868920 
0.16979700 1.61301200 
0.07930600 -0.59902770 
6 0 1 
0.03467700 1.00000000 
7 0 1 
0.01516000 1.00000000 
8 1 15 
21027.92000000 0.00004100 
4977.56000000 0.00036300 
1616.74000000 0.00209700 
618.67180000 0.00925000 
262.51830000 0.03279600 
119.69070000 0.09400400 
57.46585000 0.20828000 
28.52829000 0.33365400 
14.52148000 0.33290400 
7.45385000 0.15537200 
3.72355300 0.02085900 
1.80981300 -0.00244000 
0.85133600 -0.00199800 
0.32481400 -0.00033800 
0.11952200 0.00003500 
9 1 15 
21027.92000000 -0.00001500 
4977.56000000 -0.00012900 
1616.74000000 -0.00074900 
618.67180000 -0.00332800 
262.51830000 -0.01194700 
119.69070000 -0.03524200 
57.46585000 -0.08120400 
28.52829000 -0.13749300 
14.52148000 -0.13922600 
7.45385000 0.03601600 
3.72355300 0.33912800 
1.80981300 0.45047200 
0.85133600 0.28178300 
0.32481400 0.04789800 
0.11952200 -0.00298700 
10 1 15 
21027.92000000 0.00000300 
4977.56000000 0.00002600 
1616.74000000 0.00015200 
618.67180000 0.00067800 
262.51830000 0.00242700 
119.69070000 0.00720100 
57.46585000 0.01657800 
28.52829000 0.02839200 
14.52148000 0.02859900 
7.45385000 -0.01013200 
3.72355300 -0.08291200 
1.80981300 -0.11599800 
0.85133600 -0.07279500 
0.32481400 0.19564000 
0.11952200 0.56709900 
11 1 15 
21027.92000000 0.00000600 
4977.56000000 0.00005300 
1616.74000000 0.00030500 
618.67180000 0.00136400 
262.51830000 0.00487600 
119.69070000 0.01450300 
57.46585000 0.03329600 
28.52829000 0.05748200 
14.52148000 0.05870200 
7.45385000 -0.01990400 
3.72355300 -0.19469500 
1.80981300 -0.23961300 
0.85133600 -0.00223200 
0.32481400 0.52143500 
0.11952200 0.54554000 
12 1 1 
0.04236600 1.00000000 
13 1 1 
0.01502000 1.00000000 
14 2 7 
140.25270000 0.00337600 
41.72610000 0.02514100 
15.39810000 0.09774600 
6.27710000 0.23470900 
2.61850000 0.34694500 
1.05260000 0.35106800 
0.39160000 0.25025500 
15 2 7 
140.25270000 -0.00349500 
41.72610000 -0.02601500 
15.39810000 -0.10387600 
6.27710000 -0.25207000 
2.61850000 -0.29458000 
1.05260000 0.00115200 
0.39160000 0.43858900 
16 2 1 
0.12620000 1.00000000 
17 2 1 
0.04067000 1.00000000 
18 3 2 
4.34550000 0.41742900 
1.06800000 0.77148300 
19 3 1 
0.40830000 1.00000000 
