O-POSITRON E+ (N-D-AUG-CC-PVTZ) BASIS TYPE:2 
# 
18 
1 0 8 
11420.00000000 0.00052300 
1712.00000000 0.00404500 
389.30000000 0.02077500 
110.00000000 0.08072700 
35.57000000 0.23307400 
12.54000000 0.43350100 
4.64400000 0.34747200 
0.51180000 -0.00850800 
2 0 8 
11420.00000000 -0.00011500 
1712.00000000 -0.00089500 
389.30000000 -0.00462400 
110.00000000 -0.01852800 
35.57000000 -0.05733900 
12.54000000 -0.13207600 
4.64400000 -0.17251000 
0.51180000 0.59994400 
3 0 1 
1.29300000 1.00000000 
4 0 1 
0.17870000 1.00000000 
5 0 1 
0.05760000 1.00000000 
6 0 1 
0.01860000 1.00000000 
7 1 3 
26.63000000 0.01467000 
5.94800000 0.09176400 
1.74200000 0.29868300 
8 1 1 
0.55500000 1.00000000 
9 1 1 
0.17250000 1.00000000 
10 1 1 
0.04910000 1.00000000 
11 1 1 
0.01400000 1.00000000 
12 2 1 
1.65400000 1.00000000 
13 2 1 
0.46900000 1.00000000 
14 2 1 
0.15100000 1.00000000 
15 2 1 
0.04860000 1.00000000 
16 3 1 
1.09300000 1.00000000 
17 3 1 
0.36400000 1.00000000 
18 3 1 
0.12100000 1.00000000 
