O-POSITRON E+ (NE-D-AUG-CC-PV5Z) BASIS TYPE:2 
# (34s,14p,6d,5f,4g,3h) -> [8s,7p,6d,5f,4g,3h] 
33 
1 0 14 
262700.0000000 0.0000260 
39350.0000000 0.0002000 
8955.0000000 0.0010500 
2538.0000000 0.0044000 
829.9000000 0.0156490 
301.5000000 0.0477580 
119.0000000 0.1229430 
50.0000000 0.2524830 
21.9800000 0.3663140 
9.8910000 0.2796170 
4.3270000 0.0616510 
1.8040000 0.0009340 
0.7288000 0.0013670 
0.2867000 -0.0000380 
2 0 14 
262700.0000000 -0.0000060 
39350.0000000 -0.0000470 
8955.0000000 -0.0002470 
2538.0000000 -0.0010380 
829.9000000 -0.0037110 
301.5000000 -0.0115930 
119.0000000 -0.0310860 
50.0000000 -0.0709720 
21.9800000 -0.1272660 
9.8910000 -0.1512310 
4.3270000 0.0246660 
1.8040000 0.3996120 
0.7288000 0.5266160 
0.2867000 0.1908540 
3 0 1 
4.3270000 1.0000000 
4 0 1 
1.8040000 1.0000000 
5 0 1 
0.7288000 1.0000000 
6 0 1 
0.2867000 1.0000000 
7 0 1 
0.0957000 1.0000000 
8 0 1 
0.0319 1.0000 
2 1 8 
299.1000000 0.0010380 
70.7300000 0.0083750 
22.4800000 0.0396930 
8.2460000 0.1280560 
3.2690000 0.2703250 
1.3150000 0.3709630 
0.5158000 0.3284990 
0.1918000 0.1275880 
3 1 1 
3.2690000 1.0000000 
4 1 1 
1.3150000 1.0000000 
5 1 1 
0.5158000 1.0000000 
6 1 1 
0.1918000 1.0000000 
7 1 1 
0.0654000 1.0000000 
8 1 1 
0.0223 1.0000 
3 2 1 
9.8370000 1.0000000 
4 2 1 
3.8440000 1.0000000 
5 2 1 
1.5020000 1.0000000 
6 2 1 
0.5870000 1.0000000 
7 2 1 
0.2130000 1.0000000 
8 2 1 
0.0773 1.0000 
4 3 1 
7.0900000 1.0000000 
5 3 1 
2.7380000 1.0000000 
6 3 1 
1.0570000 1.0000000 
7 3 1 
0.4250000 1.0000000 
8 3 1 
0.1710 1.0000 
5 4 1 
5.4600000 1.0000000 
6 4 1 
1.8800000 1.0000000 
7 4 1 
0.8090000 1.0000000 
8 4 1 
0.3480 1.0000 
6 5 1 
3.7760000 1.0000000 
7 5 1 
1.6280000 1.0000000 
8 5 1 
0.7020 1.0000 
