O-POSITRON E+ (O-AUG-CC-PV5Z) BASIS TYPE:2 
# (33s,13p,5d,4f,3g,2h) -> [7s,6p,5d,4f,3g,2h] 
27 
1 0 14 
1.642000E+05 2.600000E-05 
2.459000E+04 2.050000E-04 
5.592000E+03 1.076000E-03 
1.582000E+03 4.522000E-03 
5.161000E+02 1.610800E-02 
1.872000E+02 4.908500E-02 
7.393000E+01 1.248570E-01 
3.122000E+01 2.516860E-01 
1.381000E+01 3.624200E-01 
6.256000E+00 2.790510E-01 
2.776000E+00 6.355200E-02 
1.138000E+00 1.063000E-03 
4.600000E-01 1.144000E-03 
1.829000E-01 -4.000000E-05 
2 0 14 
1.642000E+05 -6.000000E-06 
2.459000E+04 -4.600000E-05 
5.592000E+03 -2.440000E-04 
1.582000E+03 -1.031000E-03 
5.161000E+02 -3.688000E-03 
1.872000E+02 -1.151400E-02 
7.393000E+01 -3.043500E-02 
3.122000E+01 -6.814700E-02 
1.381000E+01 -1.203680E-01 
6.256000E+00 -1.482600E-01 
2.776000E+00 9.905000E-03 
1.138000E+00 3.842860E-01 
4.600000E-01 5.368050E-01 
1.829000E-01 2.026870E-01 
3 0 1 
2.776000E+00 1.000000E+00 
4 0 1 
1.138000E+00 1.000000E+00 
5 0 1 
4.600000E-01 1.000000E+00 
6 0 1 
1.829000E-01 1.000000E+00 
7 0 1 
0.0655000 1.0000000 
2 1 8 
1.955000E+02 9.180000E-04 
4.616000E+01 7.388000E-03 
1.458000E+01 3.495800E-02 
5.296000E+00 1.154310E-01 
2.094000E+00 2.568030E-01 
8.471000E-01 3.739380E-01 
3.368000E-01 3.434470E-01 
1.285000E-01 1.297060E-01 
3 1 1 
2.094000E+00 1.000000E+00 
4 1 1 
8.471000E-01 1.000000E+00 
5 1 1 
3.368000E-01 1.000000E+00 
6 1 1 
1.285000E-01 1.000000E+00 
7 1 1 
0.0446000 1.0000000 
3 2 1 
5.879000E+00 1.000000E+00 
4 2 1 
2.307000E+00 1.000000E+00 
5 2 1 
9.050000E-01 1.000000E+00 
6 2 1 
3.550000E-01 1.000000E+00 
7 2 1 
0.1310000 1.0000000 
4 3 1 
4.016000E+00 1.000000E+00 
5 3 1 
1.554000E+00 1.000000E+00 
6 3 1 
6.010000E-01 1.000000E+00 
7 3 1 
0.2370000 1.0000000 
5 4 1 
3.350000E+00 1.000000E+00 
6 4 1 
1.189000E+00 1.000000E+00 
7 4 1 
0.5170000 1.0000000 
6 5 1 
2.319000E+00 1.0000000 
7 5 1 
1.0240000 1.0000000 
