O-POSITRON E+ (E+-F-7S5P3D-AUG-CC-PVDZ) BASIS TYPE: 2
#
21
1 0 1
 0.00249690          1.00000000
2 0 1
 0.00789600          1.00000000
3 0 1
 0.02496960          1.00000000
4 0 1
 0.07896160          1.00000000
5 0 1
 0.24970030          1.00000000
6 0 1
 0.78962730          1.00000000
7 0 1
 2.49703840          1.00000000
8 1 1
 0.00216806          1.00000000
9 1 1
 0.00685604          1.00000000
10 1 1
 0.02168087          1.00000000
11 1 1
 0.06856140          1.00000000
12 1 1
 0.21681172          1.00000000
13 1 1
 0.68562371          1.00000000
14 1 1
 2.16814786          1.00000000
15 2 1
 0.01049875          1.00000000
16 2 1
 0.03320021          1.00000000
17 2 1
 0.10498902          1.00000000
18 2 1
 0.33200679          1.00000000
19 2 1
 1.04990507          1.00000000
20 2 1
 3.32011482          1.00000000
21 2 1
10.49919908          1.00000000
