O-POSITRON E+ (O-DEF2-TZVPPTD) BASIS TYPE:2 
# 
20 
1 0 6 
27032.38263100 0.00021726 
4052.38713920 0.00168387 
922.32722710 0.00873956 
261.24070989 0.03523997 
85.35464135 0.11153519 
31.03503524 0.25588954 
2 0 2 
12.26086073 0.39768731 
4.99870760 0.24627849 
3 0 1 
1.17031082 1.00000000 
4 0 1 
0.46474741 1.00000000 
5 0 1 
0.18504536 1.00000000 
6 0 1 
0.07028803 1.00000000 
7 1 4 
63.27495480 0.00606851 
14.62704938 0.04191258 
4.45012235 0.16153841 
1.52757996 0.35706951 
8 1 1 
0.52935118 1.00000000 
9 1 1 
0.17478421 1.00000000 
10 1 1 
0.05111275 1.00000000 
11 2 1 
2.31400000 1.00000000 
12 2 1 
0.64500000 1.00000000 
13 2 1 
0.14696477 1.00000000 
14 3 1 
1.42800000 1.00000000 
1 0 1 
0.02222703 1.0 
2 0 1 
0.00702880 1.0 
3 1 1 
0.01616327 1.0 
4 1 1 
0.00511127 1.0 
5 2 1 
0.04647434 1.0 
6 2 1 
0.01469648 1.0 
