O-POSITRON E+ (O-AUG-CC-PVDZ) BASIS TYPE:2 
# 
9 
1 0 8 
11720.00000000 0.00071000 
1759.00000000 0.00547000 
400.80000000 0.02783700 
113.70000000 0.10480000 
37.03000000 0.28306200 
13.27000000 0.44871900 
5.02500000 0.27095200 
1.01300000 0.01545800 
2 0 8 
11720.00000000 -0.00016000 
1759.00000000 -0.00126300 
400.80000000 -0.00626700 
113.70000000 -0.02571600 
37.03000000 -0.07092400 
13.27000000 -0.16541100 
5.02500000 -0.11695500 
1.01300000 0.55736800 
3 0 1 
0.30230000 1.00000000 
4 0 1 
0.07896000 1.00000000 
5 1 3 
17.70000000 0.04301800 
3.85400000 0.22891300 
1.04600000 0.50872800 
6 1 1 
0.27530000 1.00000000 
7 1 1 
0.06856000 1.00000000 
8 2 1 
1.18500000 1.00000000 
9 2 1 
0.33200000 1.00000000 
