O-POSITRON E+ (O-D-AUG-CC-PVTZ) BASIS TYPE:2 
# 
18 
1 0 8 
15330.00000000 0.00050800 
2299.00000000 0.00392900 
522.40000000 0.02024300 
147.30000000 0.07918100 
47.55000000 0.23068700 
16.76000000 0.43311800 
6.20700000 0.35026000 
0.68820000 -0.00815400 
2 0 8 
15330.00000000 -0.00011500 
2299.00000000 -0.00089500 
522.40000000 -0.00463600 
147.30000000 -0.01872400 
47.55000000 -0.05846300 
16.76000000 -0.13646300 
6.20700000 -0.17574000 
0.68820000 0.60341800 
3 0 1 
1.75200000 1.00000000 
4 0 1 
0.23840000 1.00000000 
5 0 1 
0.07376000 1.00000000 
6 0 1 
0.02280000 1.00000000 
7 1 3 
34.46000000 0.01592800 
7.74900000 0.09974000 
2.28000000 0.31049200 
8 1 1 
0.71560000 1.00000000 
9 1 1 
0.21400000 1.00000000 
10 1 1 
0.05974000 1.00000000 
11 1 1 
0.01670000 1.00000000 
12 2 1 
2.31400000 1.00000000 
13 2 1 
0.64500000 1.00000000 
14 2 1 
0.21400000 1.00000000 
15 2 1 
0.07100000 1.00000000 
16 3 1 
1.42800000 1.00000000 
17 3 1 
0.50000000 1.00000000 
18 3 1 
0.17500000 1.00000000 
