O-POSITRON E+ (O-D-AUG-CC-PVQZ) BASIS TYPE:2 
# 
25 
1 0 9 
61420.00000000 0.00009000 
9199.00000000 0.00069800 
2091.00000000 0.00366400 
590.90000000 0.01521800 
192.30000000 0.05242300 
69.32000000 0.14592100 
26.97000000 0.30525800 
11.10000000 0.39850800 
4.68200000 0.21698000 
2 0 9 
61420.00000000 -0.00002000 
9199.00000000 -0.00015900 
2091.00000000 -0.00082900 
590.90000000 -0.00350800 
192.30000000 -0.01215600 
69.32000000 -0.03626100 
26.97000000 -0.08299200 
11.10000000 -0.15209000 
4.68200000 -0.11533100 
3 0 1 
1.42800000 1.00000000 
4 0 1 
0.55470000 1.00000000 
5 0 1 
0.20670000 1.00000000 
6 0 1 
0.06959000 1.00000000 
7 0 1 
0.02340000 1.00000000 
8 1 3 
63.42000000 0.00604400 
14.66000000 0.04179900 
4.45900000 0.16114300 
9 1 1 
1.53100000 1.00000000 
10 1 1 
0.53020000 1.00000000 
11 1 1 
0.17500000 1.00000000 
12 1 1 
0.05348000 1.00000000 
13 1 1 
0.01630000 1.00000000 
14 2 1 
3.77500000 1.00000000 
15 2 1 
1.30000000 1.00000000 
16 2 1 
0.44400000 1.00000000 
17 2 1 
0.15400000 1.00000000 
18 2 1 
0.05340000 1.00000000 
19 3 1 
2.66600000 1.00000000 
20 3 1 
0.85900000 1.00000000 
21 3 1 
0.32400000 1.00000000 
22 3 1 
0.12200000 1.00000000 
23 4 1 
1.84600000 1.00000000 
24 4 1 
0.71400000 1.00000000 
25 4 1 
0.27600000 1.00000000 
