O-POSITRON E+ (P-AUG-CC-PVTZ) BASIS TYPE:2 
# 
16 
1 0 13 
312400.00000000 0.00005770 
46800.00000000 0.00044830 
10650.00000000 0.00234939 
3018.00000000 0.00978265 
986.80000000 0.03414670 
357.40000000 0.10020400 
139.60000000 0.23437200 
57.63000000 0.38243400 
24.60000000 0.31808800 
10.12000000 0.07077880 
4.28300000 -0.00181799 
1.80500000 0.00216180 
0.27820000 0.00043230 
2 0 13 
312400.00000000 -0.00001567 
46800.00000000 -0.00012172 
10650.00000000 -0.00063967 
3018.00000000 -0.00267426 
986.80000000 -0.00949831 
357.40000000 -0.02893490 
139.60000000 -0.07451210 
57.63000000 -0.14993800 
24.60000000 -0.18946700 
10.12000000 0.03632700 
4.28300000 0.52881600 
1.80500000 0.51911500 
0.27820000 -0.00925695 
3 0 13 
312400.00000000 0.00000431 
46800.00000000 0.00003342 
10650.00000000 0.00017589 
3018.00000000 0.00073434 
986.80000000 0.00261775 
357.40000000 0.00797852 
139.60000000 0.02079400 
57.63000000 0.04244460 
24.60000000 0.05634360 
10.12000000 -0.01273580 
4.28300000 -0.19649500 
1.80500000 -0.35355500 
0.27820000 0.70091200 
4 0 1 
0.61580000 1.00000000 
5 0 1 
0.10550000 1.00000000 
6 0 1 
0.04090000 1.00000000 
7 1 7 
504.90000000 0.00233728 
119.40000000 0.01854100 
37.96000000 0.08496930 
13.95000000 0.24461500 
5.45700000 0.42276600 
2.17700000 0.36843900 
0.28770000 -0.00379005 
8 1 7 
504.90000000 -0.00055524 
119.40000000 -0.00445913 
37.96000000 -0.02063500 
13.95000000 -0.06176940 
5.45700000 -0.10892400 
2.17700000 -0.10559900 
0.28770000 0.57698100 
9 1 1 
0.80100000 1.00000000 
10 1 1 
0.09714000 1.00000000 
11 1 1 
0.03070000 1.00000000 
12 2 1 
0.21600000 1.00000000 
13 2 1 
0.65200000 1.00000000 
14 2 1 
0.07750000 1.00000000 
15 3 1 
0.45200000 1.00000000 
16 3 1 
0.16500000 1.00000000 
