O-POSITRON E+ (P-AUG-CC-PVDZ) BASIS TYPE:2 
# 
11 
1 0 11 
94840.00000000 0.00025551 
14220.00000000 0.00198193 
3236.00000000 0.01027600 
917.10000000 0.04148230 
299.50000000 0.13198400 
108.10000000 0.30866200 
42.18000000 0.42064700 
17.28000000 0.22287800 
4.85800000 0.01640350 
1.81800000 -0.00254255 
0.33720000 0.00074805 
2 0 11 
94840.00000000 -0.00006969 
14220.00000000 -0.00053527 
3236.00000000 -0.00283709 
917.10000000 -0.01139830 
299.50000000 -0.03929290 
108.10000000 -0.09963640 
42.18000000 -0.19798300 
17.28000000 -0.11486000 
4.85800000 0.51859500 
1.81800000 0.60184700 
0.33720000 0.03686120 
3 0 11 
94840.00000000 0.00001912 
14220.00000000 0.00014722 
3236.00000000 0.00077791 
917.10000000 0.00314546 
299.50000000 0.01082000 
108.10000000 0.02799570 
42.18000000 0.05639780 
17.28000000 0.03581900 
4.85800000 -0.19338700 
1.81800000 -0.37209700 
0.33720000 0.62424600 
4 0 1 
0.12320000 1.00000000 
5 0 1 
0.04170000 1.00000000 
6 1 7 
370.50000000 0.00395005 
87.33000000 0.03024920 
27.59000000 0.12955400 
10.00000000 0.32759400 
3.82500000 0.45699200 
1.49400000 0.25308600 
0.39210000 0.01687980 
7 1 7 
370.50000000 -0.00095983 
87.33000000 -0.00711177 
27.59000000 -0.03271220 
10.00000000 -0.07957840 
3.82500000 -0.13501600 
1.49400000 -0.00910585 
0.39210000 0.53780200 
8 1 1 
0.11860000 1.00000000 
9 1 1 
0.03430000 1.00000000 
10 2 1 
0.37300000 1.00000000 
11 2 1 
0.11300000 1.00000000 
