O-POSITRON E+ (P-DEF2-TZVPPD-AUX-DIF) BASIS TYPE:2 
# 
22 
1 0 7 
52426.99923300 0.00055207 
7863.26605520 0.00426786 
1789.52273330 0.02193153 
506.27300165 0.08566717 
164.60698546 0.24840687 
58.39191872 0.46336754 
21.64366320 0.35350558 
2 0 3 
99.01383762 0.02189568 
30.55043982 0.09565047 
5.45370877 -0.29454270 
3 0 2 
2.65033626 1.32943812 
1.27266889 0.66109396 
4 0 1 
0.31645005 1.00000000 
5 0 1 
0.11417467 1.00000000 
6 0 1 
0.04883132 1.00000000 
7 1 5 
472.27219248 0.00257106 
111.58882756 0.02025030 
35.44593642 0.09158072 
12.99077687 0.25749454 
5.04862217 0.42862900 
8 1 1 
1.99340496 1.00000000 
9 1 1 
0.66527284 1.00000000 
10 1 1 
0.25516832 1.00000000 
11 1 1 
0.09035776 1.00000000 
12 2 1 
3.12000000 1.00000000 
13 2 1 
0.64800000 1.00000000 
14 2 1 
0.21800000 1.00000000 
15 2 1 
0.07356955 1.00000000 
16 3 1 
0.45200000 1.00000000 
1 0 1 
0.0154418192 1.0 
2 0 1 
0.004883132 1.0 
3 0 1 
0.0015441819 1.0 
5 1 1 
0.0285736326 1.0 
6 1 1 
0.009035776 1.0 
7 1 1 
0.0028573633 1.0 
