O-POSITRON E+ (P-AUG-CC-PV5Z) BASIS TYPE:2 
# (65s,29p,5d,4f,3g,2h) -> [8s,7p,5d,4f,3g,2h] 
29 
1 0 20 
4.666000E+06 1.967590E-06 
6.986000E+05 1.529630E-05 
1.590000E+05 8.048260E-05 
4.504000E+04 3.397370E-04 
1.472000E+04 1.232910E-03 
5.323000E+03 4.013450E-03 
2.076000E+03 1.191240E-02 
8.611000E+02 3.225110E-02 
3.757000E+02 7.866430E-02 
1.708000E+02 1.664580E-01 
8.029000E+01 2.830390E-01 
3.877000E+01 3.319420E-01 
1.893000E+01 2.033520E-01 
8.796000E+00 3.831830E-02 
4.358000E+00 -3.847200E-04 
2.174000E+00 1.587440E-03 
1.095000E+00 -4.133800E-04 
4.400000E-01 1.528370E-04 
1.945000E-01 -8.270310E-05 
8.376000E-02 1.841330E-05 
2 0 20 
4.666000E+06 -5.341530E-07 
6.986000E+05 -4.154220E-06 
1.590000E+05 -2.184840E-05 
4.504000E+04 -9.232720E-05 
1.472000E+04 -3.351090E-04 
5.323000E+03 -1.095080E-03 
2.076000E+03 -3.267980E-03 
8.611000E+02 -8.999510E-03 
3.757000E+02 -2.265280E-02 
1.708000E+02 -5.146500E-02 
8.029000E+01 -1.001860E-01 
3.877000E+01 -1.550750E-01 
1.893000E+01 -1.338180E-01 
8.796000E+00 8.783610E-02 
4.358000E+00 4.225810E-01 
2.174000E+00 4.748990E-01 
1.095000E+00 1.650020E-01 
4.400000E-01 8.468620E-03 
1.945000E-01 -2.917620E-04 
8.376000E-02 2.853410E-04 
3 0 20 
4.666000E+06 1.467760E-07 
6.986000E+05 1.140640E-06 
1.590000E+05 6.005680E-06 
4.504000E+04 2.534270E-05 
1.472000E+04 9.216060E-05 
5.323000E+03 3.005630E-04 
2.076000E+03 8.998840E-04 
8.611000E+02 2.473540E-03 
3.757000E+02 6.268120E-03 
1.708000E+02 1.425980E-02 
8.029000E+01 2.827690E-02 
3.877000E+01 4.451240E-02 
1.893000E+01 4.072170E-02 
8.796000E+00 -3.019080E-02 
4.358000E+00 -1.528940E-01 
2.174000E+00 -2.824110E-01 
1.095000E+00 -1.485220E-01 
4.400000E-01 3.935630E-01 
1.945000E-01 6.173270E-01 
8.376000E-02 2.146120E-01 
4 0 1 
1.095000E+00 1.000000E+00 
5 0 1 
4.400000E-01 1.000000E+00 
6 0 1 
1.945000E-01 1.000000E+00 
7 0 1 
8.376000E-02 1.000000E+00 
8 0 1 
0.0335000 1.0000000 
2 1 12 
2.010000E+03 2.159150E-04 
4.763000E+02 1.875360E-03 
1.544000E+02 1.017420E-02 
5.851000E+01 3.998560E-02 
2.440000E+01 1.185630E-01 
1.080000E+01 2.518160E-01 
4.913000E+00 3.665650E-01 
2.269000E+00 3.161770E-01 
1.043000E+00 1.047000E-01 
4.313000E-01 6.098620E-03 
1.767000E-01 5.020770E-04 
7.009000E-02 -2.956180E-05 
3 1 12 
2.010000E+03 -5.114440E-05 
4.763000E+02 -4.483560E-04 
1.544000E+02 -2.423400E-03 
5.851000E+01 -9.698260E-03 
2.440000E+01 -2.909650E-02 
1.080000E+01 -6.417260E-02 
4.913000E+00 -9.450710E-02 
2.269000E+00 -9.347000E-02 
1.043000E+00 5.206110E-02 
4.313000E-01 3.746240E-01 
1.767000E-01 5.090970E-01 
7.009000E-02 2.151160E-01 
4 1 1 
1.043000E+00 1.000000E+00 
5 1 1 
4.313000E-01 1.000000E+00 
6 1 1 
1.767000E-01 1.000000E+00 
7 1 1 
7.009000E-02 1.000000E+00 
8 1 1 
0.0253000 1.0000000 
3 2 1 
2.656000E+00 1.000000E+00 
4 2 1 
1.054000E+00 1.000000E+00 
5 2 1 
4.180000E-01 1.000000E+00 
6 2 1 
1.660000E-01 1.000000E+00 
7 2 1 
0.0624000 1.0000000 
4 3 1 
9.230000E-01 1.000000E+00 
5 3 1 
4.500000E-01 1.000000E+00 
6 3 1 
2.190000E-01 1.000000E+00 
7 3 1 
0.0950000 1.0000000 
5 4 1 
9.030000E-01 1.000000E+00 
6 4 1 
4.120000E-01 1.000000E+00 
7 4 1 
0.1840000 1.0000000 
6 5 1 
7.450000E-01 1.0000000 
7 5 1 
0.3720000 1.0000000 
