O-POSITRON E+ (SE-AUG-CC-PVTZ) BASIS TYPE:2 
# 
19 
1 0 18 
9563600.00000000 0.00000630 
1432100.00000000 0.00004890 
325910.00000000 0.00025740 
92312.00000000 0.00108610 
30116.00000000 0.00393990 
10872.00000000 0.01270410 
4240.10000000 0.03671560 
1758.40000000 0.09386720 
766.59000000 0.20176770 
348.43000000 0.32805400 
164.03000000 0.32383340 
79.14200000 0.13523370 
35.52400000 0.01170750 
17.30500000 -0.00034360 
8.37840000 0.00016650 
3.74050000 -0.00011880 
1.68900000 0.00002040 
0.25520000 0.00000830 
2 0 18 
9563600.00000000 -0.00000200 
1432100.00000000 -0.00001530 
325910.00000000 -0.00008060 
92312.00000000 -0.00034000 
30116.00000000 -0.00123970 
10872.00000000 -0.00401770 
4240.10000000 -0.01186720 
1758.40000000 -0.03153400 
766.59000000 -0.07464390 
348.43000000 -0.14521790 
164.03000000 -0.20384410 
79.14200000 -0.07887110 
35.52400000 0.38458250 
17.30500000 0.58652700 
8.37840000 0.19735910 
3.74050000 0.01001020 
1.68900000 0.00131600 
0.25520000 0.00011090 
3 0 18 
9563600.00000000 0.00000080 
1432100.00000000 0.00000600 
325910.00000000 0.00003170 
92312.00000000 0.00013370 
30116.00000000 0.00048830 
10872.00000000 0.00158210 
4240.10000000 0.00469190 
1758.40000000 0.01250980 
766.59000000 0.03003810 
348.43000000 0.05972710 
164.03000000 0.08846960 
79.14200000 0.03639200 
35.52400000 -0.22353290 
17.30500000 -0.51224620 
8.37840000 -0.10842240 
3.74050000 0.69363720 
1.68900000 0.55587110 
0.25520000 -0.01138320 
4 0 18 
9563600.00000000 -0.00000020 
1432100.00000000 -0.00000180 
325910.00000000 -0.00000930 
92312.00000000 -0.00003910 
30116.00000000 -0.00014280 
10872.00000000 -0.00046270 
4240.10000000 -0.00137220 
1758.40000000 -0.00366280 
766.59000000 -0.00880610 
348.43000000 -0.01758670 
164.03000000 -0.02620740 
79.14200000 -0.01099640 
35.52400000 0.06956970 
17.30500000 0.16839470 
8.37840000 0.03461600 
3.74050000 -0.29787020 
1.68900000 -0.43225690 
0.25520000 0.67572170 
5 0 1 
0.50927000 1.00000000 
6 0 1 
0.10651000 1.00000000 
7 0 1 
0.03920100 1.00000000 
8 1 11 
8004.30000000 0.00045050 
1896.90000000 0.00390490 
614.71000000 0.02109010 
233.50000000 0.08129200 
97.85600000 0.22178410 
43.51400000 0.39072700 
20.06300000 0.35597140 
9.11270000 0.10732720 
4.10630000 0.00369850 
1.79490000 0.00180320 
0.24615000 0.00022080 
9 1 11 
8004.30000000 -0.00017830 
1896.90000000 -0.00155540 
614.71000000 -0.00847270 
233.50000000 -0.03362450 
97.85600000 -0.09582670 
43.51400000 -0.18139070 
20.06300000 -0.15031520 
9.11270000 0.19482630 
4.10630000 0.54155540 
1.79490000 0.38372990 
0.24615000 -0.00501320 
10 1 11 
8004.30000000 0.00004300 
1896.90000000 0.00037700 
614.71000000 0.00204650 
233.50000000 0.00818990 
97.85600000 0.02333560 
43.51400000 0.04498130 
20.06300000 0.03574750 
9.11270000 -0.05868660 
4.10630000 -0.17095730 
1.79490000 -0.12935830 
0.24615000 0.57780690 
11 1 1 
0.62432000 1.00000000 
12 1 1 
0.08891700 1.00000000 
13 1 1 
0.03025100 1.00000000 
14 2 7 
361.85000000 0.00156550 
108.55000000 0.01332620 
41.43300000 0.06015270 
17.57900000 0.17402930 
7.86270000 0.31956900 
3.51800000 0.38120290 
1.53480000 0.27460860 
15 2 1 
0.60813000 1.00000000 
16 2 1 
0.22200000 1.00000000 
17 2 1 
0.08370000 1.00000000 
18 3 1 
0.46200000 1.00000000 
19 3 1 
0.18800000 1.00000000 
