O-POSITRON E+ (S-AUG-CC-PVTZ) BASIS TYPE:2 
# 
16 
1 0 13 
374100.00000000 0.00005421 
56050.00000000 0.00042085 
12760.00000000 0.00220698 
3615.00000000 0.00919258 
1183.00000000 0.03211230 
428.80000000 0.09466830 
167.80000000 0.22363000 
69.47000000 0.37439300 
29.84000000 0.32910800 
12.72000000 0.08470380 
5.24400000 0.00044085 
2.21900000 0.00164827 
0.34900000 0.00030131 
2 0 13 
374100.00000000 -0.00001498 
56050.00000000 -0.00011620 
12760.00000000 -0.00061158 
3615.00000000 -0.00255370 
1183.00000000 -0.00908708 
428.80000000 -0.02770450 
167.80000000 -0.07200200 
69.47000000 -0.14643900 
29.84000000 -0.19515000 
12.72000000 0.00819193 
5.24400000 0.51660100 
2.21900000 0.54217800 
0.34900000 -0.00918072 
3 0 13 
374100.00000000 0.00000435 
56050.00000000 0.00003371 
12760.00000000 0.00017767 
3615.00000000 0.00074112 
1183.00000000 0.00264591 
428.80000000 0.00807487 
167.80000000 0.02122760 
69.47000000 0.04383230 
29.84000000 0.06127160 
12.72000000 -0.00361510 
5.24400000 -0.20451000 
2.21900000 -0.38187100 
0.34900000 0.71414700 
4 0 1 
0.77670000 1.00000000 
5 0 1 
0.13220000 1.00000000 
6 0 1 
0.04970000 1.00000000 
7 1 7 
574.40000000 0.00242264 
135.80000000 0.01927960 
43.19000000 0.08854010 
15.87000000 0.25465400 
6.20800000 0.43398400 
2.48300000 0.35495300 
0.32290000 -0.00502977 
8 1 7 
574.40000000 -0.00062010 
135.80000000 -0.00493882 
43.19000000 -0.02326470 
15.87000000 -0.06851950 
6.20800000 -0.12389600 
2.48300000 -0.09694990 
0.32290000 0.56939400 
9 1 1 
0.86880000 1.00000000 
10 1 1 
0.10980000 1.00000000 
11 1 1 
0.03510000 1.00000000 
12 2 1 
0.26900000 1.00000000 
13 2 1 
0.81900000 1.00000000 
14 2 1 
0.10100000 1.00000000 
15 3 1 
0.55700000 1.00000000 
16 3 1 
0.21800000 1.00000000 
