O-POSITRON E+ (SC-AUG-CC-PV5Z) BASIS TYPE:2 
# (226s,138p,62d,5f,4g,3h,2i) -> [10s,9p,7d,5f,4g,3h,2i] 
40 
1 0 28 
1.194950E+08 6.485949E-08 
2.149920E+07 4.284789E-07 
4.807030E+06 2.485007E-06 
1.284400E+06 1.142200E-05 
3.965950E+05 4.446960E-05 
1.375750E+05 1.513206E-04 
5.236680E+04 4.641311E-04 
2.145490E+04 1.311834E-03 
9.316060E+03 3.474539E-03 
4.235400E+03 8.703081E-03 
1.997440E+03 2.066048E-02 
9.704300E+02 4.605121E-02 
4.832710E+02 9.414403E-02 
2.458060E+02 1.684787E-01 
1.273600E+02 2.427557E-01 
6.707880E+01 2.400019E-01 
3.583710E+01 1.296899E-01 
1.937130E+01 5.179276E-02 
1.055710E+01 8.932598E-02 
5.772490E+00 1.143741E-01 
3.145400E+00 5.378437E-02 
1.692490E+00 7.075763E-03 
8.886490E-01 4.599282E-04 
4.710930E-01 -4.575677E-05 
2.492860E-01 1.697886E-05 
9.998800E-02 -4.762361E-06 
4.636900E-02 1.150180E-05 
2.160600E-02 1.531918E-06 
2 0 28 
1.194950E+08 -3.759394E-08 
2.149920E+07 -2.483745E-07 
4.807030E+06 -1.440342E-06 
1.284400E+06 -6.621203E-06 
3.965950E+05 -2.577627E-05 
1.375750E+05 -8.773842E-05 
5.236680E+04 -2.691491E-04 
2.145490E+04 -7.615431E-04 
9.316060E+03 -2.020037E-03 
4.235400E+03 -5.080893E-03 
1.997440E+03 -1.215118E-02 
9.704300E+02 -2.752281E-02 
4.832710E+02 -5.797250E-02 
2.458060E+02 -1.101259E-01 
1.273600E+02 -1.781088E-01 
6.707880E+01 -2.198344E-01 
3.583710E+01 -1.529949E-01 
1.937130E+01 5.678122E-02 
1.055710E+01 3.530772E-01 
5.772490E+00 4.663403E-01 
3.145400E+00 2.199163E-01 
1.692490E+00 2.889190E-02 
8.886490E-01 7.763282E-04 
4.710930E-01 -8.474216E-04 
2.492860E-01 -1.233881E-04 
9.998800E-02 -1.245485E-05 
4.636900E-02 3.906270E-05 
2.160600E-02 7.101214E-06 
3 0 28 
1.194950E+08 7.277775E-09 
2.149920E+07 4.808602E-08 
4.807030E+06 2.788306E-07 
1.284400E+06 1.281931E-06 
3.965950E+05 4.990129E-06 
1.375750E+05 1.699051E-05 
5.236680E+04 5.212700E-05 
2.145490E+04 1.476347E-04 
9.316060E+03 3.921373E-04 
4.235400E+03 9.900468E-04 
1.997440E+03 2.383475E-03 
9.704300E+02 5.475682E-03 
4.832710E+02 1.183105E-02 
2.458060E+02 2.357475E-02 
1.273600E+02 4.140241E-02 
6.707880E+01 5.818726E-02 
3.583710E+01 4.596130E-02 
1.937130E+01 -2.847061E-02 
1.055710E+01 -1.817584E-01 
5.772490E+00 -3.512111E-01 
3.145400E+00 -2.324215E-01 
1.692490E+00 2.277188E-01 
8.886490E-01 5.757256E-01 
4.710930E-01 4.062223E-01 
2.492860E-01 8.525293E-02 
9.998800E-02 3.975498E-03 
4.636900E-02 1.954373E-03 
2.160600E-02 8.159758E-04 
4 0 28 
1.194950E+08 -1.751768E-09 
2.149920E+07 -1.157503E-08 
4.807030E+06 -6.711375E-08 
1.284400E+06 -3.085845E-07 
3.965950E+05 -1.201088E-06 
1.375750E+05 -4.090037E-06 
5.236680E+04 -1.254629E-05 
2.145490E+04 -3.554102E-05 
9.316060E+03 -9.438160E-05 
4.235400E+03 -2.383648E-04 
1.997440E+03 -5.737202E-04 
9.704300E+02 -1.318746E-03 
4.832710E+02 -2.849209E-03 
2.458060E+02 -5.684235E-03 
1.273600E+02 -9.991445E-03 
6.707880E+01 -1.409713E-02 
3.583710E+01 -1.116554E-02 
1.937130E+01 6.912254E-03 
1.055710E+01 4.558164E-02 
5.772490E+00 9.219903E-02 
3.145400E+00 6.237781E-02 
1.692490E+00 -7.194592E-02 
8.886490E-01 -1.917054E-01 
4.710930E-01 -2.379872E-01 
2.492860E-01 -1.129999E-01 
9.998800E-02 3.424078E-01 
4.636900E-02 6.263064E-01 
2.160600E-02 2.343503E-01 
5 0 28 
1.194950E+08 3.023751E-09 
2.149920E+07 2.009343E-08 
4.807030E+06 1.156659E-07 
1.284400E+06 5.364214E-07 
3.965950E+05 2.066097E-06 
1.375750E+05 7.126727E-06 
5.236680E+04 2.151877E-05 
2.145490E+04 6.213603E-05 
9.316060E+03 1.612839E-04 
4.235400E+03 4.183292E-04 
1.997440E+03 9.766017E-04 
9.704300E+02 2.324551E-03 
4.832710E+02 4.827024E-03 
2.458060E+02 1.009998E-02 
1.273600E+02 1.673441E-02 
6.707880E+01 2.581961E-02 
3.583710E+01 1.659005E-02 
1.937130E+01 -5.993844E-03 
1.055710E+01 -9.265210E-02 
5.772490E+00 -1.475540E-01 
3.145400E+00 -1.531648E-01 
1.692490E+00 2.278575E-01 
8.886490E-01 3.441065E-01 
4.710930E-01 7.482063E-01 
2.492860E-01 -7.586006E-01 
9.998800E-02 -1.492845E+00 
4.636900E-02 7.089234E-01 
2.160600E-02 7.726792E-01 
6 0 28 
1.194950E+08 -4.699340E-09 
2.149920E+07 -3.121033E-08 
4.807030E+06 -1.797873E-07 
1.284400E+06 -8.330969E-07 
3.965950E+05 -3.212062E-06 
1.375750E+05 -1.106577E-05 
5.236680E+04 -3.346404E-05 
2.145490E+04 -9.645132E-05 
9.316060E+03 -2.509128E-04 
4.235400E+03 -6.492071E-04 
1.997440E+03 -1.520210E-03 
9.704300E+02 -3.607668E-03 
4.832710E+02 -7.524161E-03 
2.458060E+02 -1.568944E-02 
1.273600E+02 -2.620054E-02 
6.707880E+01 -4.021946E-02 
3.583710E+01 -2.662630E-02 
1.937130E+01 1.032930E-02 
1.055710E+01 1.480576E-01 
5.772490E+00 2.660165E-01 
3.145400E+00 2.494336E-01 
1.692490E+00 -5.406974E-01 
8.886490E-01 -1.045556E+00 
4.710930E-01 -1.827419E-01 
2.492860E-01 2.749406E+00 
9.998800E-02 -1.329988E+00 
4.636900E-02 -1.651389E+00 
2.160600E-02 1.716682E+00 
7 0 28 
1.194950E+08 -5.382706E-09 
2.149920E+07 -3.464964E-08 
4.807030E+06 -2.077081E-07 
1.284400E+06 -9.176214E-07 
3.965950E+05 -3.749175E-06 
1.375750E+05 -1.202459E-05 
5.236680E+04 -3.967943E-05 
2.145490E+04 -1.028180E-04 
9.316060E+03 -3.033647E-04 
4.235400E+03 -6.770787E-04 
1.997440E+03 -1.876278E-03 
9.704300E+02 -3.671941E-03 
4.832710E+02 -9.536033E-03 
2.458060E+02 -1.530677E-02 
1.273600E+02 -3.545668E-02 
6.707880E+01 -3.294163E-02 
3.583710E+01 -5.839314E-02 
1.937130E+01 6.538662E-02 
1.055710E+01 6.318978E-02 
5.772490E+00 5.906996E-01 
3.145400E+00 -1.332877E-01 
1.692490E+00 -3.017064E-01 
8.886490E-01 -2.969901E+00 
4.710930E-01 4.814088E+00 
2.492860E-01 -8.352144E-01 
9.998800E-02 -4.401836E+00 
4.636900E-02 5.729989E+00 
2.160600E-02 -2.692356E+00 
8 0 28 
1.194950E+08 8.181715E-09 
2.149920E+07 5.531212E-08 
4.807030E+06 3.110133E-07 
1.284400E+06 1.484627E-06 
3.965950E+05 5.517880E-06 
1.375750E+05 1.987947E-05 
5.236680E+04 5.688854E-05 
2.145490E+04 1.752133E-04 
9.316060E+03 4.210802E-04 
4.235400E+03 1.193679E-03 
1.997440E+03 2.520603E-03 
9.704300E+02 6.726648E-03 
4.832710E+02 1.230813E-02 
2.458060E+02 3.008461E-02 
1.273600E+02 4.143790E-02 
6.707880E+01 8.479558E-02 
3.583710E+01 2.415501E-02 
1.937130E+01 2.824664E-02 
1.055710E+01 -4.174669E-01 
5.772490E+00 -5.850258E-01 
3.145400E+00 -4.454488E-01 
1.692490E+00 4.127336E+00 
8.886490E-01 -2.305176E+00 
4.710930E-01 -5.710689E+00 
2.492860E-01 9.548572E+00 
9.998800E-02 -8.563715E+00 
4.636900E-02 6.185611E+00 
2.160600E-02 -2.142828E+00 
9 0 1 
2.160600E-02 1.000000E+00 
10 0 1 
0.0100700 1.0000000 
2 1 20 
5.507050E+04 2.000000E-06 
1.374170E+04 2.100000E-05 
4.365400E+03 1.300000E-04 
1.642260E+03 6.120000E-04 
6.940660E+02 2.397000E-03 
3.177420E+02 8.073000E-03 
1.538990E+02 2.372600E-02 
7.776650E+01 6.062000E-02 
4.067360E+01 1.298550E-01 
2.190610E+01 2.210980E-01 
1.207950E+01 2.932320E-01 
6.753490E+00 2.767500E-01 
3.763210E+00 1.477940E-01 
2.049730E+00 3.202400E-02 
1.086450E+00 2.890000E-04 
5.640870E-01 -1.467000E-03 
2.810200E-01 -7.670000E-04 
1.215440E-01 -5.800000E-05 
5.345900E-02 -1.100000E-05 
2.321500E-02 1.000000E-06 
3 1 20 
5.507050E+04 -1.000000E-06 
1.374170E+04 -7.000000E-06 
4.365400E+03 -4.200000E-05 
1.642260E+03 -2.010000E-04 
6.940660E+02 -7.890000E-04 
3.177420E+02 -2.669000E-03 
1.538990E+02 -7.922000E-03 
7.776650E+01 -2.059800E-02 
4.067360E+01 -4.537500E-02 
2.190610E+01 -7.963200E-02 
1.207950E+01 -1.106180E-01 
6.753490E+00 -1.082040E-01 
3.763210E+00 -9.200000E-04 
2.049730E+00 2.175660E-01 
1.086450E+00 3.921900E-01 
5.640870E-01 3.639770E-01 
2.810200E-01 1.499530E-01 
1.215440E-01 1.514700E-02 
5.345900E-02 5.690000E-04 
2.321500E-02 1.510000E-04 
4 1 20 
5.507050E+04 -1.000000E-06 
1.374170E+04 -7.000000E-06 
4.365400E+03 -4.300000E-05 
1.642260E+03 -2.170000E-04 
6.940660E+02 -8.070000E-04 
3.177420E+02 -2.887000E-03 
1.538990E+02 -8.161000E-03 
7.776650E+01 -2.271300E-02 
4.067360E+01 -4.739600E-02 
2.190610E+01 -8.968000E-02 
1.207950E+01 -1.077940E-01 
6.753490E+00 -1.913740E-01 
3.763210E+00 3.672400E-02 
2.049730E+00 1.201016E+00 
1.086450E+00 3.399550E-01 
5.640870E-01 -3.802289E+00 
2.810200E-01 4.448876E+00 
1.215440E-01 -2.513096E+00 
5.345900E-02 4.021440E-01 
2.321500E-02 5.059010E-01 
5 1 19 
1.374170E+04 2.000000E-06 
4.365400E+03 1.000000E-05 
1.642260E+03 4.900000E-05 
6.940660E+02 1.930000E-04 
3.177420E+02 6.490000E-04 
1.538990E+02 1.942000E-03 
7.776650E+01 5.022000E-03 
4.067360E+01 1.117500E-02 
2.190610E+01 1.947300E-02 
1.207950E+01 2.764700E-02 
6.753490E+00 2.646600E-02 
3.763210E+00 -1.460000E-03 
2.049730E+00 -6.499500E-02 
1.086450E+00 -1.156050E-01 
5.640870E-01 -1.382000E-01 
2.810200E-01 7.281000E-03 
1.215440E-01 3.621410E-01 
5.345900E-02 5.420120E-01 
2.321500E-02 2.155470E-01 
6 1 19 
1.374170E+04 2.000000E-06 
4.365400E+03 1.200000E-05 
1.642260E+03 5.900000E-05 
6.940660E+02 2.320000E-04 
3.177420E+02 7.880000E-04 
1.538990E+02 2.330000E-03 
7.776650E+01 6.094000E-03 
4.067360E+01 1.337600E-02 
2.190610E+01 2.370100E-02 
1.207950E+01 3.278900E-02 
6.753490E+00 3.290900E-02 
3.763210E+00 -2.231000E-03 
2.049730E+00 -7.361100E-02 
1.086450E+00 -1.369540E-01 
5.640870E-01 -1.677060E-01 
2.810200E-01 -5.268600E-02 
1.215440E-01 5.744330E-01 
5.345900E-02 5.236500E-01 
2.321500E-02 3.496900E-02 
7 1 19 
1.374170E+04 4.000000E-06 
4.365400E+03 2.700000E-05 
1.642260E+03 1.150000E-04 
6.940660E+02 4.920000E-04 
3.177420E+02 1.527000E-03 
1.538990E+02 4.936000E-03 
7.776650E+01 1.174700E-02 
4.067360E+01 2.860300E-02 
2.190610E+01 4.436000E-02 
1.207950E+01 7.619200E-02 
6.753490E+00 5.760600E-02 
3.763210E+00 2.398700E-02 
2.049730E+00 -2.155680E-01 
1.086450E+00 -3.753780E-01 
5.640870E-01 -4.369340E-01 
2.810200E-01 1.222472E+00 
1.215440E-01 4.294290E-01 
5.345900E-02 -9.345890E-01 
2.321500E-02 -8.235500E-02 
8 1 19 
1.374170E+04 -6.000000E-06 
4.365400E+03 -2.400000E-05 
1.642260E+03 -1.730000E-04 
6.940660E+02 -4.550000E-04 
3.177420E+02 -2.275000E-03 
1.538990E+02 -4.543000E-03 
7.776650E+01 -1.774200E-02 
4.067360E+01 -2.427100E-02 
2.190610E+01 -7.561100E-02 
1.207950E+01 -4.487900E-02 
6.753490E+00 -1.899630E-01 
3.763210E+00 1.273510E-01 
2.049730E+00 1.161170E-01 
1.086450E+00 1.348698E+00 
5.640870E-01 -1.512311E+00 
2.810200E-01 -9.436110E-01 
1.215440E-01 2.307450E+00 
5.345900E-02 -1.217237E+00 
2.321500E-02 -1.697150E-01 
9 1 1 
2.321500E-02 1.000000E+00 
10 1 1 
0.0100800 1.0000000 
3 2 12 
2.056060E+02 2.380000E-04 
6.102270E+01 2.167000E-03 
2.336300E+01 1.084900E-02 
9.963460E+00 3.588100E-02 
4.489450E+00 9.349100E-02 
2.117950E+00 1.810760E-01 
1.012018E+00 2.575930E-01 
4.810450E-01 2.918550E-01 
2.264880E-01 2.690060E-01 
1.050570E-01 1.881740E-01 
4.768200E-02 7.324300E-02 
2.066000E-02 6.441000E-03 
4 2 12 
2.056060E+02 -2.430000E-04 
6.102270E+01 -2.214000E-03 
2.336300E+01 -1.110700E-02 
9.963460E+00 -3.697000E-02 
4.489450E+00 -9.781500E-02 
2.117950E+00 -1.845670E-01 
1.012018E+00 -2.472790E-01 
4.810450E-01 -2.053770E-01 
2.264880E-01 1.036720E-01 
1.050570E-01 4.618980E-01 
4.768200E-02 3.834000E-01 
2.066000E-02 6.668000E-02 
5 2 12 
2.056060E+02 -3.220000E-04 
6.102270E+01 -2.876000E-03 
2.336300E+01 -1.481800E-02 
9.963460E+00 -4.843800E-02 
4.489450E+00 -1.307580E-01 
2.117950E+00 -2.428420E-01 
1.012018E+00 -2.844310E-01 
4.810450E-01 1.037260E-01 
2.264880E-01 7.430280E-01 
1.050570E-01 9.533700E-02 
4.768200E-02 -6.651170E-01 
2.066000E-02 -1.788500E-01 
6 2 12 
2.056060E+02 -4.530000E-04 
6.102270E+01 -3.796000E-03 
2.336300E+01 -2.077300E-02 
9.963460E+00 -6.544600E-02 
4.489450E+00 -1.943420E-01 
2.117950E+00 -3.147140E-01 
1.012018E+00 -2.516280E-01 
4.810450E-01 1.085315E+00 
2.264880E-01 -1.291800E-02 
1.050570E-01 -1.243783E+00 
4.768200E-02 7.723990E-01 
2.066000E-02 2.353340E-01 
7 2 12 
2.056060E+02 -5.240000E-04 
6.102270E+01 -6.793000E-03 
2.336300E+01 -2.631900E-02 
9.963460E+00 -1.219320E-01 
4.489450E+00 -2.498200E-01 
2.117950E+00 -6.181690E-01 
1.012018E+00 9.989180E-01 
4.810450E-01 5.962450E-01 
2.264880E-01 -2.138243E+00 
1.050570E-01 1.973082E+00 
4.768200E-02 -6.527370E-01 
2.066000E-02 -2.314000E-01 
8 2 1 
2.066000E-02 1.000000E+00 
9 2 1 
0.0089500 1.0000000 
4 3 1 
2.340000E+00 1.000000E+00 
5 3 1 
7.657000E-01 1.000000E+00 
6 3 1 
2.505000E-01 1.000000E+00 
7 3 1 
8.200000E-02 1.000000E+00 
8 3 1 
0.0248200 1.0000000 
5 4 1 
1.727200E+00 1.000000E+00 
6 4 1 
5.445000E-01 1.000000E+00 
7 4 1 
1.717000E-01 1.000000E+00 
8 4 1 
0.0488400 1.0000000 
6 5 1 
1.159200E+00 1.000000E+00 
7 5 1 
3.308000E-01 1.000000E+00 
8 5 1 
0.0948900 1.0000000 
7 6 1 
5.720000E-01 1.0000000 
8 6 1 
0.1386300 1.0000000 
