O-POSITRON E+ (S-DEF2-TZVPPD-AUX-DIF) BASIS TYPE:2 
# 
23 
1 0 7 
60700.92810400 0.00054696 
9102.61068540 0.00422972 
2071.41660090 0.02174782 
586.02476821 0.08510005 
190.55395021 0.24799128 
67.63038426 0.46703640 
25.12730691 0.36434588 
2 0 3 
112.57463010 0.02167004 
34.79555422 0.09360230 
6.51155562 -0.26068001 
3 0 2 
3.23990323 1.28420894 
1.54771609 0.66036417 
4 0 1 
0.40541030 1.00000000 
5 0 1 
0.14550651 1.00000000 
6 0 1 
0.05017884 1.00000000 
7 1 5 
564.36716027 0.00247968 
133.42624379 0.01967793 
42.46827119 0.08998001 
15.61652758 0.25705881 
6.10939885 0.43515167 
8 1 1 
2.44041602 1.00000000 
9 1 1 
0.83882201 1.00000000 
10 1 1 
0.31288747 1.00000000 
11 1 1 
0.10770109 1.00000000 
12 1 1 
0.03035983 1.00000000 
13 2 1 
3.75600000 1.00000000 
14 2 1 
0.81200000 1.00000000 
15 2 1 
0.27300000 1.00000000 
16 2 1 
0.08154702 1.00000000 
17 3 1 
0.55700000 1.00000000 
1 0 1 
0.0158679425 1.0 
2 0 1 
0.005017884 1.0 
3 0 1 
0.0015867942 1.0 
5 1 1 
0.0096006212 1.0 
6 1 1 
0.003035983 1.0 
7 1 1 
0.0009600621 1.0 
