O-POSITRON E+ (S-AUG-CC-PV5Z) BASIS TYPE:2 
# (65s,29p,5d,4f,3g,2h) -> [8s,7p,5d,4f,3g,2h] 
29 
1 0 20 
5.481000E+06 1.893380E-06 
8.206000E+05 1.472110E-05 
1.867000E+05 7.750840E-05 
5.288000E+04 3.272240E-04 
1.725000E+04 1.193650E-03 
6.226000E+03 3.883930E-03 
2.429000E+03 1.153360E-02 
1.007000E+03 3.127480E-02 
4.395000E+02 7.643870E-02 
1.998000E+02 1.627000E-01 
9.392000E+01 2.793280E-01 
4.534000E+01 3.331450E-01 
2.215000E+01 2.098360E-01 
1.034000E+01 4.159740E-02 
5.119000E+00 -4.505520E-04 
2.553000E+00 1.688550E-03 
1.282000E+00 -5.172360E-04 
5.450000E-01 1.887730E-04 
2.411000E-01 -9.977340E-05 
1.035000E-01 2.090200E-05 
2 0 20 
5.481000E+06 -5.229120E-07 
8.206000E+05 -4.066900E-06 
1.867000E+05 -2.140650E-05 
5.288000E+04 -9.045400E-05 
1.725000E+04 -3.300800E-04 
6.226000E+03 -1.077820E-03 
2.429000E+03 -3.218740E-03 
1.007000E+03 -8.872170E-03 
4.395000E+02 -2.237710E-02 
1.998000E+02 -5.105770E-02 
9.392000E+01 -1.002250E-01 
4.534000E+01 -1.567950E-01 
2.215000E+01 -1.397480E-01 
1.034000E+01 8.100590E-02 
5.119000E+00 4.308830E-01 
2.553000E+00 4.816880E-01 
1.282000E+00 1.568620E-01 
5.450000E-01 7.888140E-03 
2.411000E-01 3.935330E-04 
1.035000E-01 2.237570E-04 
3 0 20 
5.481000E+06 1.518230E-07 
8.206000E+05 1.180080E-06 
1.867000E+05 6.216990E-06 
5.288000E+04 2.624050E-05 
1.725000E+04 9.590400E-05 
6.226000E+03 3.126780E-04 
2.429000E+03 9.363220E-04 
1.007000E+03 2.577900E-03 
4.395000E+02 6.541210E-03 
1.998000E+02 1.496300E-02 
9.392000E+01 2.989400E-02 
4.534000E+01 4.769460E-02 
2.215000E+01 4.495560E-02 
1.034000E+01 -2.930090E-02 
5.119000E+00 -1.689160E-01 
2.553000E+00 -3.110140E-01 
1.282000E+00 -1.364910E-01 
5.450000E-01 4.231950E-01 
2.411000E-01 6.138880E-01 
1.035000E-01 2.004730E-01 
4 0 1 
1.282000E+00 1.000000E+00 
5 0 1 
5.450000E-01 1.000000E+00 
6 0 1 
2.411000E-01 1.000000E+00 
7 0 1 
1.035000E-01 1.000000E+00 
8 0 1 
0.0420000 1.0000000 
2 1 12 
2.200000E+03 2.390490E-04 
5.214000E+02 2.076860E-03 
1.690000E+02 1.123630E-02 
6.405000E+01 4.406900E-02 
2.672000E+01 1.291680E-01 
1.183000E+01 2.690830E-01 
5.378000E+00 3.786110E-01 
2.482000E+00 2.967790E-01 
1.116000E+00 7.796760E-02 
4.848000E-01 2.051930E-03 
2.006000E-01 1.436020E-03 
7.951000E-02 -5.960000E-05 
3 1 12 
2.200000E+03 -6.085620E-05 
5.214000E+02 -5.304190E-04 
1.690000E+02 -2.879150E-03 
6.405000E+01 -1.143970E-02 
2.672000E+01 -3.427640E-02 
1.183000E+01 -7.358110E-02 
5.378000E+00 -1.077820E-01 
2.482000E+00 -8.797690E-02 
1.116000E+00 1.082610E-01 
4.848000E-01 4.070820E-01 
2.006000E-01 4.689940E-01 
7.951000E-02 1.848770E-01 
4 1 1 
1.116000E+00 1.000000E+00 
5 1 1 
4.848000E-01 1.000000E+00 
6 1 1 
2.006000E-01 1.000000E+00 
7 1 1 
7.951000E-02 1.000000E+00 
8 1 1 
0.0294000 1.0000000 
3 2 1 
3.203000E+00 1.000000E+00 
4 2 1 
1.281000E+00 1.000000E+00 
5 2 1 
5.120000E-01 1.000000E+00 
6 2 1 
2.050000E-01 1.000000E+00 
7 2 1 
0.0794000 1.0000000 
4 3 1 
1.096000E+00 1.000000E+00 
5 3 1 
5.290000E-01 1.000000E+00 
6 3 1 
2.550000E-01 1.000000E+00 
7 3 1 
0.1188000 1.0000000 
5 4 1 
1.071000E+00 1.000000E+00 
6 4 1 
4.630000E-01 1.000000E+00 
7 4 1 
0.2200000 1.0000000 
6 5 1 
8.720000E-01 1.0000000 
7 5 1 
0.4720000 1.0000000 
