O-POSITRON E+ (SI-AUG-CC-PV5Z) BASIS TYPE:2 
# (65s,29p,5d,4f,3g,2h) -> [8s,7p,5d,4f,3g,2h] 
29 
1 0 20 
3.948000E+06 2.037120E-06 
5.911000E+05 1.583940E-05 
1.345000E+05 8.335900E-05 
3.812000E+04 3.513610E-04 
1.246000E+04 1.276600E-03 
4.504000E+03 4.151910E-03 
1.758000E+03 1.230300E-02 
7.291000E+02 3.331020E-02 
3.180000E+02 8.098450E-02 
1.446000E+02 1.702900E-01 
6.797000E+01 2.868790E-01 
3.282000E+01 3.303400E-01 
1.603000E+01 1.966020E-01 
7.396000E+00 3.545350E-02 
3.661000E+00 -5.352040E-04 
1.823000E+00 1.614650E-03 
9.147000E-01 -3.727390E-04 
3.393000E-01 1.462260E-04 
1.500000E-01 -7.894460E-05 
6.438000E-02 1.928010E-05 
2 0 20 
3.948000E+06 -5.420850E-07 
5.911000E+05 -4.216770E-06 
1.345000E+05 -2.218130E-05 
3.812000E+04 -9.360280E-05 
1.246000E+04 -3.401160E-04 
4.504000E+03 -1.110610E-03 
1.758000E+03 -3.308780E-03 
7.291000E+02 -9.116020E-03 
3.180000E+02 -2.287900E-02 
1.446000E+02 -5.171190E-02 
6.797000E+01 -9.990910E-02 
3.282000E+01 -1.527470E-01 
1.603000E+01 -1.275080E-01 
7.396000E+00 9.469630E-02 
3.661000E+00 4.140360E-01 
1.823000E+00 4.679340E-01 
9.147000E-01 1.739270E-01 
3.393000E-01 8.438950E-03 
1.500000E-01 -9.980670E-04 
6.438000E-02 3.620960E-04 
3 0 20 
3.948000E+06 1.389070E-07 
5.911000E+05 1.079530E-06 
1.345000E+05 5.686280E-06 
3.812000E+04 2.395370E-05 
1.246000E+04 8.724090E-05 
4.504000E+03 2.841630E-04 
1.758000E+03 8.498400E-04 
7.291000E+02 2.335270E-03 
3.180000E+02 5.904660E-03 
1.446000E+02 1.334610E-02 
6.797000E+01 2.628890E-02 
3.282000E+01 4.074260E-02 
1.603000E+01 3.614760E-02 
7.396000E+00 -3.039230E-02 
3.661000E+00 -1.359610E-01 
1.823000E+00 -2.501440E-01 
9.147000E-01 -1.580500E-01 
3.393000E-01 3.696550E-01 
1.500000E-01 6.177180E-01 
6.438000E-02 2.225140E-01 
4 0 1 
9.147000E-01 1.000000E+00 
5 0 1 
3.393000E-01 1.000000E+00 
6 0 1 
1.500000E-01 1.000000E+00 
7 0 1 
6.438000E-02 1.000000E+00 
8 0 1 
0.0260000 1.0000000 
2 1 12 
1.780000E+03 2.012060E-04 
4.218000E+02 1.749370E-03 
1.367000E+02 9.481410E-03 
5.181000E+01 3.723130E-02 
2.160000E+01 1.107630E-01 
9.563000E+00 2.379330E-01 
4.350000E+00 3.536910E-01 
2.006000E+00 3.288390E-01 
9.205000E-01 1.323730E-01 
3.500000E-01 1.033000E-02 
1.381000E-01 -1.503050E-04 
5.338000E-02 2.658090E-04 
3 1 12 
1.780000E+03 -4.271520E-05 
4.218000E+02 -3.770390E-04 
1.367000E+02 -2.022400E-03 
5.181000E+01 -8.128330E-03 
2.160000E+01 -2.422720E-02 
9.563000E+00 -5.438250E-02 
4.350000E+00 -7.990510E-02 
2.006000E+00 -8.889580E-02 
9.205000E-01 1.839970E-02 
3.500000E-01 3.350960E-01 
1.381000E-01 5.322880E-01 
5.338000E-02 2.543740E-01 
4 1 1 
9.205000E-01 1.000000E+00 
5 1 1 
3.500000E-01 1.000000E+00 
6 1 1 
1.381000E-01 1.000000E+00 
7 1 1 
5.338000E-02 1.000000E+00 
8 1 1 
0.0192000 1.0000000 
3 2 1 
2.082000E+00 1.000000E+00 
4 2 1 
8.170000E-01 1.000000E+00 
5 2 1 
3.210000E-01 1.000000E+00 
6 2 1 
1.260000E-01 1.000000E+00 
7 2 1 
0.0468000 1.0000000 
4 3 1 
6.880000E-01 1.000000E+00 
5 3 1 
3.410000E-01 1.000000E+00 
6 3 1 
1.690000E-01 1.000000E+00 
7 3 1 
0.0735000 1.0000000 
5 4 1 
7.050000E-01 1.000000E+00 
6 4 1 
3.200000E-01 1.000000E+00 
7 4 1 
0.1510000 1.0000000 
6 5 1 
5.830000E-01 1.0000000 
7 5 1 
0.3230000 1.0000000 
