O-POSITRON E+ (SE-AUG-CC-PVDZ) BASIS TYPE:2 
# 
14 
1 0 13 
598990.00000000 0.00020040 
89783.00000000 0.00155540 
20435.00000000 0.00808720 
5786.90000000 0.03303440 
1887.30000000 0.10829240 
680.97000000 0.27033610 
265.39000000 0.42062360 
108.63000000 0.28159220 
33.76000000 0.03081100 
14.46500000 -0.00716170 
4.38900000 0.00260220 
1.87830000 -0.00125830 
0.35859000 0.00034650 
2 0 13 
598990.00000000 -0.00006290 
89783.00000000 -0.00048500 
20435.00000000 -0.00256440 
5786.90000000 -0.01047610 
1887.30000000 -0.03672230 
680.97000000 -0.09992250 
265.39000000 -0.21419730 
108.63000000 -0.18365930 
33.76000000 0.46754540 
14.46500000 0.64147400 
4.38900000 0.07925690 
1.87830000 -0.01426970 
0.35859000 0.00337920 
3 0 13 
598990.00000000 0.00002470 
89783.00000000 0.00019130 
20435.00000000 0.00100680 
5786.90000000 0.00415140 
1887.30000000 0.01449910 
680.97000000 0.04056580 
265.39000000 0.08853640 
108.63000000 0.08542120 
33.76000000 -0.29325810 
14.46500000 -0.55707270 
4.38900000 0.52614360 
1.87830000 0.73203710 
0.35859000 0.03882460 
4 0 13 
598990.00000000 -0.00000720 
89783.00000000 -0.00005590 
20435.00000000 -0.00029380 
5786.90000000 -0.00121360 
1887.30000000 -0.00423400 
680.97000000 -0.01190350 
265.39000000 -0.02602060 
108.63000000 -0.02561480 
33.76000000 0.09194270 
14.46500000 0.18387000 
4.38900000 -0.21884610 
1.87830000 -0.48965240 
0.35859000 0.67758180 
5 0 1 
0.13649000 1.00000000 
6 0 1 
0.04874700 1.00000000 
7 1 10 
4135.60000000 0.00141270 
980.34000000 0.01185880 
316.35000000 0.05951530 
119.25000000 0.19722010 
49.06800000 0.40074390 
21.21200000 0.39947400 
8.94620000 0.11533640 
3.82360000 0.00022190 
1.58830000 0.00228380 
0.40969000 -0.00047560 
8 1 10 
4135.60000000 -0.00056100 
980.34000000 -0.00473400 
316.35000000 -0.02435040 
119.25000000 -0.08410710 
49.06800000 -0.18413840 
21.21200000 -0.17350040 
8.94620000 0.21672630 
3.82360000 0.58500990 
1.58830000 0.34168160 
0.40969000 0.01991250 
9 1 10 
4135.60000000 0.00013660 
980.34000000 0.00113080 
316.35000000 0.00595810 
119.25000000 0.02018660 
49.06800000 0.04619390 
21.21200000 0.03940500 
8.94620000 -0.05928460 
3.82360000 -0.20146630 
1.58830000 -0.06878210 
0.40969000 0.55959440 
10 1 1 
0.12459000 1.00000000 
11 1 1 
0.03549200 1.00000000 
12 2 5 
94.47200000 0.02349820 
27.18000000 0.13751830 
9.50680000 0.36648240 
3.41680000 0.48747170 
1.14790000 0.27657690 
13 2 1 
0.36820000 1.00000000 
14 2 1 
0.12830000 1.00000000 
