O-POSITRON E+ (SE-AUG-CC-PV5Z) BASIS TYPE:2 
# (109s,56p,17d,4f,3g,2h) -> [9s,8p,6d,4f,3g,2h] 
32 
1 0 26 
1.544322E+08 1.900000E-07 
2.312921E+07 1.510000E-06 
5.261793E+06 7.960000E-06 
1.488817E+06 3.375000E-05 
4.846566E+05 1.237200E-04 
1.742706E+05 4.083900E-04 
6.752909E+04 1.243100E-03 
2.775084E+04 3.538900E-03 
1.196422E+04 9.482200E-03 
5.370715E+03 2.389010E-02 
2.497319E+03 5.587570E-02 
1.198768E+03 1.179104E-01 
5.925803E+02 2.127962E-01 
3.009771E+02 2.989304E-01 
1.564602E+02 2.765651E-01 
8.247609E+01 1.292941E-01 
4.227089E+01 1.858750E-02 
2.263022E+01 7.730000E-05 
1.212237E+01 3.427000E-04 
6.249170E+00 -1.753000E-04 
3.242678E+00 3.570000E-05 
1.666362E+00 -4.065000E-05 
7.872640E-01 1.819000E-05 
4.029720E-01 -8.830000E-06 
1.870960E-01 3.750000E-06 
8.470600E-02 -7.800000E-07 
2 0 26 
1.544322E+08 -6.000000E-08 
2.312921E+07 -4.700000E-07 
5.261793E+06 -2.490000E-06 
1.488817E+06 -1.056000E-05 
4.846566E+05 -3.873000E-05 
1.742706E+05 -1.278600E-04 
6.752909E+04 -3.898000E-04 
2.775084E+04 -1.112300E-03 
1.196422E+04 -3.000700E-03 
5.370715E+03 -7.656300E-03 
2.497319E+03 -1.842210E-02 
1.198768E+03 -4.101840E-02 
5.925803E+02 -8.230260E-02 
3.009771E+02 -1.398840E-01 
1.564602E+02 -1.770337E-01 
8.247609E+01 -8.877610E-02 
4.227089E+01 2.251537E-01 
2.263022E+01 5.207171E-01 
1.212237E+01 3.645093E-01 
6.249170E+00 7.361690E-02 
3.242678E+00 2.354000E-03 
1.666362E+00 1.694700E-03 
7.872640E-01 -3.945000E-04 
4.029720E-01 1.830700E-04 
1.870960E-01 -8.751000E-05 
8.470600E-02 1.559000E-05 
3 0 26 
1.544322E+08 2.000000E-08 
2.312921E+07 1.900000E-07 
5.261793E+06 9.800000E-07 
1.488817E+06 4.150000E-06 
4.846566E+05 1.524000E-05 
1.742706E+05 5.031000E-05 
6.752909E+04 1.534600E-04 
2.775084E+04 4.378000E-04 
1.196422E+04 1.182700E-03 
5.370715E+03 3.020800E-03 
2.497319E+03 7.299200E-03 
1.198768E+03 1.635280E-02 
5.925803E+02 3.329620E-02 
3.009771E+02 5.801390E-02 
1.564602E+02 7.702330E-02 
8.247609E+01 4.110650E-02 
4.227089E+01 -1.225782E-01 
2.263022E+01 -3.853397E-01 
1.212237E+01 -3.675073E-01 
6.249170E+00 1.574340E-01 
3.242678E+00 6.440872E-01 
1.666362E+00 4.482209E-01 
7.872640E-01 5.999890E-02 
4.029720E-01 -2.197900E-03 
1.870960E-01 1.317800E-03 
8.470600E-02 -8.922000E-05 
4 0 26 
1.544322E+08 -7.000000E-09 
2.312921E+07 -5.400000E-08 
5.261793E+06 -2.870000E-07 
1.488817E+06 -1.214000E-06 
4.846566E+05 -4.456000E-06 
1.742706E+05 -1.470600E-05 
6.752909E+04 -4.487100E-05 
2.775084E+04 -1.279890E-04 
1.196422E+04 -3.457020E-04 
5.370715E+03 -8.834000E-04 
2.497319E+03 -2.136300E-03 
1.198768E+03 -4.789200E-03 
5.925803E+02 -9.775800E-03 
3.009771E+02 -1.708770E-02 
1.564602E+02 -2.286560E-02 
8.247609E+01 -1.230280E-02 
4.227089E+01 3.752540E-02 
2.263022E+01 1.244342E-01 
1.212237E+01 1.231195E-01 
6.249170E+00 -6.243300E-02 
3.242678E+00 -2.894834E-01 
1.666362E+00 -3.744399E-01 
7.872640E-01 -9.532800E-03 
4.029720E-01 5.269225E-01 
1.870960E-01 5.592539E-01 
8.470600E-02 1.433028E-01 
5 0 1 
7.872640E-01 1.000000E+00 
6 0 1 
4.029720E-01 1.000000E+00 
7 0 1 
1.870960E-01 1.000000E+00 
8 0 1 
8.470600E-02 1.000000E+00 
9 0 1 
0.0339350 1.0000000 
2 1 17 
3.651134E+04 3.200000E-05 
8.640551E+03 2.854000E-04 
2.805691E+03 1.656700E-03 
1.073496E+03 7.395500E-03 
4.557747E+02 2.675430E-02 
2.080943E+02 7.909890E-02 
1.002311E+02 1.837967E-01 
5.007352E+01 3.138041E-01 
2.570026E+01 3.443650E-01 
1.334679E+01 1.898591E-01 
6.787051E+00 3.791930E-02 
3.391654E+00 2.178100E-03 
1.670327E+00 6.590000E-04 
7.525990E-01 -5.240000E-05 
3.468130E-01 3.570000E-05 
1.518550E-01 -2.220000E-05 
6.385600E-02 3.700000E-06 
3 1 17 
3.651134E+04 -1.270000E-05 
8.640551E+03 -1.130000E-04 
2.805691E+03 -6.582000E-04 
1.073496E+03 -2.952800E-03 
4.557747E+02 -1.082890E-02 
2.080943E+02 -3.281240E-02 
1.002311E+02 -7.950700E-02 
5.007352E+01 -1.430274E-01 
2.570026E+01 -1.627787E-01 
1.334679E+01 -4.298300E-03 
6.787051E+00 3.091829E-01 
3.391654E+00 4.776013E-01 
1.670327E+00 2.928526E-01 
7.525990E-01 4.664190E-02 
3.468130E-01 -7.278000E-04 
1.518550E-01 1.266600E-03 
6.385600E-02 -1.532000E-04 
4 1 17 
3.651134E+04 3.100000E-06 
8.640551E+03 2.730000E-05 
2.805691E+03 1.593000E-04 
1.073496E+03 7.136000E-04 
4.557747E+02 2.626000E-03 
2.080943E+02 7.966700E-03 
1.002311E+02 1.944400E-02 
5.007352E+01 3.513280E-02 
2.570026E+01 4.040280E-02 
1.334679E+01 -3.396900E-03 
6.787051E+00 -9.209990E-02 
3.391654E+00 -1.535090E-01 
1.670327E+00 -1.058705E-01 
7.525990E-01 1.528037E-01 
3.468130E-01 4.373813E-01 
1.518550E-01 4.399306E-01 
6.385600E-02 1.475817E-01 
5 1 1 
7.525990E-01 1.000000E+00 
6 1 1 
3.468130E-01 1.000000E+00 
7 1 1 
1.518550E-01 1.000000E+00 
8 1 1 
6.385600E-02 1.000000E+00 
9 1 1 
0.0249750 1.0000000 
3 2 12 
1.635066E+03 5.910000E-05 
4.946727E+02 5.840000E-04 
1.928439E+02 3.525600E-03 
8.578220E+01 1.511270E-02 
4.114997E+01 4.784460E-02 
2.067817E+01 1.174345E-01 
1.072639E+01 2.159074E-01 
5.612454E+00 2.929216E-01 
2.920376E+00 3.000864E-01 
1.498184E+00 2.136719E-01 
7.359990E-01 8.498330E-02 
3.160040E-01 1.180120E-02 
4 2 1 
1.498184E+00 1.000000E+00 
5 2 1 
7.359990E-01 1.000000E+00 
6 2 1 
3.160040E-01 1.000000E+00 
7 2 1 
1.331000E-01 1.000000E+00 
8 2 1 
0.0548000 1.0000000 
4 3 1 
8.442000E-01 1.000000E+00 
5 3 1 
4.211000E-01 1.000000E+00 
6 3 1 
2.100000E-01 1.000000E+00 
7 3 1 
0.0992000 1.0000000 
5 4 1 
8.659000E-01 1.000000E+00 
6 4 1 
3.850000E-01 1.000000E+00 
7 4 1 
0.1830000 1.0000000 
6 5 1 
7.235000E-01 1.0000000 
7 5 1 
0.4020000 1.0000000 
