O-POSITRON E+ (SI-AUG-CC-PVTZ) BASIS TYPE:2 
# 
16 
1 0 13 
254900.00000000 0.00006251 
38190.00000000 0.00048555 
8690.00000000 0.00254516 
2462.00000000 0.01058660 
804.80000000 0.03687870 
291.30000000 0.10747900 
113.60000000 0.24793600 
46.75000000 0.39092700 
19.82000000 0.30202600 
7.70800000 0.05592360 
3.34000000 -0.00402406 
1.40200000 0.00258030 
0.20700000 0.00060793 
2 0 13 
254900.00000000 -0.00001664 
38190.00000000 -0.00012931 
8690.00000000 -0.00067883 
2462.00000000 -0.00284117 
804.80000000 -0.01005510 
291.30000000 -0.03057740 
113.60000000 -0.07772560 
46.75000000 -0.15423600 
19.82000000 -0.18036800 
7.70800000 0.07982180 
3.34000000 0.54744100 
1.40200000 0.48011900 
0.20700000 -0.01069960 
3 0 13 
254900.00000000 0.00000426 
38190.00000000 0.00003311 
8690.00000000 0.00017401 
2462.00000000 0.00072757 
804.80000000 0.00258333 
291.30000000 0.00786354 
113.60000000 0.02021550 
46.75000000 0.04073200 
19.82000000 0.04993580 
7.70800000 -0.02493960 
3.34000000 -0.19035000 
1.40200000 -0.31835000 
0.20700000 0.68118000 
4 0 1 
0.43870000 1.00000000 
5 0 1 
0.07944000 1.00000000 
6 0 1 
0.03300000 1.00000000 
7 1 7 
481.50000000 0.00192045 
113.90000000 0.01535520 
36.23000000 0.07139910 
13.34000000 0.21305200 
5.25200000 0.39035400 
2.12000000 0.39372100 
0.25280000 0.00395630 
8 1 7 
481.50000000 -0.00040522 
113.90000000 -0.00335896 
36.23000000 -0.01528600 
13.34000000 -0.04892180 
5.25200000 -0.08550080 
2.12000000 -0.11213700 
0.25280000 0.55191900 
9 1 1 
0.85610000 1.00000000 
10 1 1 
0.07889000 1.00000000 
11 1 1 
0.02370000 1.00000000 
12 2 1 
0.15900000 1.00000000 
13 2 1 
0.48100000 1.00000000 
14 2 1 
0.05560000 1.00000000 
15 3 1 
0.33600000 1.00000000 
16 3 1 
0.12500000 1.00000000 
