O-POSITRON E+ (SI-AUG-CC-PVDZ) BASIS TYPE:2 
# 
11 
1 0 11 
78860.00000000 0.00027044 
11820.00000000 0.00209717 
2692.00000000 0.01085060 
763.40000000 0.04367540 
249.60000000 0.13765300 
90.28000000 0.31664400 
35.29000000 0.41858100 
14.51000000 0.21021200 
4.05300000 0.01449520 
1.48200000 -0.00203590 
0.25170000 0.00062419 
2 0 11 
78860.00000000 -0.00007232 
11820.00000000 -0.00055512 
2692.00000000 -0.00293805 
763.40000000 -0.01176870 
249.60000000 -0.04029070 
90.28000000 -0.10060900 
35.29000000 -0.19652800 
14.51000000 -0.10238200 
4.05300000 0.52719000 
1.48200000 0.59325100 
0.25170000 0.03326520 
3 0 11 
78860.00000000 0.00001851 
11820.00000000 0.00014224 
2692.00000000 0.00075219 
763.40000000 0.00302279 
249.60000000 0.01036770 
90.28000000 0.02625630 
35.29000000 0.05239890 
14.51000000 0.02909590 
4.05300000 -0.17800300 
1.48200000 -0.34687400 
0.25170000 0.62302000 
4 0 1 
0.09243000 1.00000000 
5 0 1 
0.03320000 1.00000000 
6 1 7 
315.90000000 0.00392656 
74.42000000 0.02988110 
23.48000000 0.12721200 
8.48800000 0.32094300 
3.21700000 0.45542900 
1.22900000 0.26856300 
0.29640000 0.01883360 
7 1 7 
315.90000000 -0.00085830 
74.42000000 -0.00630328 
23.48000000 -0.02882550 
8.48800000 -0.06945600 
3.21700000 -0.11949300 
1.22900000 -0.01995810 
0.29640000 0.51026800 
8 1 1 
0.08768000 1.00000000 
9 1 1 
0.02500000 1.00000000 
10 2 1 
0.27500000 1.00000000 
11 2 1 
0.08230000 1.00000000 
