O-POSITRON E+ (SC-AUG-CC-PVTZ) BASIS TYPE:2 
# 
25 
1 0 19 
2715278.00000000 0.00000815 
406598.40000000 0.00006335 
92530.04000000 0.00033304 
26207.92000000 0.00140405 
8549.42900000 0.00508172 
3085.97500000 0.01626926 
1203.17200000 0.04624577 
498.48690000 0.11372230 
216.73600000 0.22576360 
97.87476000 0.31067000 
45.20433000 0.21919060 
20.21187000 0.07215879 
9.57475100 0.11870300 
4.54034600 0.12205320 
1.99568700 0.02136795 
0.94221500 -0.00053572 
0.41784500 0.00024358 
0.09576100 -0.00008797 
0.05135100 0.00007878 
2 0 19 
2715278.00000000 -0.00000472 
406598.40000000 -0.00003672 
92530.04000000 -0.00019309 
26207.92000000 -0.00081469 
8549.42900000 -0.00295553 
3085.97500000 -0.00952003 
1203.17200000 -0.02746858 
498.48690000 -0.06991528 
216.73600000 -0.14992510 
97.87476000 -0.24591530 
45.20433000 -0.24012930 
20.21187000 0.03567987 
9.57475100 0.49150230 
4.54034600 0.49113810 
1.99568700 0.09120633 
0.94221500 -0.00535672 
0.41784500 0.00088128 
0.09576100 -0.00076055 
0.05135100 0.00063401 
3 0 19 
2715278.00000000 0.00000091 
406598.40000000 0.00000711 
92530.04000000 0.00003738 
26207.92000000 0.00015788 
8549.42900000 0.00057377 
3085.97500000 0.00185924 
1203.17200000 0.00543318 
498.48690000 0.01425387 
216.73600000 0.03246144 
97.87476000 0.06003454 
45.20433000 0.06916105 
20.21187000 -0.02113084 
9.57475100 -0.26668320 
4.54034600 -0.43675910 
1.99568700 0.06498243 
0.94221500 0.70095990 
0.41784500 0.45155620 
0.09576100 0.03011910 
0.05135100 -0.01329480 
4 0 19 
2715278.00000000 -0.00000022 
406598.40000000 -0.00000171 
92530.04000000 -0.00000901 
26207.92000000 -0.00003800 
8549.42900000 -0.00013832 
3085.97500000 -0.00044737 
1203.17200000 -0.00131069 
498.48690000 -0.00342986 
216.73600000 -0.00784758 
97.87476000 -0.01447189 
45.20433000 -0.01690669 
20.21187000 0.00539611 
9.57475100 0.06671062 
4.54034600 0.11783560 
1.99568700 -0.02738134 
0.94221500 -0.22601490 
0.41784500 -0.30735390 
0.09576100 0.25440540 
0.05135100 0.59815900 
5 0 19 
2715278.00000000 -0.00000038 
406598.40000000 -0.00000298 
92530.04000000 -0.00001523 
26207.92000000 -0.00006685 
8549.42900000 -0.00023131 
3085.97500000 -0.00079597 
1203.17200000 -0.00216196 
498.48690000 -0.00620646 
216.73600000 -0.01261905 
97.87476000 -0.02739459 
45.20433000 -0.02336516 
20.21187000 -0.00573463 
9.57475100 0.15360250 
4.54034600 0.14471000 
1.99568700 0.09359699 
0.94221500 -0.86877300 
0.41784500 0.02114597 
0.09576100 2.27549800 
0.05135100 -1.19077000 
6 0 19 
2715278.00000000 -0.00000060 
406598.40000000 -0.00000482 
92530.04000000 -0.00002395 
26207.92000000 -0.00010903 
8549.42900000 -0.00036019 
3085.97500000 -0.00131123 
1203.17200000 -0.00332243 
498.48690000 -0.01037520 
216.73600000 -0.01892174 
97.87476000 -0.04755287 
45.20433000 -0.02931692 
20.21187000 -0.03090088 
9.57475100 0.30745970 
4.54034600 0.18031000 
1.99568700 0.23581780 
0.94221500 -2.38854400 
0.41784500 2.32940700 
0.09576100 0.99182520 
0.05135100 -3.50724000 
7 0 1 
0.02387800 1.00000000 
8 0 1 
0.01110000 1.00000000 
9 1 15 
10592.19000000 0.00004500 
2507.53300000 0.00040100 
814.45710000 0.00230200 
311.51950000 0.01003700 
131.96170000 0.03495400 
59.98718000 0.09790900 
28.66250000 0.21068000 
14.10851000 0.33009300 
7.10370600 0.33102700 
3.60920000 0.15796000 
1.77607000 0.02209900 
0.85476000 -0.00160500 
0.40223900 -0.00132600 
0.15466500 -0.00028000 
0.06494500 0.00003400 
10 1 15 
10592.19000000 -0.00001500 
2507.53300000 -0.00013100 
814.45710000 -0.00075700 
311.51950000 -0.00331800 
131.96170000 -0.01170600 
59.98718000 -0.03360400 
28.66250000 -0.07487900 
14.10851000 -0.12254800 
7.10370600 -0.13027600 
3.60920000 0.01459600 
1.77607000 0.30918400 
0.85476000 0.46299800 
0.40223900 0.30495700 
0.15466500 0.05087800 
0.06494500 -0.00449300 
11 1 15 
10592.19000000 -0.00000400 
2507.53300000 -0.00003200 
814.45710000 -0.00018500 
311.51950000 -0.00080800 
131.96170000 -0.00287000 
59.98718000 -0.00820700 
28.66250000 -0.01847300 
14.10851000 -0.03010100 
7.10370600 -0.03294300 
3.60920000 0.00795800 
1.77607000 0.08799300 
0.85476000 0.15237700 
0.40223900 0.09717000 
0.15466500 -0.25693800 
0.06494500 -0.58781500 
12 1 15 
10592.19000000 0.00000400 
2507.53300000 0.00003900 
814.45710000 0.00022100 
311.51950000 0.00098400 
131.96170000 0.00342300 
59.98718000 0.00999300 
28.66250000 0.02191600 
14.10851000 0.03700800 
7.10370600 0.03779400 
3.60920000 -0.00437900 
1.77607000 -0.11016400 
0.85476000 -0.16101700 
0.40223900 -0.18248200 
0.15466500 0.38861100 
0.06494500 0.69110000 
13 1 15 
10592.19000000 0.00000900 
2507.53300000 0.00007400 
814.45710000 0.00047900 
311.51950000 0.00186900 
131.96170000 0.00742400 
59.98718000 0.01876300 
28.66250000 0.04871700 
14.10851000 0.06544000 
7.10370600 0.10794800 
3.60920000 -0.05871300 
1.77607000 -0.17030600 
0.85476000 -0.75497700 
0.40223900 0.62011700 
0.15466500 1.16754800 
0.06494500 -1.00953100 
14 1 1 
0.02635900 1.00000000 
15 1 1 
0.01066000 1.00000000 
16 2 7 
50.51380000 0.00426600 
14.74050000 0.02770800 
5.19500000 0.10000100 
2.02846000 0.23158100 
0.80408600 0.34603300 
0.30768900 0.37337400 
0.11139200 0.26428800 
17 2 7 
50.51380000 -0.00438900 
14.74050000 -0.02836300 
5.19500000 -0.10513700 
2.02846000 -0.23485400 
0.80408600 -0.32460900 
0.30768900 -0.06428900 
0.11139200 0.60174900 
18 2 7 
50.51380000 0.00585900 
14.74050000 0.03732300 
5.19500000 0.14192400 
2.02846000 0.30689600 
0.80408600 0.30818900 
0.30768900 -0.76071700 
0.11139200 -0.20477500 
19 2 1 
0.03735200 1.00000000 
20 2 1 
0.01244000 1.00000000 
21 3 1 
0.72670000 1.00000000 
22 3 1 
0.16650000 1.00000000 
23 3 1 
0.04063000 1.00000000 
24 4 1 
0.41870000 1.00000000 
25 4 1 
0.09473000 1.00000000 
