O-POSITRON E+ (SC-DEF2-TZVPPD-AUX-DIF) BASIS TYPE:2 
# 
28 
1 0 8 
191612.91874000 0.00023076 
28723.85036300 0.00178903 
6537.01164900 0.00929904 
1850.30971710 0.03773944 
602.38855156 0.12227148 
216.17324766 0.28814821 
83.71251788 0.40517543 
32.90870719 0.20566020 
2 0 4 
211.34393234 -0.02452799 
65.12892014 -0.11570158 
10.03431154 0.55995283 
4.15968846 0.56087765 
3 0 2 
6.00090416 -0.22840494 
0.98255784 0.71948970 
4 0 1 
0.42483193 1.00000000 
5 0 1 
0.07718546 1.00000000 
6 0 1 
0.03014722 1.00000000 
7 1 6 
947.34122823 0.00247372 
224.09699732 0.01974297 
71.56033488 0.09035715 
26.44482449 0.25201603 
10.39379829 0.39675536 
4.16063046 0.23208625 
8 1 3 
15.56573713 -0.02712942 
2.11215449 0.55109257 
0.84184709 1.00906358 
9 1 1 
0.32297543 1.00000000 
10 1 1 
0.12390000 1.00000000 
11 1 1 
0.04753000 1.00000000 
12 1 1 
0.02245258 1.00000000 
13 2 4 
30.98939099 0.01190284 
8.69054651 0.06765586 
2.95202563 0.21332540 
1.07619107 0.38391076 
14 2 1 
0.38338915 1.00000000 
15 2 1 
0.12534686 1.00000000 
16 2 1 
0.04100000 1.00000000 
17 3 1 
0.44200000 1.00000000 
18 3 1 
0.11000000 1.00000000 
19 4 1 
0.24700000 1.00000000 
1 0 1 
0.009533388 1.0 
2 0 1 
0.003014722 1.0 
3 0 1 
0.000953339 1.0 
5 1 1 
0.007100129 1.0 
6 1 1 
0.002245258 1.0 
7 1 1 
0.000710013 1.0 
9 2 1 
0.012965338 1.0 
10 2 1 
0.004100000 1.0 
11 2 1 
0.001296534 1.0 
