O-POSITRON E+ (S-AUG-CC-PVDZ) BASIS TYPE:2 
# 
11 
1 0 11 
110800.00000000 0.00024764 
16610.00000000 0.00192026 
3781.00000000 0.00996192 
1071.00000000 0.04029750 
349.80000000 0.12860400 
126.30000000 0.30348000 
49.26000000 0.42143200 
20.16000000 0.23078100 
5.72000000 0.01789710 
2.18200000 -0.00297516 
0.43270000 0.00084952 
2 0 11 
110800.00000000 -0.00006870 
16610.00000000 -0.00052768 
3781.00000000 -0.00279671 
1071.00000000 -0.01126510 
349.80000000 -0.03888340 
126.30000000 -0.09950250 
49.26000000 -0.19974000 
20.16000000 -0.12336000 
5.72000000 0.51319400 
2.18200000 0.60712000 
0.43270000 0.03967530 
3 0 11 
110800.00000000 0.00001991 
16610.00000000 0.00015348 
3781.00000000 0.00080950 
1071.00000000 0.00328974 
349.80000000 0.01129670 
126.30000000 0.02963850 
49.26000000 0.05998510 
20.16000000 0.04132480 
5.72000000 -0.20747400 
2.18200000 -0.39288900 
0.43270000 0.63284000 
4 0 1 
0.15700000 1.00000000 
5 0 1 
0.05070000 1.00000000 
6 1 7 
399.70000000 0.00447541 
94.19000000 0.03417080 
29.75000000 0.14425000 
10.77000000 0.35392800 
4.11900000 0.45908500 
1.62500000 0.20638300 
0.47260000 0.01021410 
7 1 7 
399.70000000 -0.00116251 
94.19000000 -0.00865664 
29.75000000 -0.03908860 
10.77000000 -0.09346250 
4.11900000 -0.14799400 
1.62500000 0.03019040 
0.47260000 0.56157300 
8 1 1 
0.14070000 1.00000000 
9 1 1 
0.03990000 1.00000000 
10 2 1 
0.47900000 1.00000000 
11 2 1 
0.15200000 1.00000000 
