O-POSITRON E+ (SE-DEF2-TZVPPD-AUX-DIF) BASIS TYPE:2 
# 
25 
1 0 8 
531071.66696000 0.00024109 
79603.04411700 0.00186964 
18115.84424000 0.00972716 
5127.89231940 0.03960479 
1669.91308390 0.12948855 
600.57534527 0.30959437 
233.70021247 0.45115769 
92.67244393 0.24579189 
2 0 4 
571.57513675 -0.02689571 
177.63686375 -0.12670989 
29.51776705 0.57699002 
12.82439979 0.56369075 
3 0 2 
19.84823584 -0.25132416 
3.47440185 0.72905417 
4 0 1 
1.59889108 1.00000000 
5 0 1 
0.38333469 1.00000000 
6 0 1 
0.14049742 1.00000000 
7 0 1 
0.04505349 1.00000000 
8 1 6 
2815.35005660 0.00255690 
666.92558298 0.02087403 
214.34213188 0.09877210 
80.24668794 0.28471821 
32.25108129 0.45003585 
13.10643256 0.24416091 
9 1 4 
53.36610852 -0.02155846 
8.18277772 0.32662311 
3.62399457 0.57740499 
1.63415914 0.34301321 
10 1 1 
0.58418320 1.00000000 
11 1 1 
0.23966269 1.00000000 
12 1 1 
0.08878513 1.00000000 
13 1 1 
0.02663292 1.00000000 
14 2 5 
151.82910279 0.00939703 
44.83999252 0.06408650 
16.32899951 0.21834238 
6.43050576 0.40314790 
2.50480252 0.41966491 
15 2 1 
0.90271148 1.00000000 
16 2 1 
0.47683613 1.00000000 
17 2 1 
0.18535160 1.00000000 
18 2 1 
0.06425476 1.00000000 
19 3 1 
0.48866905 1.00000000 
1 0 1 
0.0142471645 1.0 
2 0 1 
0.004505349 1.0 
3 0 1 
0.0014247164 1.0 
5 1 1 
0.0084220688 1.0 
6 1 1 
0.002663292 1.0 
7 1 1 
0.0008422069 1.0 
