O-POSITRON E+ (SI-DEF2-TZVPPD-AUX-DIF) BASIS TYPE:2 
# 
22 
1 0 7 
44773.35807800 0.00055915 
6717.19921040 0.00432060 
1528.89603250 0.02218710 
432.54746585 0.08648925 
140.61505226 0.24939890 
49.85763672 0.46017197 
18.43497488 0.34250237 
2 0 3 
86.53388611 0.02130006 
26.62460685 0.09467614 
4.49530572 -0.32616265 
3 0 2 
2.10350457 1.39808039 
1.01060949 0.63865787 
4 0 1 
0.23701751 1.00000000 
5 0 1 
0.08570341 1.00000000 
6 0 1 
0.03700077 1.00000000 
7 1 5 
394.47503628 0.00262857 
93.13768310 0.02055626 
29.51960874 0.09207026 
10.78166379 0.25565890 
4.16265748 0.42111707 
8 1 1 
1.62479730 1.00000000 
9 1 1 
0.54306660 1.00000000 
10 1 1 
0.20582074 1.00000000 
11 1 1 
0.07005349 1.00000000 
12 2 1 
2.30300000 1.00000000 
13 2 1 
0.47600000 1.00000000 
14 2 1 
0.16000000 1.00000000 
15 2 1 
0.05503609 1.00000000 
16 3 1 
0.33600000 1.00000000 
1 0 1 
0.0117006708 1.0 
2 0 1 
0.003700077 1.0 
3 0 1 
0.0011700671 1.0 
5 1 1 
0.0221528586 1.0 
6 1 1 
0.007005349 1.0 
7 1 1 
0.0022152859 1.0 
