O-POSITRON E+ (TI-AUG-CC-PV5Z) BASIS TYPE:2 
# (226s,140p,62d,5f,4g,3h,2i) -> [10s,9p,7d,5f,4g,3h,2i] 
40 
1 0 28 
1.226470E+08 7.095361E-08 
2.195620E+07 4.715986E-07 
4.902330E+06 2.734360E-06 
1.310600E+06 1.254715E-05 
4.052280E+05 4.874740E-05 
1.407570E+05 1.656213E-04 
5.362510E+04 5.076450E-04 
2.197620E+04 1.435019E-03 
9.539600E+03 3.802412E-03 
4.334370E+03 9.523779E-03 
2.042890E+03 2.256875E-02 
9.923080E+02 5.005125E-02 
4.944460E+02 1.012414E-01 
2.519070E+02 1.777644E-01 
1.309050E+02 2.479159E-01 
6.923680E+01 2.326747E-01 
3.718470E+01 1.178873E-01 
2.021570E+01 5.105946E-02 
1.107650E+01 9.307720E-02 
6.078670E+00 1.086846E-01 
3.312770E+00 4.564404E-02 
1.772500E+00 5.168047E-03 
9.173780E-01 3.233996E-04 
4.692830E-01 -4.994148E-05 
2.192670E-01 1.320420E-05 
1.058110E-01 -2.323768E-07 
4.844300E-02 1.693377E-05 
2.253500E-02 3.899797E-06 
2 0 28 
1.226470E+08 -4.075872E-08 
2.195620E+07 -2.709226E-07 
4.902330E+06 -1.570715E-06 
1.310600E+06 -7.208331E-06 
4.052280E+05 -2.800379E-05 
1.407570E+05 -9.517165E-05 
5.362510E+04 -2.917720E-04 
2.197620E+04 -8.256845E-04 
9.539600E+03 -2.191592E-03 
4.334370E+03 -5.513608E-03 
2.042890E+03 -1.317331E-02 
9.923080E+02 -2.972775E-02 
4.944460E+02 -6.213528E-02 
2.519070E+02 -1.164183E-01 
1.309050E+02 -1.841156E-01 
6.923680E+01 -2.185094E-01 
3.718470E+01 -1.380868E-01 
2.021570E+01 8.418941E-02 
1.107650E+01 3.811652E-01 
6.078670E+00 4.556996E-01 
3.312770E+00 1.917966E-01 
1.772500E+00 2.151962E-02 
9.173780E-01 1.959175E-04 
4.692830E-01 -8.089156E-04 
2.192670E-01 -5.422205E-05 
1.058110E-01 1.652837E-05 
4.844300E-02 6.140255E-05 
2.253500E-02 1.769605E-05 
3 0 28 
1.226470E+08 8.126533E-09 
2.195620E+07 5.402507E-08 
4.902330E+06 3.131603E-07 
1.310600E+06 1.437508E-06 
4.052280E+05 5.583328E-06 
1.407570E+05 1.898417E-05 
5.362510E+04 5.819596E-05 
2.197620E+04 1.649019E-04 
9.539600E+03 4.381911E-04 
4.334370E+03 1.107231E-03 
2.042890E+03 2.663108E-03 
9.923080E+02 6.103966E-03 
4.944460E+02 1.310044E-02 
2.519070E+02 2.583473E-02 
1.309050E+02 4.449334E-02 
6.923680E+01 6.033054E-02 
3.718470E+01 4.260364E-02 
2.021570E+01 -4.039406E-02 
1.107650E+01 -2.075689E-01 
6.078670E+00 -3.654648E-01 
3.312770E+00 -1.936936E-01 
1.772500E+00 2.988342E-01 
9.173780E-01 6.067712E-01 
4.692830E-01 3.552150E-01 
2.192670E-01 4.285188E-02 
1.058110E-01 -4.835460E-04 
4.844300E-02 2.744033E-03 
2.253500E-02 4.583706E-04 
4 0 28 
1.226470E+08 -1.917924E-09 
2.195620E+07 -1.275194E-08 
4.902330E+06 -7.390566E-08 
1.310600E+06 -3.393166E-07 
4.052280E+05 -1.317608E-06 
1.407570E+05 -4.481371E-06 
5.362510E+04 -1.373284E-05 
2.197620E+04 -3.892998E-05 
9.539600E+03 -1.033977E-04 
4.334370E+03 -2.614367E-04 
2.042890E+03 -6.284415E-04 
9.923080E+02 -1.441853E-03 
4.944460E+02 -3.093015E-03 
2.519070E+02 -6.111397E-03 
1.309050E+02 -1.052833E-02 
6.923680E+01 -1.435524E-02 
3.718470E+01 -1.013538E-02 
2.021570E+01 9.606909E-03 
1.107650E+01 5.144379E-02 
6.078670E+00 9.453862E-02 
3.312770E+00 5.074349E-02 
1.772500E+00 -9.206241E-02 
9.173780E-01 -2.088530E-01 
4.692830E-01 -2.397326E-01 
2.192670E-01 -6.020934E-02 
1.058110E-01 3.785445E-01 
4.844300E-02 6.064633E-01 
2.253500E-02 2.131577E-01 
5 0 28 
1.226470E+08 3.549931E-09 
2.195620E+07 2.360021E-08 
4.902330E+06 1.367980E-07 
1.310600E+06 6.279605E-07 
4.052280E+05 2.438963E-06 
1.407570E+05 8.293127E-06 
5.362510E+04 2.542185E-05 
2.197620E+04 7.203924E-05 
9.539600E+03 1.914264E-04 
4.334370E+03 4.837789E-04 
2.042890E+03 1.163735E-03 
9.923080E+02 2.668623E-03 
4.944460E+02 5.731308E-03 
2.519070E+02 1.132130E-02 
1.309050E+02 1.955315E-02 
6.923680E+01 2.667333E-02 
3.718470E+01 1.900155E-02 
2.021570E+01 -1.799341E-02 
1.107650E+01 -9.813293E-02 
6.078670E+00 -1.886658E-01 
3.312770E+00 -9.633798E-02 
1.772500E+00 2.275436E-01 
9.173780E-01 5.716640E-01 
4.692830E-01 3.842511E-01 
2.192670E-01 -9.402894E-01 
1.058110E-01 -1.105239E+00 
4.844300E-02 7.263152E-01 
2.253500E-02 6.717200E-01 
6 0 28 
1.226470E+08 -5.483292E-09 
2.195620E+07 -3.632168E-08 
4.902330E+06 -2.115133E-07 
1.310600E+06 -9.655732E-07 
4.052280E+05 -3.775667E-06 
1.407570E+05 -1.273208E-05 
5.362510E+04 -3.942849E-05 
2.197620E+04 -1.103639E-04 
9.539600E+03 -2.976000E-04 
4.334370E+03 -7.394247E-04 
2.042890E+03 -1.814232E-03 
9.923080E+02 -4.069364E-03 
4.944460E+02 -8.975097E-03 
2.519070E+02 -1.720642E-02 
1.309050E+02 -3.100851E-02 
6.923680E+01 -3.994524E-02 
3.718470E+01 -3.317775E-02 
2.021570E+01 3.508550E-02 
1.107650E+01 1.472194E-01 
6.078670E+00 3.566400E-01 
3.312770E+00 1.090647E-01 
1.772500E+00 -5.756267E-01 
9.173780E-01 -1.403845E+00 
4.692830E-01 1.201553E+00 
2.192670E-01 2.163741E+00 
1.058110E-01 -2.238399E+00 
4.844300E-02 -8.108372E-01 
2.253500E-02 1.414545E+00 
7 0 28 
1.226470E+08 -6.513149E-09 
2.195620E+07 -4.297168E-08 
4.902330E+06 -2.514831E-07 
1.310600E+06 -1.141345E-06 
4.052280E+05 -4.494753E-06 
1.407570E+05 -1.502517E-05 
5.362510E+04 -4.703008E-05 
2.197620E+04 -1.299433E-04 
9.539600E+03 -3.558767E-04 
4.334370E+03 -8.684153E-04 
2.042890E+03 -2.175750E-03 
9.923080E+02 -4.767576E-03 
4.944460E+02 -1.081297E-02 
2.519070E+02 -2.009361E-02 
1.309050E+02 -3.788017E-02 
6.923680E+01 -4.603327E-02 
3.718470E+01 -4.444843E-02 
2.021570E+01 4.721242E-02 
1.107650E+01 1.834186E-01 
6.078670E+00 5.520638E-01 
3.312770E+00 -4.585806E-02 
1.772500E+00 -1.247269E+00 
9.173780E-01 -1.478369E+00 
4.692830E-01 4.820752E+00 
2.192670E-01 -3.007881E+00 
1.058110E-01 -1.891115E+00 
4.844300E-02 4.376435E+00 
2.253500E-02 -2.380217E+00 
8 0 28 
1.226470E+08 -8.931375E-09 
2.195620E+07 -6.257680E-08 
4.902330E+06 -3.389705E-07 
1.310600E+06 -1.686299E-06 
4.052280E+05 -5.932742E-06 
1.407570E+05 -2.274958E-05 
5.362510E+04 -6.006257E-05 
2.197620E+04 -2.033896E-04 
9.539600E+03 -4.358911E-04 
4.334370E+03 -1.410248E-03 
2.042890E+03 -2.544250E-03 
9.923080E+02 -8.077296E-03 
4.944460E+02 -1.186207E-02 
2.519070E+02 -3.676473E-02 
1.309050E+02 -3.464619E-02 
6.923680E+01 -1.101500E-01 
3.718470E+01 2.928617E-02 
2.021570E+01 -1.149519E-01 
1.107650E+01 6.808841E-01 
6.078670E+00 3.239576E-01 
3.312770E+00 5.267715E-01 
1.772500E+00 -5.392594E+00 
9.173780E-01 6.766582E+00 
4.692830E-01 -1.192654E+00 
2.192670E-01 -5.840986E+00 
1.058110E-01 8.579205E+00 
4.844300E-02 -6.438243E+00 
2.253500E-02 2.383943E+00 
9 0 1 
2.253500E-02 1.000000E+00 
10 0 1 
0.0104800 1.0000000 
2 1 20 
5.928490E+04 3.000000E-06 
1.432360E+04 2.300000E-05 
4.537220E+03 1.440000E-04 
1.726540E+03 6.600000E-04 
7.410750E+02 2.509000E-03 
3.438070E+02 8.294000E-03 
1.678840E+02 2.424700E-02 
8.503940E+01 6.223100E-02 
4.438290E+01 1.342200E-01 
2.379280E+01 2.290500E-01 
1.305360E+01 3.003980E-01 
7.268720E+00 2.722610E-01 
4.038050E+00 1.350820E-01 
2.192940E+00 2.602900E-02 
1.161620E+00 -3.040000E-04 
6.032500E-01 -1.434000E-03 
3.001740E-01 -6.540000E-04 
1.302640E-01 -4.000000E-05 
5.729800E-02 -1.000000E-05 
2.495200E-02 1.000000E-06 
3 1 20 
5.928490E+04 -1.000000E-06 
1.432360E+04 -8.000000E-06 
4.537220E+03 -4.800000E-05 
1.726540E+03 -2.210000E-04 
7.410750E+02 -8.440000E-04 
3.438070E+02 -2.802000E-03 
1.678840E+02 -8.278000E-03 
8.503940E+01 -2.163500E-02 
4.438290E+01 -4.804700E-02 
2.379280E+01 -8.466500E-02 
1.305360E+01 -1.167480E-01 
7.268720E+00 -1.071290E-01 
4.038050E+00 1.908800E-02 
2.192940E+00 2.461940E-01 
1.161620E+00 4.013780E-01 
6.032500E-01 3.415650E-01 
3.001740E-01 1.268890E-01 
1.302640E-01 1.132000E-02 
5.729800E-02 6.740000E-04 
2.495200E-02 5.800000E-05 
4 1 20 
5.928490E+04 1.000000E-06 
1.432360E+04 4.000000E-06 
4.537220E+03 3.000000E-05 
1.726540E+03 1.260000E-04 
7.410750E+02 5.190000E-04 
3.438070E+02 1.602000E-03 
1.678840E+02 5.091000E-03 
8.503940E+01 1.237200E-02 
4.438290E+01 2.981400E-02 
2.379280E+01 4.775900E-02 
1.305360E+01 7.821500E-02 
7.268720E+00 5.826000E-02 
4.038050E+00 5.128000E-03 
2.192940E+00 -2.393170E-01 
1.161620E+00 -3.989020E-01 
6.032500E-01 -3.113740E-01 
3.001740E-01 1.250230E+00 
1.302640E-01 2.790480E-01 
5.729800E-02 -8.988870E-01 
2.495200E-02 -6.899900E-02 
5 1 20 
5.928490E+04 -1.000000E-06 
1.432360E+04 -7.000000E-06 
4.537220E+03 -3.000000E-05 
1.726540E+03 -1.900000E-04 
7.410750E+02 -5.300000E-04 
3.438070E+02 -2.395000E-03 
1.678840E+02 -5.202000E-03 
8.503940E+01 -1.850700E-02 
4.438290E+01 -2.911900E-02 
2.379280E+01 -7.784500E-02 
1.305360E+01 -6.077800E-02 
7.268720E+00 -1.826750E-01 
4.038050E+00 1.166390E-01 
2.192940E+00 2.993610E-01 
1.161620E+00 1.232089E+00 
6.032500E-01 -1.894248E+00 
3.001740E-01 -3.673190E-01 
1.302640E-01 2.010770E+00 
5.729800E-02 -1.186867E+00 
2.495200E-02 -1.382480E-01 
6 1 20 
5.928490E+04 -1.000000E-06 
1.432360E+04 -8.000000E-06 
4.537220E+03 -5.100000E-05 
1.726540E+03 -2.160000E-04 
7.410750E+02 -8.980000E-04 
3.438070E+02 -2.739000E-03 
1.678840E+02 -8.851000E-03 
8.503940E+01 -2.138800E-02 
4.438290E+01 -5.257400E-02 
2.379280E+01 -8.250500E-02 
1.305360E+01 -1.344340E-01 
7.268720E+00 -1.828100E-01 
4.038050E+00 9.623300E-02 
2.192940E+00 1.445569E+00 
1.161620E+00 -5.030230E-01 
6.032500E-01 -2.972236E+00 
3.001740E-01 4.273043E+00 
1.302640E-01 -2.830371E+00 
5.729800E-02 7.500080E-01 
2.495200E-02 3.668630E-01 
7 1 19 
1.432360E+04 2.000000E-06 
4.537220E+03 1.200000E-05 
1.726540E+03 5.300000E-05 
7.410750E+02 2.030000E-04 
3.438070E+02 6.700000E-04 
1.678840E+02 1.996000E-03 
8.503940E+01 5.189000E-03 
4.438290E+01 1.164000E-02 
2.379280E+01 2.037500E-02 
1.305360E+01 2.871400E-02 
7.268720E+00 2.572600E-02 
4.038050E+00 -6.688000E-03 
2.192940E+00 -7.198500E-02 
1.161620E+00 -1.184150E-01 
6.032500E-01 -1.300000E-01 
3.001740E-01 3.071100E-02 
1.302640E-01 3.791430E-01 
5.729800E-02 5.276150E-01 
2.495200E-02 2.007150E-01 
8 1 19 
1.432360E+04 2.000000E-06 
4.537220E+03 1.400000E-05 
1.726540E+03 6.600000E-05 
7.410750E+02 2.520000E-04 
3.438070E+02 8.330000E-04 
1.678840E+02 2.474000E-03 
8.503940E+01 6.443000E-03 
4.438290E+01 1.441100E-02 
2.379280E+01 2.531500E-02 
1.305360E+01 3.547800E-02 
7.268720E+00 3.218500E-02 
4.038050E+00 -7.732000E-03 
2.192940E+00 -8.691600E-02 
1.161620E+00 -1.425800E-01 
6.032500E-01 -1.704350E-01 
3.001740E-01 6.736000E-03 
1.302640E-01 5.966850E-01 
5.729800E-02 4.753380E-01 
2.495200E-02 3.009600E-02 
9 1 1 
2.495200E-02 1.000000E+00 
10 1 1 
0.0108700 1.0000000 
3 2 12 
2.493560E+02 2.310000E-04 
7.474830E+01 2.080000E-03 
2.893990E+01 1.054200E-02 
1.252790E+01 3.536700E-02 
5.734310E+00 9.260700E-02 
2.745310E+00 1.831320E-01 
1.332120E+00 2.650160E-01 
6.410880E-01 3.000210E-01 
3.027810E-01 2.673900E-01 
1.390530E-01 1.713110E-01 
6.202900E-02 5.892900E-02 
2.643956E-02 4.506000E-03 
4 2 12 
2.493560E+02 -2.340000E-04 
7.474830E+01 -2.115000E-03 
2.893990E+01 -1.074200E-02 
1.252790E+01 -3.633400E-02 
5.734310E+00 -9.710000E-02 
2.745310E+00 -1.877290E-01 
1.332120E+00 -2.464470E-01 
6.410880E-01 -1.829140E-01 
3.027810E-01 1.364430E-01 
1.390530E-01 4.735860E-01 
6.202900E-02 3.669010E-01 
2.643956E-02 6.022100E-02 
5 2 12 
2.493560E+02 -3.770000E-04 
7.474830E+01 -3.382000E-03 
2.893990E+01 -1.748800E-02 
1.252790E+01 -5.956100E-02 
5.734310E+00 -1.639910E-01 
2.745310E+00 -2.958230E-01 
1.332120E+00 -2.674980E-01 
6.410880E-01 2.425250E-01 
3.027810E-01 7.002880E-01 
1.390530E-01 -5.622800E-02 
6.202900E-02 -5.893560E-01 
2.643956E-02 -1.359390E-01 
6 2 12 
2.493560E+02 -4.520000E-04 
7.474830E+01 -3.843000E-03 
2.893990E+01 -2.098000E-02 
1.252790E+01 -6.914100E-02 
5.734310E+00 -2.118930E-01 
2.745310E+00 -3.288390E-01 
1.332120E+00 -8.351000E-02 
6.410880E-01 1.039667E+00 
3.027810E-01 -2.452340E-01 
1.390530E-01 -1.065614E+00 
6.202900E-02 7.625840E-01 
2.643956E-02 2.634500E-01 
7 2 12 
2.493560E+02 -5.630000E-04 
7.474830E+01 -6.557000E-03 
2.893990E+01 -2.803500E-02 
1.252790E+01 -1.243040E-01 
5.734310E+00 -2.980530E-01 
2.745310E+00 -5.085580E-01 
1.332120E+00 1.046121E+00 
6.410880E-01 3.615210E-01 
3.027810E-01 -1.882322E+00 
1.390530E-01 1.747460E+00 
6.202900E-02 -4.512010E-01 
2.643956E-02 -3.736230E-01 
8 2 1 
2.643956E-02 1.000000E+00 
9 2 1 
0.0112700 1.0000000 
4 3 1 
3.543800E+00 1.000000E+00 
5 3 1 
1.175900E+00 1.000000E+00 
6 3 1 
3.902000E-01 1.000000E+00 
7 3 1 
1.295000E-01 1.000000E+00 
8 3 1 
0.0408400 1.0000000 
5 4 1 
2.561100E+00 1.000000E+00 
6 4 1 
8.111000E-01 1.000000E+00 
7 4 1 
2.569000E-01 1.000000E+00 
8 4 1 
0.0794900 1.0000000 
6 5 1 
1.825700E+00 1.000000E+00 
7 5 1 
5.103000E-01 1.000000E+00 
8 5 1 
0.1678700 1.0000000 
7 6 1 
1.010500E+00 1.0000000 
8 6 1 
0.3208900 1.0000000 
