O-POSITRON E+ (TI-DEF2-TZVPPD-AUX-DIF) BASIS TYPE:2 
# 
28 
1 0 8 
211575.69025000 0.00023318 
31714.94505800 0.00180797 
7217.54765430 0.00939843 
2042.93942470 0.03815685 
665.12896208 0.12374757 
238.74942264 0.29208551 
92.50869100 0.41226801 
36.40391921 0.21090534 
2 0 4 
232.72624607 -0.02492014 
71.79120971 -0.11746490 
11.15853462 0.56503342 
4.65481354 0.56211102 
3 0 2 
6.80346292 -0.23011426 
1.12010764 0.72103187 
4 0 1 
0.48080119 1.00000000 
5 0 1 
0.08515727 1.00000000 
6 0 1 
0.03265748 1.00000000 
7 1 6 
1063.14747320 0.00246908 
251.56507061 0.01977335 
80.40855485 0.09098798 
29.76819327 0.25559900 
11.73683056 0.40489387 
4.71423752 0.23693403 
8 1 3 
17.79680370 -0.02787864 
2.42726987 0.55672915 
0.96823446 1.00554473 
9 1 1 
0.37056694 1.00000000 
10 1 1 
0.14180000 1.00000000 
11 1 1 
0.05427000 1.00000000 
12 1 1 
0.02279649 1.00000000 
13 2 4 
37.71338472 0.01151384 
10.69293118 0.06724634 
3.67284470 0.21484208 
1.35885903 0.38890893 
14 2 1 
0.49213295 1.00000000 
15 2 1 
0.16330521 1.00000000 
16 2 1 
0.05400000 1.00000000 
17 3 1 
0.25390000 1.00000000 
18 3 1 
1.07500000 1.00000000 
19 4 1 
0.63400000 1.00000000 
1 0 1 
0.010327201 1.0 
2 0 1 
0.003265748 1.0 
3 0 1 
0.001032720 1.0 
5 1 1 
0.007208884 1.0 
6 1 1 
0.002279649 1.0 
7 1 1 
0.000720888 1.0 
9 2 1 
0.017076299 1.0 
10 2 1 
0.005400000 1.0 
11 2 1 
0.001707630 1.0 
