O-POSITRON E+ (TI-AUG-CC-PVTZ) BASIS TYPE:2 
# 
25 
1 0 19 
3014643.00000000 0.00000806 
451432.90000000 0.00006268 
102733.80000000 0.00032950 
29098.17000000 0.00138920 
9492.33000000 0.00502847 
3426.34600000 0.01610419 
1335.89600000 0.04581232 
553.50260000 0.11286130 
240.69250000 0.22481930 
108.72930000 0.31145710 
50.26457000 0.22249950 
22.58004000 0.07293128 
10.71432000 0.11606830 
5.09354600 0.11947740 
2.24418300 0.02097868 
1.05957000 -0.00050917 
0.46884900 0.00022179 
0.10614300 -0.00007637 
0.05526200 0.00007720 
2 0 19 
3014643.00000000 -0.00000463 
451432.90000000 -0.00003600 
102733.80000000 -0.00018934 
29098.17000000 -0.00079888 
9492.33000000 -0.00289870 
3426.34600000 -0.00933970 
1335.89600000 -0.02697464 
553.50260000 -0.06878913 
240.69250000 -0.14810370 
108.72930000 -0.24452530 
50.26457000 -0.24199160 
22.58004000 0.03183790 
10.71432000 0.49326860 
5.09354600 0.49396550 
2.24418300 0.09196313 
1.05957000 -0.00531699 
0.46884900 0.00080856 
0.10614300 -0.00069185 
0.05526200 0.00060865 
3 0 19 
3014643.00000000 0.00000092 
451432.90000000 0.00000718 
102733.80000000 0.00003775 
29098.17000000 0.00015945 
9492.33000000 0.00057951 
3426.34600000 0.00187841 
1335.89600000 0.00549275 
553.50260000 0.01443297 
240.69250000 0.03296408 
108.72930000 0.06125493 
50.26457000 0.07134113 
22.58004000 -0.01973150 
10.71432000 -0.27418690 
5.09354600 -0.44409770 
2.24418300 0.07776084 
1.05957000 0.70684440 
0.46884900 0.44138920 
0.10614300 0.02799769 
0.05526200 -0.01210790 
4 0 19 
3014643.00000000 -0.00000022 
451432.90000000 -0.00000169 
102733.80000000 -0.00000892 
29098.17000000 -0.00003764 
9492.33000000 -0.00013696 
3426.34600000 -0.00044329 
1335.89600000 -0.00129887 
553.50260000 -0.00340675 
240.69250000 -0.00781083 
108.72930000 -0.01449245 
50.26457000 -0.01708136 
22.58004000 0.00489767 
10.71432000 0.06753108 
5.09354600 0.11733180 
2.24418300 -0.02985025 
1.05957000 -0.22776340 
0.46884900 -0.29281150 
0.10614300 0.26653000 
0.05526200 0.59124060 
5 0 19 
3014643.00000000 -0.00000040 
451432.90000000 -0.00000316 
102733.80000000 -0.00001609 
29098.17000000 -0.00007093 
9492.33000000 -0.00024427 
3426.34600000 -0.00084579 
1335.89600000 -0.00228221 
553.50260000 -0.00661987 
240.69250000 -0.01335024 
108.72930000 -0.02955830 
50.26457000 -0.02477039 
22.58004000 -0.00841462 
10.71432000 0.16938550 
5.09354600 0.15007870 
2.24418300 0.09787777 
1.05957000 -0.96536080 
0.46884900 0.14897210 
0.10614300 2.19117900 
0.05526200 -1.24332500 
6 0 19 
3014643.00000000 -0.00000063 
451432.90000000 -0.00000508 
102733.80000000 -0.00002534 
29098.17000000 -0.00011483 
9492.33000000 -0.00038175 
3426.34600000 -0.00137965 
1335.89600000 -0.00353167 
553.50260000 -0.01092225 
240.69250000 -0.02029554 
108.72930000 -0.05024404 
50.26457000 -0.03316309 
22.58004000 -0.03098063 
10.71432000 0.32446730 
5.09354600 0.21556890 
2.24418300 0.14996160 
1.05957000 -2.42074100 
0.46884900 2.53087400 
0.10614300 0.34236000 
0.05526200 -2.73372200 
7 0 1 
0.02546500 1.00000000 
8 0 1 
0.01173000 1.00000000 
9 1 15 
11912.03000000 0.00004400 
2819.94700000 0.00039100 
915.94790000 0.00224800 
350.38420000 0.00982300 
148.48250000 0.03433800 
67.53944000 0.09666600 
32.30332000 0.20941700 
15.92786000 0.33018900 
8.03803500 0.33193600 
4.09391600 0.15848800 
2.02239000 0.02231000 
0.97610200 -0.00156600 
0.45959500 -0.00132400 
0.17715200 -0.00027100 
0.07351700 0.00003200 
10 1 15 
11912.03000000 -0.00001500 
2819.94700000 -0.00013100 
915.94790000 -0.00075500 
350.38420000 -0.00331900 
148.48250000 -0.01175000 
67.53944000 -0.03392200 
32.30332000 -0.07616400 
15.92786000 -0.12570200 
8.03803500 -0.13309800 
4.09391600 0.01740600 
2.02239000 0.31516500 
0.97610200 0.46181400 
0.45959500 0.29985600 
0.17715200 0.05000000 
0.07351700 -0.00423000 
11 1 15 
11912.03000000 0.00000400 
2819.94700000 0.00003100 
915.94790000 0.00018200 
350.38420000 0.00079500 
148.48250000 0.00283300 
67.53944000 0.00815400 
32.30332000 0.01847200 
15.92786000 0.03040000 
8.03803500 0.03304700 
4.09391600 -0.00825100 
2.02239000 -0.08855400 
0.97610200 -0.14961200 
0.45959500 -0.09422700 
0.17715200 0.25084600 
0.07351700 0.58664300 
12 1 15 
11912.03000000 0.00000400 
2819.94700000 0.00003900 
915.94790000 0.00022300 
350.38420000 0.00099200 
148.48250000 0.00347600 
67.53944000 0.01017200 
32.30332000 0.02257600 
15.92786000 0.03823800 
8.03803500 0.03933700 
4.09391600 -0.00610600 
2.02239000 -0.11296200 
0.97610200 -0.16811400 
0.45959500 -0.16593200 
0.17715200 0.39140300 
0.07351700 0.68184000 
13 1 15 
11912.03000000 0.00000900 
2819.94700000 0.00007300 
915.94790000 0.00046800 
350.38420000 0.00185600 
148.48250000 0.00729300 
67.53944000 0.01885600 
32.30332000 0.04840500 
15.92786000 0.06737800 
8.03803500 0.10454100 
4.09391600 -0.05376000 
2.02239000 -0.19174900 
0.97610200 -0.69472000 
0.45959500 0.56016200 
0.17715200 1.18133600 
0.07351700 -0.99327200 
14 1 1 
0.02940100 1.00000000 
15 1 1 
0.01176000 1.00000000 
16 2 7 
64.01300000 0.00388700 
18.81790000 0.02639900 
6.72870000 0.09751100 
2.66413000 0.23284800 
1.07868000 0.35315200 
0.42320900 0.37218600 
0.15599900 0.24767200 
17 2 7 
64.01300000 -0.00397000 
18.81790000 -0.02687300 
6.72870000 -0.10227500 
2.66413000 -0.23772800 
1.07868000 -0.31211400 
0.42320900 -0.04237800 
0.15599900 0.58865800 
18 2 7 
64.01300000 0.00641800 
18.81790000 0.04380900 
6.72870000 0.17232500 
2.66413000 0.37533200 
1.07868000 0.22494700 
0.42320900 -0.79190700 
0.15599900 -0.10442800 
19 2 1 
0.05188400 1.00000000 
20 2 1 
0.01726000 1.00000000 
21 3 1 
1.24830000 1.00000000 
22 3 1 
0.28360000 1.00000000 
23 3 1 
0.08266000 1.00000000 
24 4 1 
0.72510000 1.00000000 
25 4 1 
0.21148000 1.00000000 
