O-POSITRON E+ (V-DEF2-TZVPPD-AUX-DIF) BASIS TYPE:2 
# 
28 
1 0 8 
232340.65058000 0.00023072 
34828.84117000 0.00178882 
7926.54486910 0.00929925 
2243.77330460 0.03776146 
730.59322944 0.12255910 
262.32219631 0.28963509 
101.70403805 0.41004703 
40.06478462 0.21113611 
2 0 4 
255.24014968 -0.02445812 
78.80464696 -0.11527205 
12.34059895 0.55174749 
5.17420192 0.54504528 
3 0 2 
7.65138945 -0.22967638 
1.26397599 0.71683769 
4 0 1 
0.53861762 1.00000000 
5 0 1 
0.09271930 1.00000000 
6 0 1 
0.03499806 1.00000000 
7 1 6 
1184.23691510 0.00244498 
280.23075192 0.01964345 
89.64362714 0.09079695 
33.24241125 0.25650768 
13.14451445 0.40815394 
5.29485341 0.23860378 
8 1 3 
20.17558685 -0.02824149 
2.76058652 0.55574636 
1.10089009 0.99319919 
9 1 1 
0.42013311 1.00000000 
10 1 1 
0.16030000 1.00000000 
11 1 1 
0.06119000 1.00000000 
12 1 1 
0.02599591 1.00000000 
13 2 4 
43.86113486 0.01148717 
12.51602189 0.06824715 
4.33138550 0.21837784 
1.61388558 0.39245212 
14 2 1 
0.58749574 1.00000000 
15 2 1 
0.19515723 1.00000000 
16 2 1 
0.06500000 1.00000000 
17 3 1 
1.70800000 1.00000000 
18 3 1 
0.39800000 1.00000000 
19 4 1 
1.00900000 1.00000000 
1 0 1 
0.011067357 1.0 
2 0 1 
0.003499806 1.0 
3 0 1 
0.001106736 1.0 
5 1 1 
0.008220629 1.0 
6 1 1 
0.002599591 1.0 
7 1 1 
0.000822063 1.0 
9 2 1 
0.020554805 1.0 
10 2 1 
0.006500000 1.0 
11 2 1 
0.002055480 1.0 
