O-POSITRON E+ (V-AUG-CC-PVDZ) BASIS TYPE:2 
# 
19 
1 0 19 
3321857.00000000 0.00000804 
497435.60000000 0.00006251 
113202.70000000 0.00032866 
32063.33000000 0.00138570 
10459.62000000 0.00501622 
3775.50600000 0.01606931 
1472.04000000 0.04574242 
609.93310000 0.11285440 
265.26340000 0.22543440 
119.86070000 0.31404610 
55.44891000 0.22678190 
24.98372000 0.07334069 
11.88056000 0.11024740 
5.66031100 0.11313580 
2.49570300 0.01971295 
1.17786600 -0.00047191 
0.52004400 0.00018616 
0.11596500 -0.00006209 
0.05893800 0.00007295 
2 0 19 
3321857.00000000 -0.00000450 
497435.60000000 -0.00003501 
113202.70000000 -0.00018413 
32063.33000000 -0.00077692 
10459.62000000 -0.00281950 
3775.50600000 -0.00908749 
1472.04000000 -0.02627134 
609.93310000 -0.06712726 
265.26340000 -0.14511300 
119.86070000 -0.24124830 
55.44891000 -0.24163140 
24.98372000 0.03067362 
11.88056000 0.49704150 
5.66031100 0.49588750 
2.49570300 0.09181868 
1.17786600 -0.00539251 
0.52004400 0.00071024 
0.11596500 -0.00063631 
0.05893800 0.00059799 
3 0 19 
3321857.00000000 0.00000093 
497435.60000000 0.00000725 
113202.70000000 0.00003812 
32063.33000000 0.00016102 
10459.62000000 0.00058522 
3775.50600000 0.00189750 
1472.04000000 0.00555091 
609.93310000 0.01460584 
265.26340000 0.03342974 
119.86070000 0.06235722 
55.44891000 0.07312435 
24.98372000 -0.01911472 
11.88056000 -0.28172490 
5.66031100 -0.44881510 
2.49570300 0.09202696 
1.17786600 0.71101170 
0.52004400 0.43092740 
0.11596500 0.02604589 
0.05893800 -0.01101049 
4 0 19 
3321857.00000000 -0.00000022 
497435.60000000 -0.00000168 
113202.70000000 -0.00000883 
32063.33000000 -0.00003728 
10459.62000000 -0.00013561 
3775.50600000 -0.00043924 
1472.04000000 -0.00128695 
609.93310000 -0.00338215 
265.26340000 -0.00776565 
119.86070000 -0.01447985 
55.44891000 -0.01715502 
24.98372000 0.00461010 
11.88056000 0.06827831 
5.66031100 0.11613680 
2.49570300 -0.03277049 
1.17786600 -0.22800000 
0.52004400 -0.27939910 
0.11596500 0.27711650 
0.05893800 0.58529990 
5 0 19 
3321857.00000000 -0.00000041 
497435.60000000 -0.00000326 
113202.70000000 -0.00001656 
32063.33000000 -0.00007317 
10459.62000000 -0.00025128 
3775.50600000 -0.00087327 
1472.04000000 -0.00234765 
609.93310000 -0.00685315 
265.26340000 -0.01376420 
119.86070000 -0.03084679 
55.44891000 -0.02562208 
24.98372000 -0.01005123 
11.88056000 0.17953300 
5.66031100 0.15224000 
2.49570300 0.09483887 
1.17786600 -1.01487600 
0.52004400 0.23088100 
0.11596500 2.11332100 
0.05893800 -1.25304800 
6 0 1 
0.02694600 1.00000000 
7 0 1 
0.01232000 1.00000000 
8 1 15 
13273.20000000 0.00004300 
3142.12600000 0.00038400 
1020.58800000 0.00221000 
390.44070000 0.00967800 
165.50430000 0.03393600 
75.32006000 0.09591700 
36.05503000 0.20885300 
17.80436000 0.33066000 
9.00292900 0.33231200 
4.59454400 0.15818800 
2.27676000 0.02225200 
1.10117800 -0.00156500 
0.51863800 -0.00135300 
0.20056500 -0.00026500 
0.08129100 0.00002900 
9 1 15 
13273.20000000 -0.00001500 
3142.12600000 -0.00013100 
1020.58800000 -0.00075500 
390.44070000 -0.00332500 
165.50430000 -0.01181100 
75.32006000 -0.03425600 
36.05503000 -0.07736300 
17.80436000 -0.12845600 
9.00292900 -0.13507800 
4.59454400 0.02083800 
2.27676000 0.32049900 
1.10117800 0.46026000 
0.51863800 0.29534600 
0.20056500 0.04904600 
0.08129100 -0.00382400 
10 1 15 
13273.20000000 0.00000400 
3142.12600000 0.00003200 
1020.58800000 0.00018300 
390.44070000 0.00080200 
165.50430000 0.00286200 
75.32006000 0.00828700 
36.05503000 0.01887000 
17.80436000 0.03130700 
9.00292900 0.03366000 
4.59454400 -0.00947900 
2.27676000 -0.09231300 
1.10117800 -0.14898900 
0.51863800 -0.08364400 
0.20056500 0.24933900 
0.08129100 0.58051500 
11 1 15 
13273.20000000 0.00000400 
3142.12600000 0.00003900 
1020.58800000 0.00022300 
390.44070000 0.00099600 
165.50430000 0.00349800 
75.32006000 0.01029600 
36.05503000 0.02296200 
17.80436000 0.03920800 
9.00292900 0.03994300 
4.59454400 -0.00712100 
2.27676000 -0.11622500 
1.10117800 -0.16949600 
0.51863800 -0.15537400 
0.20056500 0.39502200 
0.08129100 0.67890800 
12 1 1 
0.03179500 1.00000000 
13 1 1 
0.01244000 1.00000000 
14 2 7 
77.61150000 0.00359500 
22.91590000 0.02521000 
8.27954000 0.09478600 
3.30993000 0.23036300 
1.35863000 0.35289400 
0.54135000 0.37041400 
0.20235600 0.24571800 
15 2 7 
77.61150000 -0.00381800 
22.91590000 -0.02671700 
8.27954000 -0.10369000 
3.30993000 -0.24768900 
1.35863000 -0.31152300 
0.54135000 -0.02282700 
0.20235600 0.56972600 
16 2 1 
0.06756800 1.00000000 
17 2 1 
0.02256000 1.00000000 
18 3 2 
1.74880000 0.39006800 
0.40570000 0.80084100 
19 3 1 
0.13112000 1.00000000 
