O-POSITRON E+ (ZN-AUG-CC-PVDZ) BASIS TYPE:2 
# 
19 
1 0 19 
5820021.00000000 0.00000855 
871523.40000000 0.00006647 
198335.00000000 0.00034950 
56176.31000000 0.00147383 
18325.82000000 0.00533833 
6614.95500000 0.01712708 
2579.19900000 0.04894085 
1068.84900000 0.12179340 
465.10450000 0.24765890 
210.41300000 0.35824310 
97.61629000 0.27981740 
44.38020000 0.06857491 
21.42308000 -0.00131109 
10.30891000 0.00191400 
4.55364500 -0.00087592 
2.13282100 0.00037401 
0.92969700 -0.00014014 
0.19214700 0.00004757 
0.08759500 -0.00003643 
2 0 19 
5820021.00000000 -0.00000264 
871523.40000000 -0.00002053 
198335.00000000 -0.00010799 
56176.31000000 -0.00045586 
18325.82000000 -0.00165776 
6614.95500000 -0.00536849 
2579.19900000 -0.01571249 
1068.84900000 -0.04122558 
465.10450000 -0.09406459 
210.41300000 -0.17199540 
97.61629000 -0.19585230 
44.38020000 0.04532907 
21.42308000 0.52444420 
10.30891000 0.50061420 
4.55364500 0.08945527 
2.13282100 -0.00214626 
0.92969700 0.00211211 
0.19214700 -0.00041340 
0.08759500 0.00032098 
3 0 19 
5820021.00000000 0.00000100 
871523.40000000 0.00000775 
198335.00000000 0.00004076 
56176.31000000 0.00017228 
18325.82000000 0.00062594 
6614.95500000 0.00203286 
2579.19900000 0.00595465 
1068.84900000 0.01576640 
465.10450000 0.03637638 
210.41300000 0.06892343 
97.61629000 0.08238093 
44.38020000 -0.02011360 
21.42308000 -0.32525260 
10.30891000 -0.46028990 
4.55364500 0.16355460 
2.13282100 0.72971180 
0.92969700 0.37697510 
0.19214700 0.01433224 
0.08759500 -0.00667121 
4 0 19 
5820021.00000000 0.00000020 
871523.40000000 0.00000155 
198335.00000000 0.00000816 
56176.31000000 0.00003451 
18325.82000000 0.00012533 
6614.95500000 0.00040730 
2579.19900000 0.00119273 
1068.84900000 0.00316314 
465.10450000 0.00730394 
210.41300000 0.01391279 
97.61629000 0.01670620 
44.38020000 -0.00403559 
21.42308000 -0.06968861 
10.30891000 -0.10301050 
4.55364500 0.04471442 
2.13282100 0.21500270 
0.92969700 0.22201630 
0.19214700 -0.31147760 
0.08759500 -0.56934290 
5 0 19 
5820021.00000000 -0.00000054 
871523.40000000 -0.00000434 
198335.00000000 -0.00002198 
56176.31000000 -0.00009747 
18325.82000000 -0.00033316 
6614.95500000 -0.00116619 
2579.19900000 -0.00311931 
1068.84900000 -0.00923950 
465.10450000 -0.01855471 
210.41300000 -0.04281189 
97.61629000 -0.03571095 
44.38020000 -0.01638350 
21.42308000 0.26446640 
10.30891000 0.20865880 
4.55364500 -0.01774382 
2.13282100 -1.35387300 
0.92969700 0.81829260 
0.19214700 1.69503600 
0.08759500 -1.38865600 
6 0 1 
0.03770200 1.00000000 
7 0 1 
0.01623000 1.00000000 
8 1 15 
24411.98000000 0.00004100 
5778.51800000 0.00036100 
1876.86200000 0.00208800 
718.23610000 0.00922100 
304.83270000 0.03277300 
139.04530000 0.09417900 
66.80417000 0.20913200 
33.20699000 0.33456900 
16.92816000 0.33035900 
8.69622900 0.15234700 
4.35051000 0.02298400 
2.11652300 0.00160700 
0.99538700 0.00046800 
0.37811200 0.00006600 
0.13457900 -0.00000200 
9 1 15 
24411.98000000 -0.00001500 
5778.51800000 -0.00013500 
1876.86200000 -0.00078200 
718.23610000 -0.00347800 
304.83270000 -0.01252000 
139.04530000 -0.03701600 
66.80417000 -0.08555900 
33.20699000 -0.14471800 
16.92816000 -0.14344200 
8.69622900 0.04359500 
4.35051000 0.34888800 
2.11652300 0.45386500 
0.99538700 0.26859400 
0.37811200 0.03886800 
0.13457900 -0.00249200 
10 1 15 
24411.98000000 0.00000300 
5778.51800000 0.00002500 
1876.86200000 0.00014400 
718.23610000 0.00064500 
304.83270000 0.00231100 
139.04530000 0.00689800 
66.80417000 0.01588200 
33.20699000 0.02735000 
16.92816000 0.02662100 
8.69622900 -0.01085800 
4.35051000 -0.07985300 
2.11652300 -0.10612700 
0.99538700 -0.06888300 
0.37811200 0.18438500 
0.13457900 0.56178800 
11 1 15 
24411.98000000 0.00000500 
5778.51800000 0.00004200 
1876.86200000 0.00023800 
718.23610000 0.00108800 
304.83270000 0.00382100 
139.04530000 0.01164400 
66.80417000 0.02616700 
33.20699000 0.04675000 
16.92816000 0.04330900 
8.69622900 -0.01342900 
4.35051000 -0.15389700 
2.11652300 -0.16741300 
0.99538700 -0.08499500 
0.37811200 0.45081300 
0.13457900 0.64086900 
12 1 1 
0.04628200 1.00000000 
13 1 1 
0.01592000 1.00000000 
14 2 7 
205.61770000 0.00234200 
61.44981000 0.01860600 
23.05689000 0.07710200 
9.57773900 0.20202600 
4.13373400 0.32945400 
1.74751800 0.36097600 
0.69956000 0.27165700 
15 2 7 
205.61770000 0.00327900 
61.44981000 0.02617600 
23.05689000 0.11136700 
9.57773900 0.30458100 
4.13373400 0.38629900 
1.74751800 -0.05837500 
0.69956000 -0.53887600 
16 2 1 
0.25160800 1.00000000 
17 2 1 
0.09049000 1.00000000 
18 3 2 
5.73440000 0.43113200 
1.46150000 0.75464200 
19 3 1 
0.54861000 1.00000000 
