O-POSITRON E+ (ZN-DEF2-TZVPPD-AUX-DIF) BASIS TYPE:2 
# 
28 
1 0 8 
405924.31028000 0.00022442 
60846.95573500 0.00174021 
13847.34309200 0.00905133 
3919.61585510 0.03681734 
1276.35941670 0.12004850 
458.67254435 0.28576058 
178.28725246 0.41087462 
70.61219284 0.21816962 
2 0 4 
443.88077950 -0.02493427 
137.55875267 -0.11817956 
22.26808348 0.55367318 
9.52173106 0.52628935 
3 0 2 
14.87411407 -0.22929955 
2.46475176 0.71135485 
4 0 1 
1.01132722 1.00000000 
5 0 1 
0.14919852 1.00000000 
6 0 1 
0.05144187 1.00000000 
7 1 6 
2205.35085340 0.00233562 
522.35300699 0.01903102 
167.73055542 0.08995576 
62.67004537 0.26113249 
25.10974946 0.42348448 
10.22514268 0.24618927 
8 1 3 
40.71344252 -0.03002967 
5.62470907 0.55575255 
2.22799491 0.95581013 
9 1 1 
0.83354742 1.00000000 
10 1 1 
0.16245500 1.00000000 
11 1 1 
0.04776900 1.00000000 
12 1 1 
0.02123484 1.00000000 
13 2 4 
88.55431531 0.01272817 
25.72152556 0.07939450 
9.12783676 0.24491507 
3.43123641 0.40390526 
14 2 1 
1.23089206 1.00000000 
15 2 1 
0.39031845 1.00000000 
16 2 1 
0.12400000 1.00000000 
17 3 1 
1.43300000 1.00000000 
18 3 1 
5.69400000 1.00000000 
19 4 1 
3.61700000 1.00000000 
1 0 1 
0.016267349 1.0 
2 0 1 
0.005144187 1.0 
3 0 1 
0.001626735 1.0 
5 1 1 
0.006715046 1.0 
6 1 1 
0.002123484 1.0 
7 1 1 
0.000671505 1.0 
9 2 1 
0.039212243 1.0 
10 2 1 
0.012400000 1.0 
11 2 1 
0.003921224 1.0 
