O-POSITRON E+ (ZN-AUG-CC-PV5Z) BASIS TYPE:2 
# (226s,140p,62d,5f,4g,3h,2i) -> [10s,9p,7d,5f,4g,3h,2i] 
40 
1 0 28 
1.874130E+08 1.009014E-07 
3.351270E+07 6.704747E-07 
7.504750E+06 3.863166E-06 
2.017870E+06 1.756108E-05 
6.285780E+05 6.747146E-05 
2.201630E+05 2.265652E-04 
8.459520E+04 6.864596E-04 
3.495550E+04 1.919556E-03 
1.529030E+04 5.035036E-03 
6.994930E+03 1.249183E-02 
3.316590E+03 2.931174E-02 
1.619240E+03 6.427367E-02 
8.103430E+02 1.280292E-01 
4.143930E+02 2.196143E-01 
2.160580E+02 2.943285E-01 
1.146350E+02 2.592639E-01 
6.176230E+01 1.154133E-01 
3.369240E+01 1.748179E-02 
1.853150E+01 1.234470E-03 
1.021440E+01 1.030887E-05 
5.594280E+00 5.407386E-05 
3.009680E+00 -9.020925E-05 
1.566840E+00 1.229205E-05 
7.814370E-01 -1.291299E-05 
2.581180E-01 5.053007E-06 
1.385560E-01 -4.083295E-06 
6.617100E-02 1.774070E-06 
3.098600E-02 -4.512962E-07 
2 0 28 
1.874130E+08 -3.115741E-08 
3.351270E+07 -2.070312E-07 
7.504750E+06 -1.192935E-06 
2.017870E+06 -5.422776E-06 
6.285780E+05 -2.083826E-05 
2.201630E+05 -6.998988E-05 
8.459520E+04 -2.122319E-04 
3.495550E+04 -5.944122E-04 
1.529030E+04 -1.565121E-03 
6.994930E+03 -3.912825E-03 
3.316590E+03 -9.329174E-03 
1.619240E+03 -2.109918E-02 
8.103430E+02 -4.460857E-02 
4.143930E+02 -8.543854E-02 
2.160580E+02 -1.398518E-01 
1.146350E+02 -1.674907E-01 
6.176230E+01 -7.864897E-02 
3.369240E+01 1.871467E-01 
1.853150E+01 4.773740E-01 
1.021440E+01 3.974608E-01 
5.594280E+00 1.119124E-01 
3.009680E+00 1.021018E-02 
1.566840E+00 1.535466E-03 
7.814370E-01 3.513273E-04 
2.581180E-01 8.700326E-06 
1.385560E-01 8.085928E-06 
6.617100E-02 -4.465779E-06 
3.098600E-02 1.262079E-06 
3 0 28 
1.874130E+08 1.176468E-08 
3.351270E+07 7.818630E-08 
7.504750E+06 4.504171E-07 
2.017870E+06 2.048043E-06 
6.285780E+05 7.867565E-06 
2.201630E+05 2.643679E-05 
8.459520E+04 8.013127E-05 
3.495550E+04 2.246143E-04 
1.529030E+04 5.912514E-04 
6.994930E+03 1.480820E-03 
3.316590E+03 3.533956E-03 
1.619240E+03 8.032240E-03 
8.103430E+02 1.708455E-02 
4.143930E+02 3.323558E-02 
2.160580E+02 5.573178E-02 
1.146350E+02 7.004526E-02 
6.176230E+01 3.460894E-02 
3.369240E+01 -9.417457E-02 
1.853150E+01 -3.185785E-01 
1.021440E+01 -3.740136E-01 
5.594280E+00 -7.223424E-03 
3.009680E+00 4.699051E-01 
1.566840E+00 5.650018E-01 
7.814370E-01 2.128446E-01 
2.581180E-01 1.020773E-02 
1.385560E-01 -3.216647E-03 
6.617100E-02 9.813901E-04 
3.098600E-02 -2.125953E-04 
4 0 28 
1.874130E+08 -2.356493E-09 
3.351270E+07 -1.565939E-08 
7.504750E+06 -9.022205E-08 
2.017870E+06 -4.101783E-07 
6.285780E+05 -1.575992E-06 
2.201630E+05 -5.294514E-06 
8.459520E+04 -1.605261E-05 
3.495550E+04 -4.498259E-05 
1.529030E+04 -1.184624E-04 
6.994930E+03 -2.965895E-04 
3.316590E+03 -7.083659E-04 
1.619240E+03 -1.609791E-03 
8.103430E+02 -3.429679E-03 
4.143930E+02 -6.677830E-03 
2.160580E+02 -1.124816E-02 
1.146350E+02 -1.419067E-02 
6.176230E+01 -7.119783E-03 
3.369240E+01 1.964233E-02 
1.853150E+01 6.866033E-02 
1.021440E+01 8.451691E-02 
5.594280E+00 -2.558593E-03 
3.009680E+00 -1.246873E-01 
1.566840E+00 -1.981732E-01 
7.814370E-01 -1.626983E-01 
2.581180E-01 1.212677E-01 
1.385560E-01 4.147624E-01 
6.617100E-02 4.840872E-01 
3.098600E-02 1.419222E-01 
5 0 28 
1.874130E+08 6.708866E-09 
3.351270E+07 4.416620E-08 
7.504750E+06 2.575365E-07 
2.017870E+06 1.154012E-06 
6.285780E+05 4.513571E-06 
2.201630E+05 1.483194E-05 
8.459520E+04 4.621034E-05 
3.495550E+04 1.252604E-04 
1.529030E+04 3.431994E-04 
6.994930E+03 8.203610E-04 
3.316590E+03 2.066898E-03 
1.619240E+03 4.419789E-03 
8.103430E+02 1.011367E-02 
4.143930E+02 1.809426E-02 
2.160580E+02 3.416662E-02 
1.146350E+02 3.593265E-02 
6.176230E+01 3.074112E-02 
3.369240E+01 -7.752629E-02 
1.853150E+01 -1.679194E-01 
1.021440E+01 -3.562499E-01 
5.594280E+00 1.776982E-01 
3.009680E+00 4.749129E-01 
1.566840E+00 8.521909E-01 
7.814370E-01 -7.724873E-01 
2.581180E-01 -1.431914E+00 
1.385560E-01 4.991946E-01 
6.617100E-02 5.499585E-01 
3.098600E-02 2.413894E-01 
6 0 28 
1.874130E+08 -9.317884E-09 
3.351270E+07 -6.155607E-08 
7.504750E+06 -3.573416E-07 
2.017870E+06 -1.609881E-06 
6.285780E+05 -6.255093E-06 
2.201630E+05 -2.072444E-05 
8.459520E+04 -6.392044E-05 
3.495550E+04 -1.754269E-04 
1.529030E+04 -4.736661E-04 
6.994930E+03 -1.152085E-03 
3.316590E+03 -2.846504E-03 
1.619240E+03 -6.230027E-03 
8.103430E+02 -1.389848E-02 
4.143930E+02 -2.572496E-02 
2.160580E+02 -4.674972E-02 
1.146350E+02 -5.304136E-02 
6.176230E+01 -3.846676E-02 
3.369240E+01 9.700309E-02 
1.853150E+01 2.750132E-01 
1.021440E+01 6.149135E-01 
5.594280E+00 -4.648242E-01 
3.009680E+00 -1.468817E+00 
1.566840E+00 -6.123386E-02 
7.814370E-01 2.533326E+00 
2.581180E-01 -1.483831E+00 
1.385560E-01 -9.440243E-01 
6.617100E-02 9.934343E-01 
3.098600E-02 2.834131E-01 
7 0 28 
1.874130E+08 1.206066E-08 
3.351270E+07 8.110169E-08 
7.504750E+06 4.602050E-07 
2.017870E+06 2.130959E-06 
6.285780E+05 8.004527E-06 
2.201630E+05 2.765382E-05 
8.459520E+04 8.099310E-05 
3.495550E+04 2.367270E-04 
1.529030E+04 5.928609E-04 
6.994930E+03 1.574959E-03 
3.316590E+03 3.517111E-03 
1.619240E+03 8.651605E-03 
8.103430E+02 1.689628E-02 
4.143930E+02 3.686833E-02 
2.160580E+02 5.445003E-02 
1.146350E+02 8.690671E-02 
6.176230E+01 1.740443E-02 
3.369240E+01 -5.212573E-02 
1.853150E+01 -5.511726E-01 
1.021440E+01 -1.154350E+00 
5.594280E+00 2.146837E+00 
3.009680E+00 2.463242E+00 
1.566840E+00 -6.092793E+00 
7.814370E-01 3.260483E+00 
2.581180E-01 2.078412E+00 
1.385560E-01 -4.042447E+00 
6.617100E-02 1.742668E+00 
3.098600E-02 1.569018E-01 
8 0 28 
1.874130E+08 1.288013E-08 
3.351270E+07 7.963494E-08 
7.504750E+06 5.028311E-07 
2.017870E+06 2.044870E-06 
6.285780E+05 8.997462E-06 
2.201630E+05 2.548089E-05 
8.459520E+04 9.502563E-05 
3.495550E+04 2.057590E-04 
1.529030E+04 7.322220E-04 
6.994930E+03 1.279062E-03 
3.316590E+03 4.583798E-03 
1.619240E+03 6.488435E-03 
8.103430E+02 2.369604E-02 
4.143930E+02 2.360841E-02 
2.160580E+02 9.186954E-02 
1.146350E+02 1.584593E-02 
6.176230E+01 1.832209E-01 
3.369240E+01 -3.620858E-01 
1.853150E+01 -2.562035E-01 
1.021440E+01 -2.678416E+00 
5.594280E+00 8.318698E+00 
3.009680E+00 -7.754997E+00 
1.566840E+00 5.798922E-01 
7.814370E-01 4.480679E+00 
2.581180E-01 -7.985668E+00 
1.385560E-01 7.933133E+00 
6.617100E-02 -2.683339E+00 
3.098600E-02 -4.235620E-02 
9 0 1 
3.098600E-02 1.000000E+00 
10 0 1 
0.0145100 1.0000000 
2 1 20 
1.103490E+05 3.000000E-06 
2.697130E+04 2.500000E-05 
8.560070E+03 1.540000E-04 
3.248800E+03 7.110000E-04 
1.389410E+03 2.726000E-03 
6.430430E+02 9.078000E-03 
3.140050E+02 2.664700E-02 
1.594890E+02 6.834900E-02 
8.366620E+01 1.462290E-01 
4.515740E+01 2.463660E-01 
2.496300E+01 3.093570E-01 
1.400430E+01 2.518340E-01 
7.832670E+00 1.075770E-01 
4.284100E+00 1.862300E-02 
2.289010E+00 1.840000E-03 
1.194360E+00 5.260000E-04 
5.942580E-01 1.340000E-04 
2.269140E-01 1.800000E-05 
9.017900E-02 -3.000000E-06 
3.571800E-02 1.000000E-06 
3 1 20 
1.103490E+05 -1.000000E-06 
2.697130E+04 -9.000000E-06 
8.560070E+03 -5.700000E-05 
3.248800E+03 -2.660000E-04 
1.389410E+03 -1.023000E-03 
6.430430E+02 -3.426000E-03 
3.140050E+02 -1.017800E-02 
1.594890E+02 -2.668400E-02 
8.366620E+01 -5.904400E-02 
4.515740E+01 -1.036450E-01 
2.496300E+01 -1.371860E-01 
1.400430E+01 -9.803000E-02 
7.832670E+00 7.828400E-02 
4.284100E+00 3.068960E-01 
2.289010E+00 4.020910E-01 
1.194360E+00 2.839960E-01 
5.942580E-01 8.692800E-02 
2.269140E-01 5.854000E-03 
9.017900E-02 -3.700000E-05 
3.571800E-02 1.050000E-04 
4 1 20 
1.103490E+05 -1.000000E-06 
2.697130E+04 -7.000000E-06 
8.560070E+03 -4.400000E-05 
3.248800E+03 -1.870000E-04 
1.389410E+03 -7.860000E-04 
6.430430E+02 -2.419000E-03 
3.140050E+02 -7.832000E-03 
1.594890E+02 -1.889200E-02 
8.366620E+01 -4.609500E-02 
4.515740E+01 -7.218700E-02 
2.496300E+01 -1.187060E-01 
1.400430E+01 -6.884500E-02 
7.832670E+00 6.125500E-02 
4.284100E+00 5.482940E-01 
2.289010E+00 2.972820E-01 
1.194360E+00 -2.716010E-01 
5.942580E-01 -1.037940E+00 
2.269140E-01 2.883290E-01 
9.017900E-02 5.829240E-01 
3.571800E-02 -1.025900E-02 
5 1 20 
1.103490E+05 1.000000E-06 
2.697130E+04 9.000000E-06 
8.560070E+03 4.700000E-05 
3.248800E+03 2.580000E-04 
1.389410E+03 8.400000E-04 
6.430430E+02 3.329000E-03 
3.140050E+02 8.405000E-03 
1.594890E+02 2.621000E-02 
8.366620E+01 4.832600E-02 
4.515740E+01 1.064260E-01 
2.496300E+01 1.112430E-01 
1.400430E+01 2.196340E-01 
7.832670E+00 -3.785060E-01 
4.284100E+00 -8.342830E-01 
2.289010E+00 3.465100E-02 
1.194360E+00 1.966759E+00 
5.942580E-01 -1.224845E+00 
2.269140E-01 -7.377320E-01 
9.017900E-02 9.916440E-01 
3.571800E-02 -3.008900E-02 
6 1 20 
1.103490E+05 1.000000E-06 
2.697130E+04 1.100000E-05 
8.560070E+03 7.500000E-05 
3.248800E+03 3.070000E-04 
1.389410E+03 1.343000E-03 
6.430430E+02 3.979000E-03 
3.140050E+02 1.350800E-02 
1.594890E+02 3.151800E-02 
8.366620E+01 8.122400E-02 
4.515740E+01 1.177440E-01 
2.496300E+01 2.545370E-01 
1.400430E+01 2.804660E-01 
7.832670E+00 -1.381756E+00 
4.284100E+00 -5.845020E-01 
2.289010E+00 2.831955E+00 
1.194360E+00 -1.403082E+00 
5.942580E-01 -1.086640E+00 
2.269140E-01 1.853779E+00 
9.017900E-02 -1.111985E+00 
3.571800E-02 9.953000E-03 
7 1 19 
2.697130E+04 2.000000E-06 
8.560070E+03 1.100000E-05 
3.248800E+03 4.900000E-05 
1.389410E+03 1.900000E-04 
6.430430E+02 6.280000E-04 
3.140050E+02 1.898000E-03 
1.594890E+02 4.905000E-03 
8.366620E+01 1.109100E-02 
4.515740E+01 1.911000E-02 
2.496300E+01 2.640400E-02 
1.400430E+01 1.704800E-02 
7.832670E+00 -1.677700E-02 
4.284100E+00 -7.228100E-02 
2.289010E+00 -8.883400E-02 
1.194360E+00 -8.550100E-02 
5.942580E-01 5.147700E-02 
2.269140E-01 3.482630E-01 
9.017900E-02 5.207130E-01 
3.571800E-02 2.411100E-01 
8 1 19 
2.697130E+04 3.000000E-06 
8.560070E+03 1.900000E-05 
3.248800E+03 8.400000E-05 
1.389410E+03 3.350000E-04 
6.430430E+02 1.078000E-03 
3.140050E+02 3.342000E-03 
1.594890E+02 8.411000E-03 
8.366620E+01 1.956900E-02 
4.515740E+01 3.256700E-02 
2.496300E+01 4.778200E-02 
1.400430E+01 2.795700E-02 
7.832670E+00 -2.453000E-02 
4.284100E+00 -1.464900E-01 
2.289010E+00 -1.492570E-01 
1.194360E+00 -1.363180E-01 
5.942580E-01 1.989520E-01 
2.269140E-01 6.520570E-01 
9.017900E-02 3.101190E-01 
3.571800E-02 5.528000E-03 
9 1 1 
3.571800E-02 1.000000E+00 
10 1 1 
0.0141500 1.0000000 
3 2 12 
8.541223E+02 1.100000E-04 
2.579496E+02 1.060000E-03 
1.002319E+02 6.127000E-03 
4.417621E+01 2.422700E-02 
2.078476E+01 7.056800E-02 
1.022756E+01 1.554220E-01 
5.151241E+00 2.464650E-01 
2.590847E+00 2.908540E-01 
1.285801E+00 2.696230E-01 
6.253440E-01 1.932020E-01 
2.939430E-01 9.282400E-02 
1.289970E-01 1.927300E-02 
4 2 12 
8.541223E+02 1.540000E-04 
2.579496E+02 1.484000E-03 
1.002319E+02 8.615000E-03 
4.417621E+01 3.432800E-02 
2.078476E+01 1.026560E-01 
1.022756E+01 2.346230E-01 
5.151241E+00 3.308580E-01 
2.590847E+00 1.664140E-01 
1.285801E+00 -2.191500E-01 
6.253440E-01 -4.171790E-01 
2.939430E-01 -2.879880E-01 
1.289970E-01 -7.645400E-02 
5 2 12 
8.541223E+02 1.680000E-04 
2.579496E+02 1.686000E-03 
1.002319E+02 9.552000E-03 
4.417621E+01 3.916900E-02 
2.078476E+01 1.185400E-01 
1.022756E+01 3.060170E-01 
5.151241E+00 2.800330E-01 
2.590847E+00 -3.570440E-01 
1.285801E+00 -5.566930E-01 
6.253440E-01 -3.407000E-03 
2.939430E-01 5.550480E-01 
1.289970E-01 3.077980E-01 
6 2 12 
8.541223E+02 2.020000E-04 
2.579496E+02 2.292000E-03 
1.002319E+02 1.194800E-02 
4.417621E+01 5.348900E-02 
2.078476E+01 1.599570E-01 
1.022756E+01 4.633290E-01 
5.151241E+00 1.892000E-03 
2.590847E+00 -9.592480E-01 
1.285801E+00 1.085530E-01 
6.253440E-01 9.818850E-01 
2.939430E-01 -3.019870E-01 
1.289970E-01 -5.958930E-01 
7 2 12 
8.541223E+02 -3.210000E-04 
2.579496E+02 -2.813000E-03 
1.002319E+02 -1.802800E-02 
4.417621E+01 -6.798500E-02 
2.078476E+01 -2.814680E-01 
1.022756E+01 -6.396470E-01 
5.151241E+00 1.082969E+00 
2.590847E+00 4.414690E-01 
1.285801E+00 -1.689230E+00 
6.253440E-01 9.011120E-01 
2.939430E-01 6.121440E-01 
1.289970E-01 -8.529570E-01 
8 2 1 
1.289970E-01 1.000000E+00 
9 2 1 
0.0566100 1.0000000 
4 3 1 
1.216690E+01 1.000000E+00 
5 3 1 
4.391500E+00 1.000000E+00 
6 3 1 
1.585000E+00 1.000000E+00 
7 3 1 
5.721000E-01 1.000000E+00 
8 3 1 
0.2010100 1.0000000 
5 4 1 
9.629900E+00 1.000000E+00 
6 4 1 
3.392400E+00 1.000000E+00 
7 4 1 
1.195100E+00 1.000000E+00 
8 4 1 
0.4613900 1.0000000 
6 5 1 
7.473800E+00 1.000000E+00 
7 5 1 
2.425000E+00 1.000000E+00 
8 5 1 
1.0655400 1.0000000 
7 6 1 
5.548700E+00 1.0000000 
8 6 1 
2.7941400 1.0000000 
