O-POSITRON E+ (GRIBAKIN-10S4P2D.posbas) BASIS TYPE: 2
#
16
1 0 1
0.00010000 1.00000000
2 0 1
0.00030000 1.00000000
3 0 1
0.00090000 1.00000000
4 0 1
0.00270000 1.00000000
5 0 1
0.00810000 1.00000000
6 0 1
0.02430000 1.00000000
7 0 1
0.07290000 1.00000000
8 0 1
0.21870000 1.00000000
9 0 1
0.65610000 1.00000000
10 0 1
1.96830000 1.00000000
11 1 1
0.00010000 1.00000000
12 1 1
0.00030000 1.00000000
13 1 1
0.00090000 1.00000000
14 1 1
0.00270000 1.00000000
15 2 1
0.00010000 1.00000000
16 2 1
0.00030000 1.00000000
