O-HYDROGEN H_1 (1S) BASIS TYPE: 2
3
1 0 1
14.509888498676842 1.0
2 1 1
6.885507269761004 1.0
3 2 1
9.023681376783887 1.0

O-HYDROGEN H-A_1 (1S) BASIS TYPE: 2
3
1 0 1
14.509888498676842 1.0
2 1 1
6.885507269761004 1.0
3 2 1
9.023681376783887 1.0

O-HYDROGEN H-B_1 (1S) BASIS TYPE: 2
3
1 0 1
14.509888498676842 1.0
2 1 1
6.885507269761004 1.0
3 2 1
9.023681376783887 1.0

O-H-TIP X0.5+ (1S) BASIS TYPE: 2
3
1 0 1
14.509888498676842 1.0
2 1 1
6.885507269761004 1.0
3 2 1
9.023681376783887 1.0

O-H-TIP Y0.5+ (1S) BASIS TYPE: 2
3
1 0 1
14.509888498676842 1.0
2 1 1
6.885507269761004 1.0
3 2 1
9.023681376783887 1.0
