O-HELIUM HEA3 (1S) BASIS TYPE: 2
5
1 0 1
4.649134696455659 1.0
2 1 1
2.2645219468001994 1.0
3 2 1
2.8283085956799554 1.0
4 3 1
3.0572986468481878 1.0
5 4 1
3.4290334915944647 1.0

O-HELIUM HEB3 (1S) BASIS TYPE: 2
5
1 0 1
4.649134696455659 1.0
2 1 1
2.2645219468001994 1.0
3 2 1
2.8283085956799554 1.0
4 3 1
3.0572986468481878 1.0
5 4 1
3.4290334915944647 1.0

O-HELIUM HES3 (1S) BASIS TYPE: 2
5
1 0 1
4.649134696455659 1.0
2 1 1
2.2645219468001994 1.0
3 2 1
2.8283085956799554 1.0
4 3 1
3.0572986468481878 1.0
5 4 1
3.4290334915944647 1.0
