O-HE_4 HE_4 (13S) BASIS TYPE: 2
# (1S)-[1S]
13
1 0 1
16729.31181641 1.00000000
2 0 1
36042.20971709 1.00000000
3 0 1
77650.58691876 1.00000000
4 0 1
167293.11815664 1.00000000
5 0 1
360422.09715492 1.00000000
6 0 1
776505.86915312 1.00000000
7 0 1
1672931.18149208 1.00000000
8 0 1
3604220.97138922 1.00000000
9 0 1
7765058.69118643 1.00000000
10 0 1
16729311.81417804 1.00000000
11 0 1
36042209.71229200 1.00000000
12 0 1
77650586.90841681 1.00000000
13 0 1
167293118.13435301 1.00000000

O-U- U- (13S) BASIS TYPE: 2
# (1S)-[1S]
13
1 0 1
470.63607188 1.00000000
2 0 1
1013.95467961 1.00000000
3 0 1
2184.49913585 1.00000000
4 0 1
4706.36071854 1.00000000
5 0 1
10139.54679568 1.00000000
6 0 1
21844.99135749 1.00000000
7 0 1
47063.60718332 1.00000000
8 0 1
101395.46795228 1.00000000
9 0 1
218449.91356518 1.00000000
10 0 1
470636.07181232 1.00000000
11 0 1
1013954.67947779 1.00000000
12 0 1
2184499.13555478 1.00000000
13 0 1
4706360.71791422 1.00000000

