O-H_1 H_1 (13S) BASIS TYPE: 2
# (1S)-[1S]
26
1 0 1
969.56221638 1.00000000
2 0 1
2088.85847308 1.00000000
3 0 1
4500.30915690 1.00000000
4 0 1
9695.62216334 1.00000000
5 0 1
20888.58472984 1.00000000
6 0 1
45003.09156697 1.00000000
7 0 1
96956.22162912 1.00000000
8 0 1
208885.84728910 1.00000000
9 0 1
450030.91564969 1.00000000
10 0 1
969562.21624816 1.00000000
11 0 1
2088858.47279831 1.00000000
12 0 1
4500309.15629709 1.00000000
13 0 1
9695622.16205109 1.00000000
14 1 1
969.56221638 1.00000000
15 1 1
2088.85847308 1.00000000
16 1 1
4500.30915690 1.00000000
17 1 1
9695.62216334 1.00000000
18 1 1
20888.58472984 1.00000000
19 1 1
45003.09156697 1.00000000
20 1 1
96956.22162912 1.00000000
21 1 1
208885.84728910 1.00000000
22 1 1
450030.91564969 1.00000000
23 1 1
969562.21624816 1.00000000
24 1 1
2088858.47279831 1.00000000
25 1 1
4500309.15629709 1.00000000
26 1 1
9695622.16205109 1.00000000

O-U- U- (13S) BASIS TYPE: 2
# (1S)-[1S]
26
1 0 1
108.82082825 1.00000000
2 0 1
234.44736737 1.00000000
3 0 1
505.10154124 1.00000000
4 0 1
1088.20828242 1.00000000
5 0 1
2344.47367360 1.00000000
6 0 1
5051.01541219 1.00000000
7 0 1
10882.08282374 1.00000000
8 0 1
23444.73673493 1.00000000
9 0 1
50510.15411964 1.00000000
10 0 1
108820.82823260 1.00000000
11 0 1
234447.36733885 1.00000000
12 0 1
505101.54117400 1.00000000
13 0 1
1088208.28227773 1.00000000
14 1 1
108.82082825 1.00000000
15 1 1
234.44736737 1.00000000
16 1 1
505.10154124 1.00000000
17 1 1
1088.20828242 1.00000000
18 1 1
2344.47367360 1.00000000
19 1 1
5051.01541219 1.00000000
20 1 1
10882.08282374 1.00000000
21 1 1
23444.73673493 1.00000000
22 1 1
50510.15411964 1.00000000
23 1 1
108820.82823260 1.00000000
24 1 1
234447.36733885 1.00000000
25 1 1
505101.54117400 1.00000000
26 1 1
1088208.28227773 1.00000000

O-U- U- (13S) BASIS TYPE: 2
# (1S)-[1S]
13
1 0 1
108.82082825 1.00000000
2 0 1
234.44736737 1.00000000
3 0 1
505.10154124 1.00000000
4 0 1
1088.20828242 1.00000000
5 0 1
2344.47367360 1.00000000
6 0 1
5051.01541219 1.00000000
7 0 1
10882.08282374 1.00000000
8 0 1
23444.73673493 1.00000000
9 0 1
50510.15411964 1.00000000
10 0 1
108820.82823260 1.00000000
11 0 1
234447.36733885 1.00000000
12 0 1
505101.54117400 1.00000000
13 0 1
1088208.28227773 1.00000000

