O-K_39 K_39 (13S) BASIS TYPE: 2
# (1S)-[1S]
13
1 0 1
13340330.08000000 1.00000000
2 0 1
28740869.90040248 1.00000000
3 0 1
61920327.13420394 1.00000000
4 0 1
133403300.79407725 1.00000000
5 0 1
287408698.99126458 1.00000000
6 0 1
619203271.31454837 1.00000000
7 0 1
1334033007.88154507 1.00000000
8 0 1
2874086989.78504372 1.00000000
9 0 1
6192032712.87057400 1.00000000
10 0 1
13340330078.22317505 1.00000000
11 0 1
28740869896.57442093 1.00000000
12 0 1
61920327125.95664215 1.00000000
13 0 1
133403300776.30899048 1.00000000

O-U- U- (13S) BASIS TYPE: 2
# (1S)-[1S]
13
1 0 1
43502.74000000 1.00000000
2 0 1
93723.81216605 1.00000000
3 0 1
201921.83220958 1.00000000
4 0 1
435027.39998068 1.00000000
5 0 1
937238.12161889 1.00000000
6 0 1
2019218.32200618 1.00000000
7 0 1
4350273.99961372 1.00000000
8 0 1
9372381.21577284 1.00000000
9 0 1
20192183.21916536 1.00000000
10 0 1
43502739.99420570 1.00000000
11 0 1
93723812.15356740 1.00000000
12 0 1
201921832.18268967 1.00000000
13 0 1
435027399.92274386 1.00000000

