O-LI_7 LI_7 (13S) BASIS TYPE: 2
# (1S)-[1S]
13
1 0 1
66647.96203613 1.00000000
2 0 1
143588.68142845 1.00000000
3 0 1
309352.43636081 1.00000000
4 0 1
666479.62033174 1.00000000
5 0 1
1435886.81422073 1.00000000
6 0 1
3093524.36347072 1.00000000
7 0 1
6664796.20302148 1.00000000
8 0 1
14358868.14156977 1.00000000
9 0 1
30935243.63333374 1.00000000
10 0 1
66647962.02725583 1.00000000
11 0 1
143588681.40932271 1.00000000
12 0 1
309352436.31960291 1.00000000
13 0 1
666479620.24296844 1.00000000

O-U- U- (13S) BASIS TYPE: 2
# (1S)-[1S]
13
1 0 1
1071.47780430 1.00000000
2 0 1
2308.42895114 1.00000000
3 0 1
4973.35941174 1.00000000
4 0 1
10714.77804249 1.00000000
5 0 1
23084.28951040 1.00000000
6 0 1
49733.59411520 1.00000000
7 0 1
107147.78042017 1.00000000
8 0 1
230842.89509372 1.00000000
9 0 1
497335.94112995 1.00000000
10 0 1
1071477.80415416 1.00000000
11 0 1
2308428.95083475 1.00000000
12 0 1
4973359.41107870 1.00000000
13 0 1
10714778.04106592 1.00000000

