O-MG_24 MG_24 (13S) BASIS TYPE: 2
# (1S)-[1S]
13
1 0 1
3673901.17666016 1.00000000
2 0 1
7915180.14262846 1.00000000
3 0 1
17052738.67687790 1.00000000
4 0 1
36739011.76497045 1.00000000
5 0 1
79151801.42277046 1.00000000
6 0 1
170527386.76120803 1.00000000
7 0 1
367390117.63339335 1.00000000
8 0 1
791518014.19256330 1.00000000
9 0 1
1705273867.53637075 1.00000000
10 0 1
3673901176.17082214 1.00000000
11 0 1
7915180141.57421970 1.00000000
12 0 1
17052738674.60661125 1.00000000
13 0 1
36739011760.07710266 1.00000000

O-U- U- (13S) BASIS TYPE: 2
# (1S)-[1S]
13
1 0 1
17336.92825547 1.00000000
2 0 1
37351.27965162 1.00000000
3 0 1
80470.89259735 1.00000000
4 0 1
173369.28254699 1.00000000
5 0 1
373512.79649965 1.00000000
6 0 1
804708.92593776 1.00000000
7 0 1
1733692.82539294 1.00000000
8 0 1
3735127.96483067 1.00000000
9 0 1
8047089.25902029 1.00000000
10 0 1
17336928.25315971 1.00000000
11 0 1
37351279.64664838 1.00000000
12 0 1
80470892.58663021 1.00000000
13 0 1
173369282.52389994 1.00000000

