O-HYDROGEN H_1 (NAKAI-7-SPD-MP2-EN) BASIS TYPE: 2
#
21
1 0 1
9.08126400 1.00000000
2 0 1
28.71495677 1.00000000
3 0 1
90.79669330 1.00000000
4 0 1
287.09914422 1.00000000
5 0 1
907.80749401 1.00000000
6 0 1
2870.48729606 1.00000000
7 0 1
9076.48083015 1.00000000
8 1 1
9.08126400 1.00000000
9 1 1
28.71495677 1.00000000
10 1 1
90.79669330 1.00000000
11 1 1
287.09914422 1.00000000
12 1 1
907.80749401 1.00000000
13 1 1
2870.48729606 1.00000000
14 1 1
9076.48083015 1.00000000
15 2 1
9.08126400 1.00000000
16 2 1
28.71495677 1.00000000
17 2 1
90.79669330 1.00000000
18 2 1
287.09914422 1.00000000
19 2 1
907.80749401 1.00000000
20 2 1
2870.48729606 1.00000000
21 2 1
9076.48083015 1.00000000

O-HYDROGEN H-A_1 (NAKAI-7-SPD-MP2-EN) BASIS TYPE: 2
#
21
1 0 1
9.08126400 1.00000000
2 0 1
28.71495677 1.00000000
3 0 1
90.79669330 1.00000000
4 0 1
287.09914422 1.00000000
5 0 1
907.80749401 1.00000000
6 0 1
2870.48729606 1.00000000
7 0 1
9076.48083015 1.00000000
8 1 1
9.08126400 1.00000000
9 1 1
28.71495677 1.00000000
10 1 1
90.79669330 1.00000000
11 1 1
287.09914422 1.00000000
12 1 1
907.80749401 1.00000000
13 1 1
2870.48729606 1.00000000
14 1 1
9076.48083015 1.00000000
15 2 1
9.08126400 1.00000000
16 2 1
28.71495677 1.00000000
17 2 1
90.79669330 1.00000000
18 2 1
287.09914422 1.00000000
19 2 1
907.80749401 1.00000000
20 2 1
2870.48729606 1.00000000
21 2 1
9076.48083015 1.00000000

O-HYDROGEN H-B_1 (NAKAI-7-SPD-MP2-EN) BASIS TYPE: 2
#
21
1 0 1
9.08126400 1.00000000
2 0 1
28.71495677 1.00000000
3 0 1
90.79669330 1.00000000
4 0 1
287.09914422 1.00000000
5 0 1
907.80749401 1.00000000
6 0 1
2870.48729606 1.00000000
7 0 1
9076.48083015 1.00000000
8 1 1
9.08126400 1.00000000
9 1 1
28.71495677 1.00000000
10 1 1
90.79669330 1.00000000
11 1 1
287.09914422 1.00000000
12 1 1
907.80749401 1.00000000
13 1 1
2870.48729606 1.00000000
14 1 1
9076.48083015 1.00000000
15 2 1
9.08126400 1.00000000
16 2 1
28.71495677 1.00000000
17 2 1
90.79669330 1.00000000
18 2 1
287.09914422 1.00000000
19 2 1
907.80749401 1.00000000
20 2 1
2870.48729606 1.00000000
21 2 1
9076.48083015 1.00000000
