O-O_16 O_16 (NAKAI-TRF-7SPD) BASIS TYPE: 2
# (1S)-[1S]
21
1 0 1
455.727262 1.000000 
2 0 1
1441.009389 1.000000 
3 0 1
4556.471786 1.000000 
4 0 1
14407.563935 1.000000 
5 0 1
45556.717425 1.000000 
6 0 1
144050.340297 1.000000 
7 0 1
455487.175949 1.000000 
8 1 1
455.727262 1.000000 
9 1 1
1441.009389 1.000000 
10 1 1
4556.471786 1.000000 
11 1 1
14407.563935 1.000000 
12 1 1
45556.717425 1.000000 
13 1 1
144050.340297 1.000000 
14 1 1
455487.175949 1.000000 
15 2 1
455.727262 1.000000 
16 2 1
1441.009389 1.000000 
17 2 1
4556.471786 1.000000 
18 2 1
14407.563935 1.000000 
19 2 1
45556.717425 1.000000 
20 2 1
144050.340297 1.000000 
21 2 1
455487.175949 1.000000 

