O-HYDROGEN H (CC-PVTZ) BASIS TYPE: 1
# (1S)-[1S]
8
1 0 1
33.87000000 1.00000000
2 0 1
5.09500000 1.00000000
3 0 1
1.15900000 1.00000000
4 0 1
0.32580000 1.00000000
5 0 1
0.10270000 1.00000000
6 1 1
1.40700000 1.00000000
7 1 1
0.38800000 1.00000000
8 2 1
1.05700000 1.00000000

O-HELIUM HE (CC-PVTZ) BASIS TYPE: 1
# (1S)-[1S]
9
1 0 1
234.00000000 1.00000000
2 0 1
35.16000000 1.00000000
3 0 1
7.98900000 1.00000000
4 0 1
2.21200000 1.00000000
5 0 1
0.66690000 1.00000000
6 0 1
0.20890000 1.00000000
7 1 1
3.04400000 1.00000000
8 1 1
0.75800000 1.00000000
9 2 1
1.96500000 1.00000000

O-LITHIUM LI (CC-PVTZ) BASIS TYPE: 1
# (1S)-[1S]
19
1 0 1
5988.00000000 1.00000000
2 0 1
898.90000000 1.00000000
3 0 1
205.90000000 1.00000000
4 0 1
59.24000000 1.00000000
5 0 1
19.87000000 1.00000000
6 0 1
7.40600000 1.00000000
7 0 1
2.93000000 1.00000000
8 0 1
1.18900000 1.00000000
9 0 1
0.47980000 1.00000000
10 0 1
0.07509000 1.00000000
11 0 1
0.02832000 1.00000000
12 1 1
3.26600000 1.00000000
13 1 1
0.65110000 1.00000000
14 1 1
0.16960000 1.00000000
15 1 1
0.05578000 1.00000000
16 1 1
0.02050000 1.00000000
17 2 1
0.18740000 1.00000000
18 2 1
0.08010000 1.00000000
19 3 1
0.18290000 1.00000000

O-BERYLLIUM BE (CC-PVTZ) BASIS TYPE: 1
# (1S)-[1S]
19
1 0 1
6863.00000000 1.00000000
2 0 1
1030.00000000 1.00000000
3 0 1
234.70000000 1.00000000
4 0 1
66.56000000 1.00000000
5 0 1
21.69000000 1.00000000
6 0 1
7.73400000 1.00000000
7 0 1
2.91600000 1.00000000
8 0 1
1.13000000 1.00000000
9 0 1
0.11010000 1.00000000
10 0 1
0.25770000 1.00000000
11 0 1
0.04409000 1.00000000
12 1 1
7.43600000 1.00000000
13 1 1
1.57700000 1.00000000
14 1 1
0.43520000 1.00000000
15 1 1
0.14380000 1.00000000
16 1 1
0.04994000 1.00000000
17 2 1
0.34800000 1.00000000
18 2 1
0.18030000 1.00000000
19 3 1
0.32500000 1.00000000

O-BORON B (CC-PVTZ) BASIS TYPE: 1
# (1S)-[1S]
18
1 0 1
5473.00000000 1.00000000
2 0 1
820.90000000 1.00000000
3 0 1
186.80000000 1.00000000
4 0 1
52.83000000 1.00000000
5 0 1
17.08000000 1.00000000
6 0 1
5.99900000 1.00000000
7 0 1
2.20800000 1.00000000
8 0 1
0.24150000 1.00000000
9 0 1
0.58790000 1.00000000
10 0 1
0.08610000 1.00000000
11 1 1
12.05000000 1.00000000
12 1 1
2.61300000 1.00000000
13 1 1
0.74750000 1.00000000
14 1 1
0.23850000 1.00000000
15 1 1
0.07698000 1.00000000
16 2 1
0.66100000 1.00000000
17 2 1
0.19900000 1.00000000
18 3 1
0.49000000 1.00000000

O-CARBON C (CC-PVTZ) BASIS TYPE: 1
# (1S)-[1S]
18
1 0 1
8236.00000000 1.00000000
2 0 1
1235.00000000 1.00000000
3 0 1
280.80000000 1.00000000
4 0 1
79.27000000 1.00000000
5 0 1
25.59000000 1.00000000
6 0 1
8.99700000 1.00000000
7 0 1
3.31900000 1.00000000
8 0 1
0.36430000 1.00000000
9 0 1
0.90590000 1.00000000
10 0 1
0.12850000 1.00000000
11 1 1
18.71000000 1.00000000
12 1 1
4.13300000 1.00000000
13 1 1
1.20000000 1.00000000
14 1 1
0.38270000 1.00000000
15 1 1
0.12090000 1.00000000
16 2 1
1.09700000 1.00000000
17 2 1
0.31800000 1.00000000
18 3 1
0.76100000 1.00000000

O-NITROGEN N (CC-PVTZ) BASIS TYPE: 1
# (1S)-[1S]
18
1 0 1
11420.00000000 1.00000000
2 0 1
1712.00000000 1.00000000
3 0 1
389.30000000 1.00000000
4 0 1
110.00000000 1.00000000
5 0 1
35.57000000 1.00000000
6 0 1
12.54000000 1.00000000
7 0 1
4.64400000 1.00000000
8 0 1
0.51180000 1.00000000
9 0 1
1.29300000 1.00000000
10 0 1
0.17870000 1.00000000
11 1 1
26.63000000 1.00000000
12 1 1
5.94800000 1.00000000
13 1 1
1.74200000 1.00000000
14 1 1
0.55500000 1.00000000
15 1 1
0.17250000 1.00000000
16 2 1
1.65400000 1.00000000
17 2 1
0.46900000 1.00000000
18 3 1
1.09300000 1.00000000

O-OXYGEN O (CC-PVTZ) BASIS TYPE: 1
# (1S)-[1S]
18
1 0 1
15330.00000000 1.00000000
2 0 1
2299.00000000 1.00000000
3 0 1
522.40000000 1.00000000
4 0 1
147.30000000 1.00000000
5 0 1
47.55000000 1.00000000
6 0 1
16.76000000 1.00000000
7 0 1
6.20700000 1.00000000
8 0 1
0.68820000 1.00000000
9 0 1
1.75200000 1.00000000
10 0 1
0.23840000 1.00000000
11 1 1
34.46000000 1.00000000
12 1 1
7.74900000 1.00000000
13 1 1
2.28000000 1.00000000
14 1 1
0.71560000 1.00000000
15 1 1
0.21400000 1.00000000
16 2 1
2.31400000 1.00000000
17 2 1
0.64500000 1.00000000
18 3 1
1.42800000 1.00000000

O-FLUORINE F (CC-PVTZ) BASIS TYPE: 1
# (1S)-[1S]
18
1 0 1
19500.00000000 1.00000000
2 0 1
2923.00000000 1.00000000
3 0 1
664.50000000 1.00000000
4 0 1
187.50000000 1.00000000
5 0 1
60.62000000 1.00000000
6 0 1
21.42000000 1.00000000
7 0 1
7.95000000 1.00000000
8 0 1
0.88150000 1.00000000
9 0 1
2.25700000 1.00000000
10 0 1
0.30410000 1.00000000
11 1 1
43.88000000 1.00000000
12 1 1
9.92600000 1.00000000
13 1 1
2.93000000 1.00000000
14 1 1
0.91320000 1.00000000
15 1 1
0.26720000 1.00000000
16 2 1
3.10700000 1.00000000
17 2 1
0.85500000 1.00000000
18 3 1
1.91700000 1.00000000

O-NEON NE (CC-PVTZ) BASIS TYPE: 1
# (1S)-[1S]
18
1 0 1
24350.00000000 1.00000000
2 0 1
3650.00000000 1.00000000
3 0 1
829.60000000 1.00000000
4 0 1
234.00000000 1.00000000
5 0 1
75.61000000 1.00000000
6 0 1
26.73000000 1.00000000
7 0 1
9.92700000 1.00000000
8 0 1
1.10200000 1.00000000
9 0 1
2.83600000 1.00000000
10 0 1
0.37820000 1.00000000
11 1 1
54.70000000 1.00000000
12 1 1
12.43000000 1.00000000
13 1 1
3.67900000 1.00000000
14 1 1
1.14300000 1.00000000
15 1 1
0.33000000 1.00000000
16 2 1
4.01400000 1.00000000
17 2 1
1.09600000 1.00000000
18 3 1
2.54400000 1.00000000

O-SODIUM NA (CC-PVTZ) BASIS TYPE: 1
# (1S)-[1S]
29
1 0 1
423000.00000000 1.00000000
2 0 1
63340.00000000 1.00000000
3 0 1
14410.00000000 1.00000000
4 0 1
4077.00000000 1.00000000
5 0 1
1328.00000000 1.00000000
6 0 1
478.60000000 1.00000000
7 0 1
186.20000000 1.00000000
8 0 1
76.92000000 1.00000000
9 0 1
33.32000000 1.00000000
10 0 1
15.00000000 1.00000000
11 0 1
6.86900000 1.00000000
12 0 1
2.68300000 1.00000000
13 0 1
1.10900000 1.00000000
14 0 1
0.06015000 1.00000000
15 0 1
0.45400000 1.00000000
16 0 1
0.02382000 1.00000000
17 1 1
243.30000000 1.00000000
18 1 1
57.39000000 1.00000000
19 1 1
18.10000000 1.00000000
20 1 1
6.57500000 1.00000000
21 1 1
2.52100000 1.00000000
22 1 1
0.96070000 1.00000000
23 1 1
0.35120000 1.00000000
24 1 1
0.09827000 1.00000000
25 1 1
0.03734000 1.00000000
26 1 1
0.01500000 1.00000000
27 2 1
0.13670000 1.00000000
28 2 1
0.06360000 1.00000000
29 3 1
0.13970000 1.00000000

O-MAGNESIUM MG (CC-PVTZ) BASIS TYPE: 1
# (1S)-[1S]
28
1 0 1
164900.00000000 1.00000000
2 0 1
24710.00000000 1.00000000
3 0 1
5628.00000000 1.00000000
4 0 1
1596.00000000 1.00000000
5 0 1
521.00000000 1.00000000
6 0 1
188.00000000 1.00000000
7 0 1
73.01000000 1.00000000
8 0 1
29.90000000 1.00000000
9 0 1
12.54000000 1.00000000
10 0 1
4.30600000 1.00000000
11 0 1
1.82600000 1.00000000
12 0 1
0.74170000 1.00000000
13 0 1
0.07612000 1.00000000
14 0 1
0.14570000 1.00000000
15 0 1
0.03310000 1.00000000
16 1 1
316.90000000 1.00000000
17 1 1
74.86000000 1.00000000
18 1 1
23.72000000 1.00000000
19 1 1
8.66900000 1.00000000
20 1 1
3.36300000 1.00000000
21 1 1
1.31000000 1.00000000
22 1 1
0.49110000 1.00000000
23 1 1
0.23640000 1.00000000
24 1 1
0.08733000 1.00000000
25 1 1
0.03237000 1.00000000
26 2 1
0.12600000 1.00000000
27 2 1
0.29400000 1.00000000
28 3 1
0.25200000 1.00000000

O-ALUMINIUM AL (CC-PVTZ) BASIS TYPE: 1
# (1S)-[1S]
28
1 0 1
205500.00000000 1.00000000
2 0 1
30780.00000000 1.00000000
3 0 1
7006.00000000 1.00000000
4 0 1
1985.00000000 1.00000000
5 0 1
649.10000000 1.00000000
6 0 1
235.00000000 1.00000000
7 0 1
91.62000000 1.00000000
8 0 1
37.67000000 1.00000000
9 0 1
15.91000000 1.00000000
10 0 1
5.85000000 1.00000000
11 0 1
2.54200000 1.00000000
12 0 1
1.05700000 1.00000000
13 0 1
0.14550000 1.00000000
14 0 1
0.29310000 1.00000000
15 0 1
0.05650000 1.00000000
16 1 1
444.40000000 1.00000000
17 1 1
105.10000000 1.00000000
18 1 1
33.47000000 1.00000000
19 1 1
12.33000000 1.00000000
20 1 1
4.86900000 1.00000000
21 1 1
1.96100000 1.00000000
22 1 1
0.18880000 1.00000000
23 1 1
0.78340000 1.00000000
24 1 1
0.05557000 1.00000000
25 2 1
0.33300000 1.00000000
26 2 1
0.11100000 1.00000000
27 3 1
0.24400000 1.00000000
28 2 1
1.57000000 1.00000000

O-SILICON SI (CC-PVTZ) BASIS TYPE: 1
# (1S)-[1S]
28
1 0 1
254900.00000000 1.00000000
2 0 1
38190.00000000 1.00000000
3 0 1
8690.00000000 1.00000000
4 0 1
2462.00000000 1.00000000
5 0 1
804.80000000 1.00000000
6 0 1
291.30000000 1.00000000
7 0 1
113.60000000 1.00000000
8 0 1
46.75000000 1.00000000
9 0 1
19.82000000 1.00000000
10 0 1
7.70800000 1.00000000
11 0 1
3.34000000 1.00000000
12 0 1
1.40200000 1.00000000
13 0 1
0.20700000 1.00000000
14 0 1
0.43870000 1.00000000
15 0 1
0.07944000 1.00000000
16 1 1
481.50000000 1.00000000
17 1 1
113.90000000 1.00000000
18 1 1
36.23000000 1.00000000
19 1 1
13.34000000 1.00000000
20 1 1
5.25200000 1.00000000
21 1 1
2.12000000 1.00000000
22 1 1
0.25280000 1.00000000
23 1 1
0.85610000 1.00000000
24 1 1
0.07889000 1.00000000
25 2 1
0.47600000 1.00000000
26 2 1
0.16000000 1.00000000
27 3 1
0.33600000 1.00000000
28 2 1
2.30300000 1.00000000

O-PHOSPHORUS P (CC-PVTZ) BASIS TYPE: 1
# (1S)-[1S]
28
1 0 1
312400.00000000 1.00000000
2 0 1
46800.00000000 1.00000000
3 0 1
10650.00000000 1.00000000
4 0 1
3018.00000000 1.00000000
5 0 1
986.80000000 1.00000000
6 0 1
357.40000000 1.00000000
7 0 1
139.60000000 1.00000000
8 0 1
57.63000000 1.00000000
9 0 1
24.60000000 1.00000000
10 0 1
10.12000000 1.00000000
11 0 1
4.28300000 1.00000000
12 0 1
1.80500000 1.00000000
13 0 1
0.27820000 1.00000000
14 0 1
0.61580000 1.00000000
15 0 1
0.10550000 1.00000000
16 1 1
504.90000000 1.00000000
17 1 1
119.40000000 1.00000000
18 1 1
37.96000000 1.00000000
19 1 1
13.95000000 1.00000000
20 1 1
5.45700000 1.00000000
21 1 1
2.17700000 1.00000000
22 1 1
0.28770000 1.00000000
23 1 1
0.80100000 1.00000000
24 1 1
0.09714000 1.00000000
25 2 1
0.64800000 1.00000000
26 2 1
0.21800000 1.00000000
27 3 1
0.45200000 1.00000000
28 2 1
3.12000000 1.00000000

O-SULFUR S (CC-PVTZ) BASIS TYPE: 1
# (1S)-[1S]
28
1 0 1
374100.00000000 1.00000000
2 0 1
56050.00000000 1.00000000
3 0 1
12760.00000000 1.00000000
4 0 1
3615.00000000 1.00000000
5 0 1
1183.00000000 1.00000000
6 0 1
428.80000000 1.00000000
7 0 1
167.80000000 1.00000000
8 0 1
69.47000000 1.00000000
9 0 1
29.84000000 1.00000000
10 0 1
12.72000000 1.00000000
11 0 1
5.24400000 1.00000000
12 0 1
2.21900000 1.00000000
13 0 1
0.34900000 1.00000000
14 0 1
0.77670000 1.00000000
15 0 1
0.13220000 1.00000000
16 1 1
574.40000000 1.00000000
17 1 1
135.80000000 1.00000000
18 1 1
43.19000000 1.00000000
19 1 1
15.87000000 1.00000000
20 1 1
6.20800000 1.00000000
21 1 1
2.48300000 1.00000000
22 1 1
0.32290000 1.00000000
23 1 1
0.86880000 1.00000000
24 1 1
0.10980000 1.00000000
25 2 1
0.81200000 1.00000000
26 2 1
0.27300000 1.00000000
27 3 1
0.55700000 1.00000000
28 2 1
3.75600000 1.00000000

O-CHLORINE CL (CC-PVTZ) BASIS TYPE: 1
# (1S)-[1S]
28
1 0 1
456100.00000000 1.00000000
2 0 1
68330.00000000 1.00000000
3 0 1
15550.00000000 1.00000000
4 0 1
4405.00000000 1.00000000
5 0 1
1439.00000000 1.00000000
6 0 1
520.40000000 1.00000000
7 0 1
203.10000000 1.00000000
8 0 1
83.96000000 1.00000000
9 0 1
36.20000000 1.00000000
10 0 1
15.83000000 1.00000000
11 0 1
6.33400000 1.00000000
12 0 1
2.69400000 1.00000000
13 0 1
0.43130000 1.00000000
14 0 1
0.97680000 1.00000000
15 0 1
0.16250000 1.00000000
16 1 1
663.30000000 1.00000000
17 1 1
156.80000000 1.00000000
18 1 1
49.98000000 1.00000000
19 1 1
18.42000000 1.00000000
20 1 1
7.24000000 1.00000000
21 1 1
2.92200000 1.00000000
22 1 1
0.38180000 1.00000000
23 1 1
1.02200000 1.00000000
24 1 1
0.13010000 1.00000000
25 2 1
1.01100000 1.00000000
26 2 1
0.33900000 1.00000000
27 3 1
0.70600000 1.00000000
28 2 1
4.61000000 1.00000000

O-ARGON AR (CC-PVTZ) BASIS TYPE: 1
# (1S)-[1S]
28
1 0 1
545000.00000000 1.00000000
2 0 1
81640.00000000 1.00000000
3 0 1
18580.00000000 1.00000000
4 0 1
5261.00000000 1.00000000
5 0 1
1717.00000000 1.00000000
6 0 1
619.90000000 1.00000000
7 0 1
241.60000000 1.00000000
8 0 1
99.79000000 1.00000000
9 0 1
43.15000000 1.00000000
10 0 1
19.14000000 1.00000000
11 0 1
7.48800000 1.00000000
12 0 1
3.20500000 1.00000000
13 0 1
0.52040000 1.00000000
14 0 1
1.19600000 1.00000000
15 0 1
0.19540000 1.00000000
16 1 1
761.80000000 1.00000000
17 1 1
180.20000000 1.00000000
18 1 1
57.50000000 1.00000000
19 1 1
21.24000000 1.00000000
20 1 1
8.38800000 1.00000000
21 1 1
3.41600000 1.00000000
22 1 1
0.45230000 1.00000000
23 1 1
1.20600000 1.00000000
24 1 1
0.15450000 1.00000000
25 2 1
1.23500000 1.00000000
26 2 1
0.41200000 1.00000000
27 3 1
0.89000000 1.00000000
28 2 1
5.55100000 1.00000000

