O-HYDROGEN_1 H_1 (NAKAI-3-SPD) BASIS TYPE: 2
# (1S)-[1S]
9
1 0 1
4.21590000 1.00000000
2 0 1
13.33200000 1.00000000
3 0 1
42.15900000 1.00000000
4 1 1
4.21590000 1.00000000
5 1 1
13.33200000 1.00000000
6 1 1
42.15900000 1.00000000
7 2 1
4.21590000 1.00000000
8 2 1
13.33200000 1.00000000
9 2 1
42.15900000 1.00000000

O-HYDROGEN_1 H-A_1 (NAKAI-3-SPD) BASIS TYPE: 2
# (1S)-[1S]
9
1 0 1
4.21590000 1.00000000
2 0 1
13.33200000 1.00000000
3 0 1
42.15900000 1.00000000
4 1 1
4.21590000 1.00000000
5 1 1
13.33200000 1.00000000
6 1 1
42.15900000 1.00000000
7 2 1
4.21590000 1.00000000
8 2 1
13.33200000 1.00000000
9 2 1
42.15900000 1.00000000

O-HYDROGEN_1 H-B_1 (NAKAI-3-SPD) BASIS TYPE: 2
# (1S)-[1S]
9
1 0 1
4.21590000 1.00000000
2 0 1
13.33200000 1.00000000
3 0 1
42.15900000 1.00000000
4 1 1
4.21590000 1.00000000
5 1 1
13.33200000 1.00000000
6 1 1
42.15900000 1.00000000
7 2 1
4.21590000 1.00000000
8 2 1
13.33200000 1.00000000
9 2 1
42.15900000 1.00000000

O-HYDROGEN_1 H-C_1 (NAKAI-3-SPD) BASIS TYPE: 2
# (1S)-[1S]
9
1 0 1
4.21590000 1.00000000
2 0 1
13.33200000 1.00000000
3 0 1
42.15900000 1.00000000
4 1 1
4.21590000 1.00000000
5 1 1
13.33200000 1.00000000
6 1 1
42.15900000 1.00000000
7 2 1
4.21590000 1.00000000
8 2 1
13.33200000 1.00000000
9 2 1
42.15900000 1.00000000

O-HYDROGEN_1 H-D_1 (NAKAI-3-SPD) BASIS TYPE: 2
# (1S)-[1S]
9
1 0 1
4.21590000 1.00000000
2 0 1
13.33200000 1.00000000
3 0 1
42.15900000 1.00000000
4 1 1
4.21590000 1.00000000
5 1 1
13.33200000 1.00000000
6 1 1
42.15900000 1.00000000
7 2 1
4.21590000 1.00000000
8 2 1
13.33200000 1.00000000
9 2 1
42.15900000 1.00000000

O-HYDROGEN_1 H-E_1 (NAKAI-3-SPD) BASIS TYPE: 2
# (1S)-[1S]
9
1 0 1
4.21590000 1.00000000
2 0 1
13.33200000 1.00000000
3 0 1
42.15900000 1.00000000
4 1 1
4.21590000 1.00000000
5 1 1
13.33200000 1.00000000
6 1 1
42.15900000 1.00000000
7 2 1
4.21590000 1.00000000
8 2 1
13.33200000 1.00000000
9 2 1
42.15900000 1.00000000

O-HYDROGEN_1 H-F_1 (NAKAI-3-SPD) BASIS TYPE: 2
# (1S)-[1S]
9
1 0 1
4.21590000 1.00000000
2 0 1
13.33200000 1.00000000
3 0 1
42.15900000 1.00000000
4 1 1
4.21590000 1.00000000
5 1 1
13.33200000 1.00000000
6 1 1
42.15900000 1.00000000
7 2 1
4.21590000 1.00000000
8 2 1
13.33200000 1.00000000
9 2 1
42.15900000 1.00000000

O-HYDROGEN_1 H-H_1 (NAKAI-3-SPD) BASIS TYPE: 2
# (1S)-[1S]
9
1 0 1
4.21590000 1.00000000
2 0 1
13.33200000 1.00000000
3 0 1
42.15900000 1.00000000
4 1 1
4.21590000 1.00000000
5 1 1
13.33200000 1.00000000
6 1 1
42.15900000 1.00000000
7 2 1
4.21590000 1.00000000
8 2 1
13.33200000 1.00000000
9 2 1
42.15900000 1.00000000

O-HYDROGEN_1 H-I_1 (NAKAI-3-SPD) BASIS TYPE: 2
# (1S)-[1S]
9
1 0 1
4.21590000 1.00000000
2 0 1
13.33200000 1.00000000
3 0 1
42.15900000 1.00000000
4 1 1
4.21590000 1.00000000
5 1 1
13.33200000 1.00000000
6 1 1
42.15900000 1.00000000
7 2 1
4.21590000 1.00000000
8 2 1
13.33200000 1.00000000
9 2 1
42.15900000 1.00000000

O-HYDROGEN_1 H-J_1 (NAKAI-3-SPD) BASIS TYPE: 2
# (1S)-[1S]
9
1 0 1
4.21590000 1.00000000
2 0 1
13.33200000 1.00000000
3 0 1
42.15900000 1.00000000
4 1 1
4.21590000 1.00000000
5 1 1
13.33200000 1.00000000
6 1 1
42.15900000 1.00000000
7 2 1
4.21590000 1.00000000
8 2 1
13.33200000 1.00000000
9 2 1
42.15900000 1.00000000

O-HYDROGEN_1 H-K_1 (NAKAI-3-SPD) BASIS TYPE: 2
# (1S)-[1S]
9
1 0 1
4.21590000 1.00000000
2 0 1
13.33200000 1.00000000
3 0 1
42.15900000 1.00000000
4 1 1
4.21590000 1.00000000
5 1 1
13.33200000 1.00000000
6 1 1
42.15900000 1.00000000
7 2 1
4.21590000 1.00000000
8 2 1
13.33200000 1.00000000
9 2 1
42.15900000 1.00000000

O-HYDROGEN_1 H-L_1 (NAKAI-3-SPD) BASIS TYPE: 2
# (1S)-[1S]
9
1 0 1
4.21590000 1.00000000
2 0 1
13.33200000 1.00000000
3 0 1
42.15900000 1.00000000
4 1 1
4.21590000 1.00000000
5 1 1
13.33200000 1.00000000
6 1 1
42.15900000 1.00000000
7 2 1
4.21590000 1.00000000
8 2 1
13.33200000 1.00000000
9 2 1
42.15900000 1.00000000

O-HYDROGEN_1 H-M_1 (NAKAI-3-SPD) BASIS TYPE: 2
# (1S)-[1S]
9
1 0 1
4.21590000 1.00000000
2 0 1
13.33200000 1.00000000
3 0 1
42.15900000 1.00000000
4 1 1
4.21590000 1.00000000
5 1 1
13.33200000 1.00000000
6 1 1
42.15900000 1.00000000
7 2 1
4.21590000 1.00000000
8 2 1
13.33200000 1.00000000
9 2 1
42.15900000 1.00000000

O-HYDROGEN_1 H-N_1 (NAKAI-3-SPD) BASIS TYPE: 2
# (1S)-[1S]
9
1 0 1
4.21590000 1.00000000
2 0 1
13.33200000 1.00000000
3 0 1
42.15900000 1.00000000
4 1 1
4.21590000 1.00000000
5 1 1
13.33200000 1.00000000
6 1 1
42.15900000 1.00000000
7 2 1
4.21590000 1.00000000
8 2 1
13.33200000 1.00000000
9 2 1
42.15900000 1.00000000

O-HYDROGEN_1 H-O_1 (NAKAI-3-SPD) BASIS TYPE: 2
# (1S)-[1S]
9
1 0 1
4.21590000 1.00000000
2 0 1
13.33200000 1.00000000
3 0 1
42.15900000 1.00000000
4 1 1
4.21590000 1.00000000
5 1 1
13.33200000 1.00000000
6 1 1
42.15900000 1.00000000
7 2 1
4.21590000 1.00000000
8 2 1
13.33200000 1.00000000
9 2 1
42.15900000 1.00000000

O-HYDROGEN_1 H-P_1 (NAKAI-3-SPD) BASIS TYPE: 2
# (1S)-[1S]
9
1 0 1
4.21590000 1.00000000
2 0 1
13.33200000 1.00000000
3 0 1
42.15900000 1.00000000
4 1 1
4.21590000 1.00000000
5 1 1
13.33200000 1.00000000
6 1 1
42.15900000 1.00000000
7 2 1
4.21590000 1.00000000
8 2 1
13.33200000 1.00000000
9 2 1
42.15900000 1.00000000

O-HYDROGEN_1 H-Q_1 (NAKAI-3-SPD) BASIS TYPE: 2
# (1S)-[1S]
9
1 0 1
4.21590000 1.00000000
2 0 1
13.33200000 1.00000000
3 0 1
42.15900000 1.00000000
4 1 1
4.21590000 1.00000000
5 1 1
13.33200000 1.00000000
6 1 1
42.15900000 1.00000000
7 2 1
4.21590000 1.00000000
8 2 1
13.33200000 1.00000000
9 2 1
42.15900000 1.00000000

O-HYDROGEN_1 H-R_1 (NAKAI-3-SPD) BASIS TYPE: 2
# (1S)-[1S]
9
1 0 1
4.21590000 1.00000000
2 0 1
13.33200000 1.00000000
3 0 1
42.15900000 1.00000000
4 1 1
4.21590000 1.00000000
5 1 1
13.33200000 1.00000000
6 1 1
42.15900000 1.00000000
7 2 1
4.21590000 1.00000000
8 2 1
13.33200000 1.00000000
9 2 1
42.15900000 1.00000000

O-HYDROGEN_1 H-S_1 (NAKAI-3-SPD) BASIS TYPE: 2
# (1S)-[1S]
9
1 0 1
4.21590000 1.00000000
2 0 1
13.33200000 1.00000000
3 0 1
42.15900000 1.00000000
4 1 1
4.21590000 1.00000000
5 1 1
13.33200000 1.00000000
6 1 1
42.15900000 1.00000000
7 2 1
4.21590000 1.00000000
8 2 1
13.33200000 1.00000000
9 2 1
42.15900000 1.00000000

O-HYDROGEN_1 H-T_1 (NAKAI-3-SPD) BASIS TYPE: 2
# (1S)-[1S]
9
1 0 1
4.21590000 1.00000000
2 0 1
13.33200000 1.00000000
3 0 1
42.15900000 1.00000000
4 1 1
4.21590000 1.00000000
5 1 1
13.33200000 1.00000000
6 1 1
42.15900000 1.00000000
7 2 1
4.21590000 1.00000000
8 2 1
13.33200000 1.00000000
9 2 1
42.15900000 1.00000000

O-HYDROGEN_1 H-U_1 (NAKAI-3-SPD) BASIS TYPE: 2
# (1S)-[1S]
9
1 0 1
4.21590000 1.00000000
2 0 1
13.33200000 1.00000000
3 0 1
42.15900000 1.00000000
4 1 1
4.21590000 1.00000000
5 1 1
13.33200000 1.00000000
6 1 1
42.15900000 1.00000000
7 2 1
4.21590000 1.00000000
8 2 1
13.33200000 1.00000000
9 2 1
42.15900000 1.00000000

O-HYDROGEN_1 H-V_1 (NAKAI-3-SPD) BASIS TYPE: 2
# (1S)-[1S]
9
1 0 1
4.21590000 1.00000000
2 0 1
13.33200000 1.00000000
3 0 1
42.15900000 1.00000000
4 1 1
4.21590000 1.00000000
5 1 1
13.33200000 1.00000000
6 1 1
42.15900000 1.00000000
7 2 1
4.21590000 1.00000000
8 2 1
13.33200000 1.00000000
9 2 1
42.15900000 1.00000000

O-HYDROGEN_1 H-W_1 (NAKAI-3-SPD) BASIS TYPE: 2
# (1S)-[1S]
9
1 0 1
4.21590000 1.00000000
2 0 1
13.33200000 1.00000000
3 0 1
42.15900000 1.00000000
4 1 1
4.21590000 1.00000000
5 1 1
13.33200000 1.00000000
6 1 1
42.15900000 1.00000000
7 2 1
4.21590000 1.00000000
8 2 1
13.33200000 1.00000000
9 2 1
42.15900000 1.00000000

O-HYDROGEN_1 H-X_1 (NAKAI-3-SPD) BASIS TYPE: 2
# (1S)-[1S]
9
1 0 1
4.21590000 1.00000000
2 0 1
13.33200000 1.00000000
3 0 1
42.15900000 1.00000000
4 1 1
4.21590000 1.00000000
5 1 1
13.33200000 1.00000000
6 1 1
42.15900000 1.00000000
7 2 1
4.21590000 1.00000000
8 2 1
13.33200000 1.00000000
9 2 1
42.15900000 1.00000000

O-HYDROGEN_1 H-Y_1 (NAKAI-3-SPD) BASIS TYPE: 2
# (1S)-[1S]
9
1 0 1
4.21590000 1.00000000
2 0 1
13.33200000 1.00000000
3 0 1
42.15900000 1.00000000
4 1 1
4.21590000 1.00000000
5 1 1
13.33200000 1.00000000
6 1 1
42.15900000 1.00000000
7 2 1
4.21590000 1.00000000
8 2 1
13.33200000 1.00000000
9 2 1
42.15900000 1.00000000

O-HYDROGEN_1 H-Z_1 (NAKAI-3-SPD) BASIS TYPE: 2
# (1S)-[1S]
9
1 0 1
4.21590000 1.00000000
2 0 1
13.33200000 1.00000000
3 0 1
42.15900000 1.00000000
4 1 1
4.21590000 1.00000000
5 1 1
13.33200000 1.00000000
6 1 1
42.15900000 1.00000000
7 2 1
4.21590000 1.00000000
8 2 1
13.33200000 1.00000000
9 2 1
42.15900000 1.00000000

O-HYDROGEN_1 H-AA_1 (NAKAI-3-SPD) BASIS TYPE: 2
# (1S)-[1S]
9
1 0 1
4.21590000 1.00000000
2 0 1
13.33200000 1.00000000
3 0 1
42.15900000 1.00000000
4 1 1
4.21590000 1.00000000
5 1 1
13.33200000 1.00000000
6 1 1
42.15900000 1.00000000
7 2 1
4.21590000 1.00000000
8 2 1
13.33200000 1.00000000
9 2 1
42.15900000 1.00000000

O-HYDROGEN_1 H-AB_1 (NAKAI-3-SPD) BASIS TYPE: 2
# (1S)-[1S]
9
1 0 1
4.21590000 1.00000000
2 0 1
13.33200000 1.00000000
3 0 1
42.15900000 1.00000000
4 1 1
4.21590000 1.00000000
5 1 1
13.33200000 1.00000000
6 1 1
42.15900000 1.00000000
7 2 1
4.21590000 1.00000000
8 2 1
13.33200000 1.00000000
9 2 1
42.15900000 1.00000000

O-HYDROGEN_1 H-AC_1 (NAKAI-3-SPD) BASIS TYPE: 2
# (1S)-[1S]
9
1 0 1
4.21590000 1.00000000
2 0 1
13.33200000 1.00000000
3 0 1
42.15900000 1.00000000
4 1 1
4.21590000 1.00000000
5 1 1
13.33200000 1.00000000
6 1 1
42.15900000 1.00000000
7 2 1
4.21590000 1.00000000
8 2 1
13.33200000 1.00000000
9 2 1
42.15900000 1.00000000

O-HYDROGEN_1 H-AD_1 (NAKAI-3-SPD) BASIS TYPE: 2
# (1S)-[1S]
9
1 0 1
4.21590000 1.00000000
2 0 1
13.33200000 1.00000000
3 0 1
42.15900000 1.00000000
4 1 1
4.21590000 1.00000000
5 1 1
13.33200000 1.00000000
6 1 1
42.15900000 1.00000000
7 2 1
4.21590000 1.00000000
8 2 1
13.33200000 1.00000000
9 2 1
42.15900000 1.00000000

O-HYDROGEN_1 H-AE_1 (NAKAI-3-SPD) BASIS TYPE: 2
# (1S)-[1S]
9
1 0 1
4.21590000 1.00000000
2 0 1
13.33200000 1.00000000
3 0 1
42.15900000 1.00000000
4 1 1
4.21590000 1.00000000
5 1 1
13.33200000 1.00000000
6 1 1
42.15900000 1.00000000
7 2 1
4.21590000 1.00000000
8 2 1
13.33200000 1.00000000
9 2 1
42.15900000 1.00000000

O-HYDROGEN_1 H-AF_1 (NAKAI-3-SPD) BASIS TYPE: 2
# (1S)-[1S]
9
1 0 1
4.21590000 1.00000000
2 0 1
13.33200000 1.00000000
3 0 1
42.15900000 1.00000000
4 1 1
4.21590000 1.00000000
5 1 1
13.33200000 1.00000000
6 1 1
42.15900000 1.00000000
7 2 1
4.21590000 1.00000000
8 2 1
13.33200000 1.00000000
9 2 1
42.15900000 1.00000000

O-HYDROGEN_1 H-AG_1 (NAKAI-3-SPD) BASIS TYPE: 2
# (1S)-[1S]
9
1 0 1
4.21590000 1.00000000
2 0 1
13.33200000 1.00000000
3 0 1
42.15900000 1.00000000
4 1 1
4.21590000 1.00000000
5 1 1
13.33200000 1.00000000
6 1 1
42.15900000 1.00000000
7 2 1
4.21590000 1.00000000
8 2 1
13.33200000 1.00000000
9 2 1
42.15900000 1.00000000

O-HYDROGEN_1 H-AH_1 (NAKAI-3-SPD) BASIS TYPE: 2
# (1S)-[1S]
9
1 0 1
4.21590000 1.00000000
2 0 1
13.33200000 1.00000000
3 0 1
42.15900000 1.00000000
4 1 1
4.21590000 1.00000000
5 1 1
13.33200000 1.00000000
6 1 1
42.15900000 1.00000000
7 2 1
4.21590000 1.00000000
8 2 1
13.33200000 1.00000000
9 2 1
42.15900000 1.00000000

O-HYDROGEN_1 H-AI_1 (NAKAI-3-SPD) BASIS TYPE: 2
# (1S)-[1S]
9
1 0 1
4.21590000 1.00000000
2 0 1
13.33200000 1.00000000
3 0 1
42.15900000 1.00000000
4 1 1
4.21590000 1.00000000
5 1 1
13.33200000 1.00000000
6 1 1
42.15900000 1.00000000
7 2 1
4.21590000 1.00000000
8 2 1
13.33200000 1.00000000
9 2 1
42.15900000 1.00000000

O-HYDROGEN_1 H-AJ_1 (NAKAI-3-SPD) BASIS TYPE: 2
# (1S)-[1S]
9
1 0 1
4.21590000 1.00000000
2 0 1
13.33200000 1.00000000
3 0 1
42.15900000 1.00000000
4 1 1
4.21590000 1.00000000
5 1 1
13.33200000 1.00000000
6 1 1
42.15900000 1.00000000
7 2 1
4.21590000 1.00000000
8 2 1
13.33200000 1.00000000
9 2 1
42.15900000 1.00000000

O-HYDROGEN_1 H-AK_1 (NAKAI-3-SPD) BASIS TYPE: 2
# (1S)-[1S]
9
1 0 1
4.21590000 1.00000000
2 0 1
13.33200000 1.00000000
3 0 1
42.15900000 1.00000000
4 1 1
4.21590000 1.00000000
5 1 1
13.33200000 1.00000000
6 1 1
42.15900000 1.00000000
7 2 1
4.21590000 1.00000000
8 2 1
13.33200000 1.00000000
9 2 1
42.15900000 1.00000000

O-HYDROGEN_1 H-AL_1 (NAKAI-3-SPD) BASIS TYPE: 2
# (1S)-[1S]
9
1 0 1
4.21590000 1.00000000
2 0 1
13.33200000 1.00000000
3 0 1
42.15900000 1.00000000
4 1 1
4.21590000 1.00000000
5 1 1
13.33200000 1.00000000
6 1 1
42.15900000 1.00000000
7 2 1
4.21590000 1.00000000
8 2 1
13.33200000 1.00000000
9 2 1
42.15900000 1.00000000

O-HYDROGEN_1 H-AM_1 (NAKAI-3-SPD) BASIS TYPE: 2
# (1S)-[1S]
9
1 0 1
4.21590000 1.00000000
2 0 1
13.33200000 1.00000000
3 0 1
42.15900000 1.00000000
4 1 1
4.21590000 1.00000000
5 1 1
13.33200000 1.00000000
6 1 1
42.15900000 1.00000000
7 2 1
4.21590000 1.00000000
8 2 1
13.33200000 1.00000000
9 2 1
42.15900000 1.00000000

O-HYDROGEN_1 H-AN_1 (NAKAI-3-SPD) BASIS TYPE: 2
# (1S)-[1S]
9
1 0 1
4.21590000 1.00000000
2 0 1
13.33200000 1.00000000
3 0 1
42.15900000 1.00000000
4 1 1
4.21590000 1.00000000
5 1 1
13.33200000 1.00000000
6 1 1
42.15900000 1.00000000
7 2 1
4.21590000 1.00000000
8 2 1
13.33200000 1.00000000
9 2 1
42.15900000 1.00000000

O-HYDROGEN_1 H-AO_1 (NAKAI-3-SPD) BASIS TYPE: 2
# (1S)-[1S]
9
1 0 1
4.21590000 1.00000000
2 0 1
13.33200000 1.00000000
3 0 1
42.15900000 1.00000000
4 1 1
4.21590000 1.00000000
5 1 1
13.33200000 1.00000000
6 1 1
42.15900000 1.00000000
7 2 1
4.21590000 1.00000000
8 2 1
13.33200000 1.00000000
9 2 1
42.15900000 1.00000000

O-HYDROGEN_1 H-AP_1 (NAKAI-3-SPD) BASIS TYPE: 2
# (1S)-[1S]
9
1 0 1
4.21590000 1.00000000
2 0 1
13.33200000 1.00000000
3 0 1
42.15900000 1.00000000
4 1 1
4.21590000 1.00000000
5 1 1
13.33200000 1.00000000
6 1 1
42.15900000 1.00000000
7 2 1
4.21590000 1.00000000
8 2 1
13.33200000 1.00000000
9 2 1
42.15900000 1.00000000

O-HYDROGEN_1 H-AQ_1 (NAKAI-3-SPD) BASIS TYPE: 2
# (1S)-[1S]
9
1 0 1
4.21590000 1.00000000
2 0 1
13.33200000 1.00000000
3 0 1
42.15900000 1.00000000
4 1 1
4.21590000 1.00000000
5 1 1
13.33200000 1.00000000
6 1 1
42.15900000 1.00000000
7 2 1
4.21590000 1.00000000
8 2 1
13.33200000 1.00000000
9 2 1
42.15900000 1.00000000

O-HYDROGEN_1 H-AR_1 (NAKAI-3-SPD) BASIS TYPE: 2
# (1S)-[1S]
9
1 0 1
4.21590000 1.00000000
2 0 1
13.33200000 1.00000000
3 0 1
42.15900000 1.00000000
4 1 1
4.21590000 1.00000000
5 1 1
13.33200000 1.00000000
6 1 1
42.15900000 1.00000000
7 2 1
4.21590000 1.00000000
8 2 1
13.33200000 1.00000000
9 2 1
42.15900000 1.00000000

O-HYDROGEN_1 H-AS_1 (NAKAI-3-SPD) BASIS TYPE: 2
# (1S)-[1S]
9
1 0 1
4.21590000 1.00000000
2 0 1
13.33200000 1.00000000
3 0 1
42.15900000 1.00000000
4 1 1
4.21590000 1.00000000
5 1 1
13.33200000 1.00000000
6 1 1
42.15900000 1.00000000
7 2 1
4.21590000 1.00000000
8 2 1
13.33200000 1.00000000
9 2 1
42.15900000 1.00000000

O-HYDROGEN_1 H-AT_1 (NAKAI-3-SPD) BASIS TYPE: 2
# (1S)-[1S]
9
1 0 1
4.21590000 1.00000000
2 0 1
13.33200000 1.00000000
3 0 1
42.15900000 1.00000000
4 1 1
4.21590000 1.00000000
5 1 1
13.33200000 1.00000000
6 1 1
42.15900000 1.00000000
7 2 1
4.21590000 1.00000000
8 2 1
13.33200000 1.00000000
9 2 1
42.15900000 1.00000000

O-HYDROGEN_1 H-AU_1 (NAKAI-3-SPD) BASIS TYPE: 2
# (1S)-[1S]
9
1 0 1
4.21590000 1.00000000
2 0 1
13.33200000 1.00000000
3 0 1
42.15900000 1.00000000
4 1 1
4.21590000 1.00000000
5 1 1
13.33200000 1.00000000
6 1 1
42.15900000 1.00000000
7 2 1
4.21590000 1.00000000
8 2 1
13.33200000 1.00000000
9 2 1
42.15900000 1.00000000

O-HYDROGEN_1 H-AV_1 (NAKAI-3-SPD) BASIS TYPE: 2
# (1S)-[1S]
9
1 0 1
4.21590000 1.00000000
2 0 1
13.33200000 1.00000000
3 0 1
42.15900000 1.00000000
4 1 1
4.21590000 1.00000000
5 1 1
13.33200000 1.00000000
6 1 1
42.15900000 1.00000000
7 2 1
4.21590000 1.00000000
8 2 1
13.33200000 1.00000000
9 2 1
42.15900000 1.00000000

O-HYDROGEN_1 H-AW_1 (NAKAI-3-SPD) BASIS TYPE: 2
# (1S)-[1S]
9
1 0 1
4.21590000 1.00000000
2 0 1
13.33200000 1.00000000
3 0 1
42.15900000 1.00000000
4 1 1
4.21590000 1.00000000
5 1 1
13.33200000 1.00000000
6 1 1
42.15900000 1.00000000
7 2 1
4.21590000 1.00000000
8 2 1
13.33200000 1.00000000
9 2 1
42.15900000 1.00000000

O-HYDROGEN_1 H-AX_1 (NAKAI-3-SPD) BASIS TYPE: 2
# (1S)-[1S]
9
1 0 1
4.21590000 1.00000000
2 0 1
13.33200000 1.00000000
3 0 1
42.15900000 1.00000000
4 1 1
4.21590000 1.00000000
5 1 1
13.33200000 1.00000000
6 1 1
42.15900000 1.00000000
7 2 1
4.21590000 1.00000000
8 2 1
13.33200000 1.00000000
9 2 1
42.15900000 1.00000000

O-HYDROGEN_1 H-AY_1 (NAKAI-3-SPD) BASIS TYPE: 2
# (1S)-[1S]
9
1 0 1
4.21590000 1.00000000
2 0 1
13.33200000 1.00000000
3 0 1
42.15900000 1.00000000
4 1 1
4.21590000 1.00000000
5 1 1
13.33200000 1.00000000
6 1 1
42.15900000 1.00000000
7 2 1
4.21590000 1.00000000
8 2 1
13.33200000 1.00000000
9 2 1
42.15900000 1.00000000

O-HYDROGEN_1 H-AZ_1 (NAKAI-3-SPD) BASIS TYPE: 2
# (1S)-[1S]
9
1 0 1
4.21590000 1.00000000
2 0 1
13.33200000 1.00000000
3 0 1
42.15900000 1.00000000
4 1 1
4.21590000 1.00000000
5 1 1
13.33200000 1.00000000
6 1 1
42.15900000 1.00000000
7 2 1
4.21590000 1.00000000
8 2 1
13.33200000 1.00000000
9 2 1
42.15900000 1.00000000

O-HYDROGEN_1 H-BA_1 (NAKAI-3-SPD) BASIS TYPE: 2
# (1S)-[1S]
9
1 0 1
4.21590000 1.00000000
2 0 1
13.33200000 1.00000000
3 0 1
42.15900000 1.00000000
4 1 1
4.21590000 1.00000000
5 1 1
13.33200000 1.00000000
6 1 1
42.15900000 1.00000000
7 2 1
4.21590000 1.00000000
8 2 1
13.33200000 1.00000000
9 2 1
42.15900000 1.00000000

O-HYDROGEN_1 H-BB_1 (NAKAI-3-SPD) BASIS TYPE: 2
# (1S)-[1S]
9
1 0 1
4.21590000 1.00000000
2 0 1
13.33200000 1.00000000
3 0 1
42.15900000 1.00000000
4 1 1
4.21590000 1.00000000
5 1 1
13.33200000 1.00000000
6 1 1
42.15900000 1.00000000
7 2 1
4.21590000 1.00000000
8 2 1
13.33200000 1.00000000
9 2 1
42.15900000 1.00000000

O-HYDROGEN_1 H-BC_1 (NAKAI-3-SPD) BASIS TYPE: 2
# (1S)-[1S]
9
1 0 1
4.21590000 1.00000000
2 0 1
13.33200000 1.00000000
3 0 1
42.15900000 1.00000000
4 1 1
4.21590000 1.00000000
5 1 1
13.33200000 1.00000000
6 1 1
42.15900000 1.00000000
7 2 1
4.21590000 1.00000000
8 2 1
13.33200000 1.00000000
9 2 1
42.15900000 1.00000000

O-HYDROGEN_1 H-BD_1 (NAKAI-3-SPD) BASIS TYPE: 2
# (1S)-[1S]
9
1 0 1
4.21590000 1.00000000
2 0 1
13.33200000 1.00000000
3 0 1
42.15900000 1.00000000
4 1 1
4.21590000 1.00000000
5 1 1
13.33200000 1.00000000
6 1 1
42.15900000 1.00000000
7 2 1
4.21590000 1.00000000
8 2 1
13.33200000 1.00000000
9 2 1
42.15900000 1.00000000

O-HYDROGEN_1 H-BE_1 (NAKAI-3-SPD) BASIS TYPE: 2
# (1S)-[1S]
9
1 0 1
4.21590000 1.00000000
2 0 1
13.33200000 1.00000000
3 0 1
42.15900000 1.00000000
4 1 1
4.21590000 1.00000000
5 1 1
13.33200000 1.00000000
6 1 1
42.15900000 1.00000000
7 2 1
4.21590000 1.00000000
8 2 1
13.33200000 1.00000000
9 2 1
42.15900000 1.00000000

O-HYDROGEN_1 H-BF_1 (NAKAI-3-SPD) BASIS TYPE: 2
# (1S)-[1S]
9
1 0 1
4.21590000 1.00000000
2 0 1
13.33200000 1.00000000
3 0 1
42.15900000 1.00000000
4 1 1
4.21590000 1.00000000
5 1 1
13.33200000 1.00000000
6 1 1
42.15900000 1.00000000
7 2 1
4.21590000 1.00000000
8 2 1
13.33200000 1.00000000
9 2 1
42.15900000 1.00000000

O-HYDROGEN_1 H-BG_1 (NAKAI-3-SPD) BASIS TYPE: 2
# (1S)-[1S]
9
1 0 1
4.21590000 1.00000000
2 0 1
13.33200000 1.00000000
3 0 1
42.15900000 1.00000000
4 1 1
4.21590000 1.00000000
5 1 1
13.33200000 1.00000000
6 1 1
42.15900000 1.00000000
7 2 1
4.21590000 1.00000000
8 2 1
13.33200000 1.00000000
9 2 1
42.15900000 1.00000000

O-HYDROGEN_1 H-BH_1 (NAKAI-3-SPD) BASIS TYPE: 2
# (1S)-[1S]
9
1 0 1
4.21590000 1.00000000
2 0 1
13.33200000 1.00000000
3 0 1
42.15900000 1.00000000
4 1 1
4.21590000 1.00000000
5 1 1
13.33200000 1.00000000
6 1 1
42.15900000 1.00000000
7 2 1
4.21590000 1.00000000
8 2 1
13.33200000 1.00000000
9 2 1
42.15900000 1.00000000

O-HYDROGEN_1 H-BI_1 (NAKAI-3-SPD) BASIS TYPE: 2
# (1S)-[1S]
9
1 0 1
4.21590000 1.00000000
2 0 1
13.33200000 1.00000000
3 0 1
42.15900000 1.00000000
4 1 1
4.21590000 1.00000000
5 1 1
13.33200000 1.00000000
6 1 1
42.15900000 1.00000000
7 2 1
4.21590000 1.00000000
8 2 1
13.33200000 1.00000000
9 2 1
42.15900000 1.00000000

O-HYDROGEN_1 H-BJ_1 (NAKAI-3-SPD) BASIS TYPE: 2
# (1S)-[1S]
9
1 0 1
4.21590000 1.00000000
2 0 1
13.33200000 1.00000000
3 0 1
42.15900000 1.00000000
4 1 1
4.21590000 1.00000000
5 1 1
13.33200000 1.00000000
6 1 1
42.15900000 1.00000000
7 2 1
4.21590000 1.00000000
8 2 1
13.33200000 1.00000000
9 2 1
42.15900000 1.00000000

O-HYDROGEN_1 H-BK_1 (NAKAI-3-SPD) BASIS TYPE: 2
# (1S)-[1S]
9
1 0 1
4.21590000 1.00000000
2 0 1
13.33200000 1.00000000
3 0 1
42.15900000 1.00000000
4 1 1
4.21590000 1.00000000
5 1 1
13.33200000 1.00000000
6 1 1
42.15900000 1.00000000
7 2 1
4.21590000 1.00000000
8 2 1
13.33200000 1.00000000
9 2 1
42.15900000 1.00000000

O-HYDROGEN_1 H-BL_1 (NAKAI-3-SPD) BASIS TYPE: 2
# (1S)-[1S]
9
1 0 1
4.21590000 1.00000000
2 0 1
13.33200000 1.00000000
3 0 1
42.15900000 1.00000000
4 1 1
4.21590000 1.00000000
5 1 1
13.33200000 1.00000000
6 1 1
42.15900000 1.00000000
7 2 1
4.21590000 1.00000000
8 2 1
13.33200000 1.00000000
9 2 1
42.15900000 1.00000000

O-HYDROGEN_1 H-BM_1 (NAKAI-3-SPD) BASIS TYPE: 2
# (1S)-[1S]
9
1 0 1
4.21590000 1.00000000
2 0 1
13.33200000 1.00000000
3 0 1
42.15900000 1.00000000
4 1 1
4.21590000 1.00000000
5 1 1
13.33200000 1.00000000
6 1 1
42.15900000 1.00000000
7 2 1
4.21590000 1.00000000
8 2 1
13.33200000 1.00000000
9 2 1
42.15900000 1.00000000

O-HYDROGEN_1 H-BN_1 (NAKAI-3-SPD) BASIS TYPE: 2
# (1S)-[1S]
9
1 0 1
4.21590000 1.00000000
2 0 1
13.33200000 1.00000000
3 0 1
42.15900000 1.00000000
4 1 1
4.21590000 1.00000000
5 1 1
13.33200000 1.00000000
6 1 1
42.15900000 1.00000000
7 2 1
4.21590000 1.00000000
8 2 1
13.33200000 1.00000000
9 2 1
42.15900000 1.00000000

O-HYDROGEN_1 H-BO_1 (NAKAI-3-SPD) BASIS TYPE: 2
# (1S)-[1S]
9
1 0 1
4.21590000 1.00000000
2 0 1
13.33200000 1.00000000
3 0 1
42.15900000 1.00000000
4 1 1
4.21590000 1.00000000
5 1 1
13.33200000 1.00000000
6 1 1
42.15900000 1.00000000
7 2 1
4.21590000 1.00000000
8 2 1
13.33200000 1.00000000
9 2 1
42.15900000 1.00000000

O-HYDROGEN_1 H-BP_1 (NAKAI-3-SPD) BASIS TYPE: 2
# (1S)-[1S]
9
1 0 1
4.21590000 1.00000000
2 0 1
13.33200000 1.00000000
3 0 1
42.15900000 1.00000000
4 1 1
4.21590000 1.00000000
5 1 1
13.33200000 1.00000000
6 1 1
42.15900000 1.00000000
7 2 1
4.21590000 1.00000000
8 2 1
13.33200000 1.00000000
9 2 1
42.15900000 1.00000000

O-HYDROGEN_1 H-BQ_1 (NAKAI-3-SPD) BASIS TYPE: 2
# (1S)-[1S]
9
1 0 1
4.21590000 1.00000000
2 0 1
13.33200000 1.00000000
3 0 1
42.15900000 1.00000000
4 1 1
4.21590000 1.00000000
5 1 1
13.33200000 1.00000000
6 1 1
42.15900000 1.00000000
7 2 1
4.21590000 1.00000000
8 2 1
13.33200000 1.00000000
9 2 1
42.15900000 1.00000000

O-HYDROGEN_1 H-BR_1 (NAKAI-3-SPD) BASIS TYPE: 2
# (1S)-[1S]
9
1 0 1
4.21590000 1.00000000
2 0 1
13.33200000 1.00000000
3 0 1
42.15900000 1.00000000
4 1 1
4.21590000 1.00000000
5 1 1
13.33200000 1.00000000
6 1 1
42.15900000 1.00000000
7 2 1
4.21590000 1.00000000
8 2 1
13.33200000 1.00000000
9 2 1
42.15900000 1.00000000

O-HYDROGEN_1 H-BS_1 (NAKAI-3-SPD) BASIS TYPE: 2
# (1S)-[1S]
9
1 0 1
4.21590000 1.00000000
2 0 1
13.33200000 1.00000000
3 0 1
42.15900000 1.00000000
4 1 1
4.21590000 1.00000000
5 1 1
13.33200000 1.00000000
6 1 1
42.15900000 1.00000000
7 2 1
4.21590000 1.00000000
8 2 1
13.33200000 1.00000000
9 2 1
42.15900000 1.00000000

O-HYDROGEN_1 H-BT_1 (NAKAI-3-SPD) BASIS TYPE: 2
# (1S)-[1S]
9
1 0 1
4.21590000 1.00000000
2 0 1
13.33200000 1.00000000
3 0 1
42.15900000 1.00000000
4 1 1
4.21590000 1.00000000
5 1 1
13.33200000 1.00000000
6 1 1
42.15900000 1.00000000
7 2 1
4.21590000 1.00000000
8 2 1
13.33200000 1.00000000
9 2 1
42.15900000 1.00000000

O-HYDROGEN_1 H-BU_1 (NAKAI-3-SPD) BASIS TYPE: 2
# (1S)-[1S]
9
1 0 1
4.21590000 1.00000000
2 0 1
13.33200000 1.00000000
3 0 1
42.15900000 1.00000000
4 1 1
4.21590000 1.00000000
5 1 1
13.33200000 1.00000000
6 1 1
42.15900000 1.00000000
7 2 1
4.21590000 1.00000000
8 2 1
13.33200000 1.00000000
9 2 1
42.15900000 1.00000000

O-HYDROGEN_1 H-BV_1 (NAKAI-3-SPD) BASIS TYPE: 2
# (1S)-[1S]
9
1 0 1
4.21590000 1.00000000
2 0 1
13.33200000 1.00000000
3 0 1
42.15900000 1.00000000
4 1 1
4.21590000 1.00000000
5 1 1
13.33200000 1.00000000
6 1 1
42.15900000 1.00000000
7 2 1
4.21590000 1.00000000
8 2 1
13.33200000 1.00000000
9 2 1
42.15900000 1.00000000

O-HYDROGEN_1 H-BW_1 (NAKAI-3-SPD) BASIS TYPE: 2
# (1S)-[1S]
9
1 0 1
4.21590000 1.00000000
2 0 1
13.33200000 1.00000000
3 0 1
42.15900000 1.00000000
4 1 1
4.21590000 1.00000000
5 1 1
13.33200000 1.00000000
6 1 1
42.15900000 1.00000000
7 2 1
4.21590000 1.00000000
8 2 1
13.33200000 1.00000000
9 2 1
42.15900000 1.00000000

O-HYDROGEN_1 H-BX_1 (NAKAI-3-SPD) BASIS TYPE: 2
# (1S)-[1S]
9
1 0 1
4.21590000 1.00000000
2 0 1
13.33200000 1.00000000
3 0 1
42.15900000 1.00000000
4 1 1
4.21590000 1.00000000
5 1 1
13.33200000 1.00000000
6 1 1
42.15900000 1.00000000
7 2 1
4.21590000 1.00000000
8 2 1
13.33200000 1.00000000
9 2 1
42.15900000 1.00000000

O-HYDROGEN_1 H-BY_1 (NAKAI-3-SPD) BASIS TYPE: 2
# (1S)-[1S]
9
1 0 1
4.21590000 1.00000000
2 0 1
13.33200000 1.00000000
3 0 1
42.15900000 1.00000000
4 1 1
4.21590000 1.00000000
5 1 1
13.33200000 1.00000000
6 1 1
42.15900000 1.00000000
7 2 1
4.21590000 1.00000000
8 2 1
13.33200000 1.00000000
9 2 1
42.15900000 1.00000000

O-HYDROGEN_1 H-BZ_1 (NAKAI-3-SPD) BASIS TYPE: 2
# (1S)-[1S]
9
1 0 1
4.21590000 1.00000000
2 0 1
13.33200000 1.00000000
3 0 1
42.15900000 1.00000000
4 1 1
4.21590000 1.00000000
5 1 1
13.33200000 1.00000000
6 1 1
42.15900000 1.00000000
7 2 1
4.21590000 1.00000000
8 2 1
13.33200000 1.00000000
9 2 1
42.15900000 1.00000000

O-HYDROGEN_2 H_2 (NAKAI-3-SPD) BASIS TYPE: 2
# (1S)-[1S]
9
1 0 1
8.42532000 1.00000000
2 0 1
26.64350000 1.00000000
3 0 1
84.25320000 1.00000000
4 1 1
8.42532000 1.00000000
5 1 1
26.64350000 1.00000000
6 1 1
84.25320000 1.00000000
7 2 1
8.42532000 1.00000000
8 2 1
26.64350000 1.00000000
9 2 1
84.25320000 1.00000000

O-HYDROGEN_3 H_3 (NAKAI-3-SPD) BASIS TYPE: 2
# (1S)-[1S]
9
1 0 1
12.61660000 1.00000000
2 0 1
39.89780000 1.00000000
3 0 1
126.16600000 1.00000000
4 1 1
12.61660000 1.00000000
5 1 1
39.89780000 1.00000000
6 1 1
126.16600000 1.00000000
7 2 1
12.61660000 1.00000000
8 2 1
39.89780000 1.00000000
9 2 1
126.16600000 1.00000000

O-HELIUM_3 HE_3 (NAKAI-3-SPD) BASIS TYPE: 2
# (1S)-[1S]
9
1 0 1
12.61660000 1.00000000
2 0 1
39.89750000 1.00000000
3 0 1
126.16600000 1.00000000
4 1 1
12.61660000 1.00000000
5 1 1
39.89750000 1.00000000
6 1 1
126.16600000 1.00000000
7 2 1
12.61660000 1.00000000
8 2 1
39.89750000 1.00000000
9 2 1
126.16600000 1.00000000

O-HELIUM_4 HE_4 (NAKAI-3-SPD) BASIS TYPE: 2
# (1S)-[1S]
9
1 0 1
16.74360000 1.00000000
2 0 1
52.94840000 1.00000000
3 0 1
167.43600000 1.00000000
4 1 1
16.74360000 1.00000000
5 1 1
52.94840000 1.00000000
6 1 1
167.43600000 1.00000000
7 2 1
16.74360000 1.00000000
8 2 1
52.94840000 1.00000000
9 2 1
167.43600000 1.00000000

O-HELIUM_4 HE-A_4 (NAKAI-3-SPD) BASIS TYPE: 2
# (1S)-[1S]
9
1 0 1
16.74360000 1.00000000
2 0 1
52.94840000 1.00000000
3 0 1
167.43600000 1.00000000
4 1 1
16.74360000 1.00000000
5 1 1
52.94840000 1.00000000
6 1 1
167.43600000 1.00000000
7 2 1
16.74360000 1.00000000
8 2 1
52.94840000 1.00000000
9 2 1
167.43600000 1.00000000

O-HELIUM_4 HE-B_4 (NAKAI-3-SPD) BASIS TYPE: 2
# (1S)-[1S]
9
1 0 1
16.74360000 1.00000000
2 0 1
52.94840000 1.00000000
3 0 1
167.43600000 1.00000000
4 1 1
16.74360000 1.00000000
5 1 1
52.94840000 1.00000000
6 1 1
167.43600000 1.00000000
7 2 1
16.74360000 1.00000000
8 2 1
52.94840000 1.00000000
9 2 1
167.43600000 1.00000000

O-LITHIUM_6 LI_6 (NAKAI-3-SPD) BASIS TYPE: 2
# (1S)-[1S]
9
1 0 1
25.16230000 1.00000000
2 0 1
79.57100000 1.00000000
3 0 1
251.62300000 1.00000000
4 1 1
25.16230000 1.00000000
5 1 1
79.57100000 1.00000000
6 1 1
251.62300000 1.00000000
7 2 1
25.16230000 1.00000000
8 2 1
79.57100000 1.00000000
9 2 1
251.62300000 1.00000000

O-LITHIUM_7 LI_7 (NAKAI-3-SPD) BASIS TYPE: 2
# (1S)-[1S]
9
1 0 1
29.34910000 1.00000000
2 0 1
92.81110000 1.00000000
3 0 1
293.49100000 1.00000000
4 1 1
29.34910000 1.00000000
5 1 1
92.81110000 1.00000000
6 1 1
293.49100000 1.00000000
7 2 1
29.34910000 1.00000000
8 2 1
92.81110000 1.00000000
9 2 1
293.49100000 1.00000000

O-BERYLLIUM_9 BE_9 (NAKAI-3-SPD) BASIS TYPE: 2
# (1S)-[1S]
9
1 0 1
37.69950000 1.00000000
2 0 1
119.21800000 1.00000000
3 0 1
376.99500000 1.00000000
4 1 1
37.69950000 1.00000000
5 1 1
119.21800000 1.00000000
6 1 1
376.99500000 1.00000000
7 2 1
37.69950000 1.00000000
8 2 1
119.21800000 1.00000000
9 2 1
376.99500000 1.00000000

O-BORON_10 B_10 (NAKAI-3-SPD) BASIS TYPE: 2
# (1S)-[1S]
9
1 0 1
41.88580000 1.00000000
2 0 1
132.45600000 1.00000000
3 0 1
418.85800000 1.00000000
4 1 1
41.88580000 1.00000000
5 1 1
132.45600000 1.00000000
6 1 1
418.85800000 1.00000000
7 2 1
41.88580000 1.00000000
8 2 1
132.45600000 1.00000000
9 2 1
418.85800000 1.00000000

O-BORON_11 B_11 (NAKAI-3-SPD) BASIS TYPE: 2
# (1S)-[1S]
9
1 0 1
46.05380000 1.00000000
2 0 1
145.63600000 1.00000000
3 0 1
460.53800000 1.00000000
4 1 1
46.05380000 1.00000000
5 1 1
145.63600000 1.00000000
6 1 1
460.53800000 1.00000000
7 2 1
46.05380000 1.00000000
8 2 1
145.63600000 1.00000000
9 2 1
460.53800000 1.00000000

O-CARBON_12 C_12 (NAKAI-3-SPD) BASIS TYPE: 2
# (1S)-[1S]
9
1 0 1
50.19800000 1.00000000
2 0 1
158.74200000 1.00000000
3 0 1
501.98000000 1.00000000
4 1 1
50.19800000 1.00000000
5 1 1
158.74200000 1.00000000
6 1 1
501.98000000 1.00000000
7 2 1
50.19800000 1.00000000
8 2 1
158.74200000 1.00000000
9 2 1
501.98000000 1.00000000

O-CARBON_13 C_13 (NAKAI-3-SPD) BASIS TYPE: 2
# (1S)-[1S]
9
1 0 1
54.39520000 1.00000000
2 0 1
172.01500000 1.00000000
3 0 1
543.95200000 1.00000000
4 1 1
54.39520000 1.00000000
5 1 1
172.01500000 1.00000000
6 1 1
543.95200000 1.00000000
7 2 1
54.39520000 1.00000000
8 2 1
172.01500000 1.00000000
9 2 1
543.95200000 1.00000000

O-NITROGEN_14 N_14 (NAKAI-3-SPD) BASIS TYPE: 2
# (1S)-[1S]
9
1 0 1
58.57720000 1.00000000
2 0 1
185.23900000 1.00000000
3 0 1
585.77200000 1.00000000
4 1 1
58.57720000 1.00000000
5 1 1
185.23900000 1.00000000
6 1 1
585.77200000 1.00000000
7 2 1
58.57720000 1.00000000
8 2 1
185.23900000 1.00000000
9 2 1
585.77200000 1.00000000

O-NITROGEN_15 N_15 (NAKAI-3-SPD) BASIS TYPE: 2
# (1S)-[1S]
9
1 0 1
62.74800000 1.00000000
2 0 1
198.42900000 1.00000000
3 0 1
627.48000000 1.00000000
4 1 1
62.74800000 1.00000000
5 1 1
198.42900000 1.00000000
6 1 1
627.48000000 1.00000000
7 2 1
62.74800000 1.00000000
8 2 1
198.42900000 1.00000000
9 2 1
627.48000000 1.00000000

O-OXYGEN_16 O_16 (NAKAI-3-SPD) BASIS TYPE: 2
# (1S)-[1S]
9
1 0 1
66.90940000 1.00000000
2 0 1
211.58900000 1.00000000
3 0 1
669.09400000 1.00000000
4 1 1
66.90940000 1.00000000
5 1 1
211.58900000 1.00000000
6 1 1
669.09400000 1.00000000
7 2 1
66.90940000 1.00000000
8 2 1
211.58900000 1.00000000
9 2 1
669.09400000 1.00000000

O-OXYGEN_17 O_17 (NAKAI-3-SPD) BASIS TYPE: 2
# (1S)-[1S]
9
1 0 1
71.11020000 1.00000000
2 0 1
224.87300000 1.00000000
3 0 1
711.10200000 1.00000000
4 1 1
71.11020000 1.00000000
5 1 1
224.87300000 1.00000000
6 1 1
711.10200000 1.00000000
7 2 1
71.11020000 1.00000000
8 2 1
224.87300000 1.00000000
9 2 1
711.10200000 1.00000000

O-OXYGEN_18 O_18 (NAKAI-3-SPD) BASIS TYPE: 2
# (1S)-[1S]
9
1 0 1
75.29350000 1.00000000
2 0 1
238.10200000 1.00000000
3 0 1
752.93500000 1.00000000
4 1 1
75.29350000 1.00000000
5 1 1
238.10200000 1.00000000
6 1 1
752.93500000 1.00000000
7 2 1
75.29350000 1.00000000
8 2 1
238.10200000 1.00000000
9 2 1
752.93500000 1.00000000

O-FLUORINE_19 F_19 (NAKAI-3-SPD) BASIS TYPE: 2
# (1S)-[1S]
9
1 0 1
79.47350000 1.00000000
2 0 1
251.32000000 1.00000000
3 0 1
794.73500000 1.00000000
4 1 1
79.47350000 1.00000000
5 1 1
251.32000000 1.00000000
6 1 1
794.73500000 1.00000000
7 2 1
79.47350000 1.00000000
8 2 1
251.32000000 1.00000000
9 2 1
794.73500000 1.00000000

O-FLUORINE_19 F-A_19 (NAKAI-3-SPD) BASIS TYPE: 2
# (1S)-[1S]
9
1 0 1
79.47350000 1.00000000
2 0 1
251.32000000 1.00000000
3 0 1
794.73500000 1.00000000
4 1 1
79.47350000 1.00000000
5 1 1
251.32000000 1.00000000
6 1 1
794.73500000 1.00000000
7 2 1
79.47350000 1.00000000
8 2 1
251.32000000 1.00000000
9 2 1
794.73500000 1.00000000

O-FLUORINE_19 F-B_19 (NAKAI-3-SPD) BASIS TYPE: 2
# (1S)-[1S]
9
1 0 1
79.47350000 1.00000000
2 0 1
251.32000000 1.00000000
3 0 1
794.73500000 1.00000000
4 1 1
79.47350000 1.00000000
5 1 1
251.32000000 1.00000000
6 1 1
794.73500000 1.00000000
7 2 1
79.47350000 1.00000000
8 2 1
251.32000000 1.00000000
9 2 1
794.73500000 1.00000000

O-FLUORINE_19 F-C_19 (NAKAI-3-SPD) BASIS TYPE: 2
# (1S)-[1S]
9
1 0 1
79.47350000 1.00000000
2 0 1
251.32000000 1.00000000
3 0 1
794.73500000 1.00000000
4 1 1
79.47350000 1.00000000
5 1 1
251.32000000 1.00000000
6 1 1
794.73500000 1.00000000
7 2 1
79.47350000 1.00000000
8 2 1
251.32000000 1.00000000
9 2 1
794.73500000 1.00000000

O-FLUORINE_19 F-D_19 (NAKAI-3-SPD) BASIS TYPE: 2
# (1S)-[1S]
9
1 0 1
79.47350000 1.00000000
2 0 1
251.32000000 1.00000000
3 0 1
794.73500000 1.00000000
4 1 1
79.47350000 1.00000000
5 1 1
251.32000000 1.00000000
6 1 1
794.73500000 1.00000000
7 2 1
79.47350000 1.00000000
8 2 1
251.32000000 1.00000000
9 2 1
794.73500000 1.00000000

O-FLUORINE_19 F-E_19 (NAKAI-3-SPD) BASIS TYPE: 2
# (1S)-[1S]
9
1 0 1
79.47350000 1.00000000
2 0 1
251.32000000 1.00000000
3 0 1
794.73500000 1.00000000
4 1 1
79.47350000 1.00000000
5 1 1
251.32000000 1.00000000
6 1 1
794.73500000 1.00000000
7 2 1
79.47350000 1.00000000
8 2 1
251.32000000 1.00000000
9 2 1
794.73500000 1.00000000

O-FLUORINE_19 F-F_19 (NAKAI-3-SPD) BASIS TYPE: 2
# (1S)-[1S]
9
1 0 1
79.47350000 1.00000000
2 0 1
251.32000000 1.00000000
3 0 1
794.73500000 1.00000000
4 1 1
79.47350000 1.00000000
5 1 1
251.32000000 1.00000000
6 1 1
794.73500000 1.00000000
7 2 1
79.47350000 1.00000000
8 2 1
251.32000000 1.00000000
9 2 1
794.73500000 1.00000000

O-FLUORINE_19 F-G_19 (NAKAI-3-SPD) BASIS TYPE: 2
# (1S)-[1S]
9
1 0 1
79.47350000 1.00000000
2 0 1
251.32000000 1.00000000
3 0 1
794.73500000 1.00000000
4 1 1
79.47350000 1.00000000
5 1 1
251.32000000 1.00000000
6 1 1
794.73500000 1.00000000
7 2 1
79.47350000 1.00000000
8 2 1
251.32000000 1.00000000
9 2 1
794.73500000 1.00000000

O-FLUORINE_19 F-H_19 (NAKAI-3-SPD) BASIS TYPE: 2
# (1S)-[1S]
9
1 0 1
79.47350000 1.00000000
2 0 1
251.32000000 1.00000000
3 0 1
794.73500000 1.00000000
4 1 1
79.47350000 1.00000000
5 1 1
251.32000000 1.00000000
6 1 1
794.73500000 1.00000000
7 2 1
79.47350000 1.00000000
8 2 1
251.32000000 1.00000000
9 2 1
794.73500000 1.00000000

O-FLUORINE_19 F-I_19 (NAKAI-3-SPD) BASIS TYPE: 2
# (1S)-[1S]
9
1 0 1
79.47350000 1.00000000
2 0 1
251.32000000 1.00000000
3 0 1
794.73500000 1.00000000
4 1 1
79.47350000 1.00000000
5 1 1
251.32000000 1.00000000
6 1 1
794.73500000 1.00000000
7 2 1
79.47350000 1.00000000
8 2 1
251.32000000 1.00000000
9 2 1
794.73500000 1.00000000

O-FLUORINE_19 F-J_19 (NAKAI-3-SPD) BASIS TYPE: 2
# (1S)-[1S]
9
1 0 1
79.47350000 1.00000000
2 0 1
251.32000000 1.00000000
3 0 1
794.73500000 1.00000000
4 1 1
79.47350000 1.00000000
5 1 1
251.32000000 1.00000000
6 1 1
794.73500000 1.00000000
7 2 1
79.47350000 1.00000000
8 2 1
251.32000000 1.00000000
9 2 1
794.73500000 1.00000000

O-FLUORINE_19 F-K_19 (NAKAI-3-SPD) BASIS TYPE: 2
# (1S)-[1S]
9
1 0 1
79.47350000 1.00000000
2 0 1
251.32000000 1.00000000
3 0 1
794.73500000 1.00000000
4 1 1
79.47350000 1.00000000
5 1 1
251.32000000 1.00000000
6 1 1
794.73500000 1.00000000
7 2 1
79.47350000 1.00000000
8 2 1
251.32000000 1.00000000
9 2 1
794.73500000 1.00000000

O-FLUORINE_19 F-L_19 (NAKAI-3-SPD) BASIS TYPE: 2
# (1S)-[1S]
9
1 0 1
79.47350000 1.00000000
2 0 1
251.32000000 1.00000000
3 0 1
794.73500000 1.00000000
4 1 1
79.47350000 1.00000000
5 1 1
251.32000000 1.00000000
6 1 1
794.73500000 1.00000000
7 2 1
79.47350000 1.00000000
8 2 1
251.32000000 1.00000000
9 2 1
794.73500000 1.00000000

O-FLUORINE_19 F-M_19 (NAKAI-3-SPD) BASIS TYPE: 2
# (1S)-[1S]
9
1 0 1
79.47350000 1.00000000
2 0 1
251.32000000 1.00000000
3 0 1
794.73500000 1.00000000
4 1 1
79.47350000 1.00000000
5 1 1
251.32000000 1.00000000
6 1 1
794.73500000 1.00000000
7 2 1
79.47350000 1.00000000
8 2 1
251.32000000 1.00000000
9 2 1
794.73500000 1.00000000

O-FLUORINE_19 F-N_19 (NAKAI-3-SPD) BASIS TYPE: 2
# (1S)-[1S]
9
1 0 1
79.47350000 1.00000000
2 0 1
251.32000000 1.00000000
3 0 1
794.73500000 1.00000000
4 1 1
79.47350000 1.00000000
5 1 1
251.32000000 1.00000000
6 1 1
794.73500000 1.00000000
7 2 1
79.47350000 1.00000000
8 2 1
251.32000000 1.00000000
9 2 1
794.73500000 1.00000000

O-FLUORINE_19 F-O_19 (NAKAI-3-SPD) BASIS TYPE: 2
# (1S)-[1S]
9
1 0 1
79.47350000 1.00000000
2 0 1
251.32000000 1.00000000
3 0 1
794.73500000 1.00000000
4 1 1
79.47350000 1.00000000
5 1 1
251.32000000 1.00000000
6 1 1
794.73500000 1.00000000
7 2 1
79.47350000 1.00000000
8 2 1
251.32000000 1.00000000
9 2 1
794.73500000 1.00000000

O-FLUORINE_19 F-P_19 (NAKAI-3-SPD) BASIS TYPE: 2
# (1S)-[1S]
9
1 0 1
79.47350000 1.00000000
2 0 1
251.32000000 1.00000000
3 0 1
794.73500000 1.00000000
4 1 1
79.47350000 1.00000000
5 1 1
251.32000000 1.00000000
6 1 1
794.73500000 1.00000000
7 2 1
79.47350000 1.00000000
8 2 1
251.32000000 1.00000000
9 2 1
794.73500000 1.00000000

O-FLUORINE_19 F-Q_19 (NAKAI-3-SPD) BASIS TYPE: 2
# (1S)-[1S]
9
1 0 1
79.47350000 1.00000000
2 0 1
251.32000000 1.00000000
3 0 1
794.73500000 1.00000000
4 1 1
79.47350000 1.00000000
5 1 1
251.32000000 1.00000000
6 1 1
794.73500000 1.00000000
7 2 1
79.47350000 1.00000000
8 2 1
251.32000000 1.00000000
9 2 1
794.73500000 1.00000000

O-FLUORINE_19 F-R_19 (NAKAI-3-SPD) BASIS TYPE: 2
# (1S)-[1S]
9
1 0 1
79.47350000 1.00000000
2 0 1
251.32000000 1.00000000
3 0 1
794.73500000 1.00000000
4 1 1
79.47350000 1.00000000
5 1 1
251.32000000 1.00000000
6 1 1
794.73500000 1.00000000
7 2 1
79.47350000 1.00000000
8 2 1
251.32000000 1.00000000
9 2 1
794.73500000 1.00000000

O-FLUORINE_19 F-S_19 (NAKAI-3-SPD) BASIS TYPE: 2
# (1S)-[1S]
9
1 0 1
79.47350000 1.00000000
2 0 1
251.32000000 1.00000000
3 0 1
794.73500000 1.00000000
4 1 1
79.47350000 1.00000000
5 1 1
251.32000000 1.00000000
6 1 1
794.73500000 1.00000000
7 2 1
79.47350000 1.00000000
8 2 1
251.32000000 1.00000000
9 2 1
794.73500000 1.00000000

O-FLUORINE_19 F-T_19 (NAKAI-3-SPD) BASIS TYPE: 2
# (1S)-[1S]
9
1 0 1
79.47350000 1.00000000
2 0 1
251.32000000 1.00000000
3 0 1
794.73500000 1.00000000
4 1 1
79.47350000 1.00000000
5 1 1
251.32000000 1.00000000
6 1 1
794.73500000 1.00000000
7 2 1
79.47350000 1.00000000
8 2 1
251.32000000 1.00000000
9 2 1
794.73500000 1.00000000

O-FLUORINE_19 F-U_19 (NAKAI-3-SPD) BASIS TYPE: 2
# (1S)-[1S]
9
1 0 1
79.47350000 1.00000000
2 0 1
251.32000000 1.00000000
3 0 1
794.73500000 1.00000000
4 1 1
79.47350000 1.00000000
5 1 1
251.32000000 1.00000000
6 1 1
794.73500000 1.00000000
7 2 1
79.47350000 1.00000000
8 2 1
251.32000000 1.00000000
9 2 1
794.73500000 1.00000000

O-FLUORINE_19 F-V_19 (NAKAI-3-SPD) BASIS TYPE: 2
# (1S)-[1S]
9
1 0 1
79.47350000 1.00000000
2 0 1
251.32000000 1.00000000
3 0 1
794.73500000 1.00000000
4 1 1
79.47350000 1.00000000
5 1 1
251.32000000 1.00000000
6 1 1
794.73500000 1.00000000
7 2 1
79.47350000 1.00000000
8 2 1
251.32000000 1.00000000
9 2 1
794.73500000 1.00000000

O-FLUORINE_19 F-W_19 (NAKAI-3-SPD) BASIS TYPE: 2
# (1S)-[1S]
9
1 0 1
79.47350000 1.00000000
2 0 1
251.32000000 1.00000000
3 0 1
794.73500000 1.00000000
4 1 1
79.47350000 1.00000000
5 1 1
251.32000000 1.00000000
6 1 1
794.73500000 1.00000000
7 2 1
79.47350000 1.00000000
8 2 1
251.32000000 1.00000000
9 2 1
794.73500000 1.00000000

O-FLUORINE_19 F-X_19 (NAKAI-3-SPD) BASIS TYPE: 2
# (1S)-[1S]
9
1 0 1
79.47350000 1.00000000
2 0 1
251.32000000 1.00000000
3 0 1
794.73500000 1.00000000
4 1 1
79.47350000 1.00000000
5 1 1
251.32000000 1.00000000
6 1 1
794.73500000 1.00000000
7 2 1
79.47350000 1.00000000
8 2 1
251.32000000 1.00000000
9 2 1
794.73500000 1.00000000

O-FLUORINE_19 F-Y_19 (NAKAI-3-SPD) BASIS TYPE: 2
# (1S)-[1S]
9
1 0 1
79.47350000 1.00000000
2 0 1
251.32000000 1.00000000
3 0 1
794.73500000 1.00000000
4 1 1
79.47350000 1.00000000
5 1 1
251.32000000 1.00000000
6 1 1
794.73500000 1.00000000
7 2 1
79.47350000 1.00000000
8 2 1
251.32000000 1.00000000
9 2 1
794.73500000 1.00000000

O-FLUORINE_19 F-Z_19 (NAKAI-3-SPD) BASIS TYPE: 2
# (1S)-[1S]
9
1 0 1
79.47350000 1.00000000
2 0 1
251.32000000 1.00000000
3 0 1
794.73500000 1.00000000
4 1 1
79.47350000 1.00000000
5 1 1
251.32000000 1.00000000
6 1 1
794.73500000 1.00000000
7 2 1
79.47350000 1.00000000
8 2 1
251.32000000 1.00000000
9 2 1
794.73500000 1.00000000

O-F-ALUORINE_19 F-AA_19 (NAKAI-3-SPD) BASIS TYPE: 2
# (1S)-[1S]
9
1 0 1
79.47350000 1.00000000
2 0 1
251.32000000 1.00000000
3 0 1
794.73500000 1.00000000
4 1 1
79.47350000 1.00000000
5 1 1
251.32000000 1.00000000
6 1 1
794.73500000 1.00000000
7 2 1
79.47350000 1.00000000
8 2 1
251.32000000 1.00000000
9 2 1
794.73500000 1.00000000

O-F-ALUORINE_19 F-AB_19 (NAKAI-3-SPD) BASIS TYPE: 2
# (1S)-[1S]
9
1 0 1
79.47350000 1.00000000
2 0 1
251.32000000 1.00000000
3 0 1
794.73500000 1.00000000
4 1 1
79.47350000 1.00000000
5 1 1
251.32000000 1.00000000
6 1 1
794.73500000 1.00000000
7 2 1
79.47350000 1.00000000
8 2 1
251.32000000 1.00000000
9 2 1
794.73500000 1.00000000

O-F-ALUORINE_19 F-AC_19 (NAKAI-3-SPD) BASIS TYPE: 2
# (1S)-[1S]
9
1 0 1
79.47350000 1.00000000
2 0 1
251.32000000 1.00000000
3 0 1
794.73500000 1.00000000
4 1 1
79.47350000 1.00000000
5 1 1
251.32000000 1.00000000
6 1 1
794.73500000 1.00000000
7 2 1
79.47350000 1.00000000
8 2 1
251.32000000 1.00000000
9 2 1
794.73500000 1.00000000

O-F-ALUORINE_19 F-AD_19 (NAKAI-3-SPD) BASIS TYPE: 2
# (1S)-[1S]
9
1 0 1
79.47350000 1.00000000
2 0 1
251.32000000 1.00000000
3 0 1
794.73500000 1.00000000
4 1 1
79.47350000 1.00000000
5 1 1
251.32000000 1.00000000
6 1 1
794.73500000 1.00000000
7 2 1
79.47350000 1.00000000
8 2 1
251.32000000 1.00000000
9 2 1
794.73500000 1.00000000

O-F-ALUORINE_19 F-AE_19 (NAKAI-3-SPD) BASIS TYPE: 2
# (1S)-[1S]
9
1 0 1
79.47350000 1.00000000
2 0 1
251.32000000 1.00000000
3 0 1
794.73500000 1.00000000
4 1 1
79.47350000 1.00000000
5 1 1
251.32000000 1.00000000
6 1 1
794.73500000 1.00000000
7 2 1
79.47350000 1.00000000
8 2 1
251.32000000 1.00000000
9 2 1
794.73500000 1.00000000

O-F-ALUORINE_19 F-AF_19 (NAKAI-3-SPD) BASIS TYPE: 2
# (1S)-[1S]
9
1 0 1
79.47350000 1.00000000
2 0 1
251.32000000 1.00000000
3 0 1
794.73500000 1.00000000
4 1 1
79.47350000 1.00000000
5 1 1
251.32000000 1.00000000
6 1 1
794.73500000 1.00000000
7 2 1
79.47350000 1.00000000
8 2 1
251.32000000 1.00000000
9 2 1
794.73500000 1.00000000

O-F-ALUORINE_19 F-AG_19 (NAKAI-3-SPD) BASIS TYPE: 2
# (1S)-[1S]
9
1 0 1
79.47350000 1.00000000
2 0 1
251.32000000 1.00000000
3 0 1
794.73500000 1.00000000
4 1 1
79.47350000 1.00000000
5 1 1
251.32000000 1.00000000
6 1 1
794.73500000 1.00000000
7 2 1
79.47350000 1.00000000
8 2 1
251.32000000 1.00000000
9 2 1
794.73500000 1.00000000

O-F-ALUORINE_19 F-AH_19 (NAKAI-3-SPD) BASIS TYPE: 2
# (1S)-[1S]
9
1 0 1
79.47350000 1.00000000
2 0 1
251.32000000 1.00000000
3 0 1
794.73500000 1.00000000
4 1 1
79.47350000 1.00000000
5 1 1
251.32000000 1.00000000
6 1 1
794.73500000 1.00000000
7 2 1
79.47350000 1.00000000
8 2 1
251.32000000 1.00000000
9 2 1
794.73500000 1.00000000

O-F-ALUORINE_19 F-AI_19 (NAKAI-3-SPD) BASIS TYPE: 2
# (1S)-[1S]
9
1 0 1
79.47350000 1.00000000
2 0 1
251.32000000 1.00000000
3 0 1
794.73500000 1.00000000
4 1 1
79.47350000 1.00000000
5 1 1
251.32000000 1.00000000
6 1 1
794.73500000 1.00000000
7 2 1
79.47350000 1.00000000
8 2 1
251.32000000 1.00000000
9 2 1
794.73500000 1.00000000

O-F-ALUORINE_19 F-AJ_19 (NAKAI-3-SPD) BASIS TYPE: 2
# (1S)-[1S]
9
1 0 1
79.47350000 1.00000000
2 0 1
251.32000000 1.00000000
3 0 1
794.73500000 1.00000000
4 1 1
79.47350000 1.00000000
5 1 1
251.32000000 1.00000000
6 1 1
794.73500000 1.00000000
7 2 1
79.47350000 1.00000000
8 2 1
251.32000000 1.00000000
9 2 1
794.73500000 1.00000000

O-F-ALUORINE_19 F-AK_19 (NAKAI-3-SPD) BASIS TYPE: 2
# (1S)-[1S]
9
1 0 1
79.47350000 1.00000000
2 0 1
251.32000000 1.00000000
3 0 1
794.73500000 1.00000000
4 1 1
79.47350000 1.00000000
5 1 1
251.32000000 1.00000000
6 1 1
794.73500000 1.00000000
7 2 1
79.47350000 1.00000000
8 2 1
251.32000000 1.00000000
9 2 1
794.73500000 1.00000000

O-F-ALUORINE_19 F-AL_19 (NAKAI-3-SPD) BASIS TYPE: 2
# (1S)-[1S]
9
1 0 1
79.47350000 1.00000000
2 0 1
251.32000000 1.00000000
3 0 1
794.73500000 1.00000000
4 1 1
79.47350000 1.00000000
5 1 1
251.32000000 1.00000000
6 1 1
794.73500000 1.00000000
7 2 1
79.47350000 1.00000000
8 2 1
251.32000000 1.00000000
9 2 1
794.73500000 1.00000000

O-F-ALUORINE_19 F-AM_19 (NAKAI-3-SPD) BASIS TYPE: 2
# (1S)-[1S]
9
1 0 1
79.47350000 1.00000000
2 0 1
251.32000000 1.00000000
3 0 1
794.73500000 1.00000000
4 1 1
79.47350000 1.00000000
5 1 1
251.32000000 1.00000000
6 1 1
794.73500000 1.00000000
7 2 1
79.47350000 1.00000000
8 2 1
251.32000000 1.00000000
9 2 1
794.73500000 1.00000000

O-F-ALUORINE_19 F-AN_19 (NAKAI-3-SPD) BASIS TYPE: 2
# (1S)-[1S]
9
1 0 1
79.47350000 1.00000000
2 0 1
251.32000000 1.00000000
3 0 1
794.73500000 1.00000000
4 1 1
79.47350000 1.00000000
5 1 1
251.32000000 1.00000000
6 1 1
794.73500000 1.00000000
7 2 1
79.47350000 1.00000000
8 2 1
251.32000000 1.00000000
9 2 1
794.73500000 1.00000000

O-F-ALUORINE_19 F-AO_19 (NAKAI-3-SPD) BASIS TYPE: 2
# (1S)-[1S]
9
1 0 1
79.47350000 1.00000000
2 0 1
251.32000000 1.00000000
3 0 1
794.73500000 1.00000000
4 1 1
79.47350000 1.00000000
5 1 1
251.32000000 1.00000000
6 1 1
794.73500000 1.00000000
7 2 1
79.47350000 1.00000000
8 2 1
251.32000000 1.00000000
9 2 1
794.73500000 1.00000000

O-F-ALUORINE_19 F-AP_19 (NAKAI-3-SPD) BASIS TYPE: 2
# (1S)-[1S]
9
1 0 1
79.47350000 1.00000000
2 0 1
251.32000000 1.00000000
3 0 1
794.73500000 1.00000000
4 1 1
79.47350000 1.00000000
5 1 1
251.32000000 1.00000000
6 1 1
794.73500000 1.00000000
7 2 1
79.47350000 1.00000000
8 2 1
251.32000000 1.00000000
9 2 1
794.73500000 1.00000000

O-F-ALUORINE_19 F-AQ_19 (NAKAI-3-SPD) BASIS TYPE: 2
# (1S)-[1S]
9
1 0 1
79.47350000 1.00000000
2 0 1
251.32000000 1.00000000
3 0 1
794.73500000 1.00000000
4 1 1
79.47350000 1.00000000
5 1 1
251.32000000 1.00000000
6 1 1
794.73500000 1.00000000
7 2 1
79.47350000 1.00000000
8 2 1
251.32000000 1.00000000
9 2 1
794.73500000 1.00000000

O-F-ALUORINE_19 F-AR_19 (NAKAI-3-SPD) BASIS TYPE: 2
# (1S)-[1S]
9
1 0 1
79.47350000 1.00000000
2 0 1
251.32000000 1.00000000
3 0 1
794.73500000 1.00000000
4 1 1
79.47350000 1.00000000
5 1 1
251.32000000 1.00000000
6 1 1
794.73500000 1.00000000
7 2 1
79.47350000 1.00000000
8 2 1
251.32000000 1.00000000
9 2 1
794.73500000 1.00000000

O-F-ALUORINE_19 F-AS_19 (NAKAI-3-SPD) BASIS TYPE: 2
# (1S)-[1S]
9
1 0 1
79.47350000 1.00000000
2 0 1
251.32000000 1.00000000
3 0 1
794.73500000 1.00000000
4 1 1
79.47350000 1.00000000
5 1 1
251.32000000 1.00000000
6 1 1
794.73500000 1.00000000
7 2 1
79.47350000 1.00000000
8 2 1
251.32000000 1.00000000
9 2 1
794.73500000 1.00000000

O-F-ALUORINE_19 F-AT_19 (NAKAI-3-SPD) BASIS TYPE: 2
# (1S)-[1S]
9
1 0 1
79.47350000 1.00000000
2 0 1
251.32000000 1.00000000
3 0 1
794.73500000 1.00000000
4 1 1
79.47350000 1.00000000
5 1 1
251.32000000 1.00000000
6 1 1
794.73500000 1.00000000
7 2 1
79.47350000 1.00000000
8 2 1
251.32000000 1.00000000
9 2 1
794.73500000 1.00000000

O-F-ALUORINE_19 F-AU_19 (NAKAI-3-SPD) BASIS TYPE: 2
# (1S)-[1S]
9
1 0 1
79.47350000 1.00000000
2 0 1
251.32000000 1.00000000
3 0 1
794.73500000 1.00000000
4 1 1
79.47350000 1.00000000
5 1 1
251.32000000 1.00000000
6 1 1
794.73500000 1.00000000
7 2 1
79.47350000 1.00000000
8 2 1
251.32000000 1.00000000
9 2 1
794.73500000 1.00000000

O-F-ALUORINE_19 F-AV_19 (NAKAI-3-SPD) BASIS TYPE: 2
# (1S)-[1S]
9
1 0 1
79.47350000 1.00000000
2 0 1
251.32000000 1.00000000
3 0 1
794.73500000 1.00000000
4 1 1
79.47350000 1.00000000
5 1 1
251.32000000 1.00000000
6 1 1
794.73500000 1.00000000
7 2 1
79.47350000 1.00000000
8 2 1
251.32000000 1.00000000
9 2 1
794.73500000 1.00000000

O-F-ALUORINE_19 F-AW_19 (NAKAI-3-SPD) BASIS TYPE: 2
# (1S)-[1S]
9
1 0 1
79.47350000 1.00000000
2 0 1
251.32000000 1.00000000
3 0 1
794.73500000 1.00000000
4 1 1
79.47350000 1.00000000
5 1 1
251.32000000 1.00000000
6 1 1
794.73500000 1.00000000
7 2 1
79.47350000 1.00000000
8 2 1
251.32000000 1.00000000
9 2 1
794.73500000 1.00000000

O-F-ALUORINE_19 F-AX_19 (NAKAI-3-SPD) BASIS TYPE: 2
# (1S)-[1S]
9
1 0 1
79.47350000 1.00000000
2 0 1
251.32000000 1.00000000
3 0 1
794.73500000 1.00000000
4 1 1
79.47350000 1.00000000
5 1 1
251.32000000 1.00000000
6 1 1
794.73500000 1.00000000
7 2 1
79.47350000 1.00000000
8 2 1
251.32000000 1.00000000
9 2 1
794.73500000 1.00000000

O-F-ALUORINE_19 F-AY_19 (NAKAI-3-SPD) BASIS TYPE: 2
# (1S)-[1S]
9
1 0 1
79.47350000 1.00000000
2 0 1
251.32000000 1.00000000
3 0 1
794.73500000 1.00000000
4 1 1
79.47350000 1.00000000
5 1 1
251.32000000 1.00000000
6 1 1
794.73500000 1.00000000
7 2 1
79.47350000 1.00000000
8 2 1
251.32000000 1.00000000
9 2 1
794.73500000 1.00000000

O-F-ALUORINE_19 F-AZ_19 (NAKAI-3-SPD) BASIS TYPE: 2
# (1S)-[1S]
9
1 0 1
79.47350000 1.00000000
2 0 1
251.32000000 1.00000000
3 0 1
794.73500000 1.00000000
4 1 1
79.47350000 1.00000000
5 1 1
251.32000000 1.00000000
6 1 1
794.73500000 1.00000000
7 2 1
79.47350000 1.00000000
8 2 1
251.32000000 1.00000000
9 2 1
794.73500000 1.00000000

O-F-BLUORINE_19 F-BA_19 (NAKAI-3-SPD) BASIS TYPE: 2
# (1S)-[1S]
9
1 0 1
79.47350000 1.00000000
2 0 1
251.32000000 1.00000000
3 0 1
794.73500000 1.00000000
4 1 1
79.47350000 1.00000000
5 1 1
251.32000000 1.00000000
6 1 1
794.73500000 1.00000000
7 2 1
79.47350000 1.00000000
8 2 1
251.32000000 1.00000000
9 2 1
794.73500000 1.00000000

O-F-BLUORINE_19 F-BB_19 (NAKAI-3-SPD) BASIS TYPE: 2
# (1S)-[1S]
9
1 0 1
79.47350000 1.00000000
2 0 1
251.32000000 1.00000000
3 0 1
794.73500000 1.00000000
4 1 1
79.47350000 1.00000000
5 1 1
251.32000000 1.00000000
6 1 1
794.73500000 1.00000000
7 2 1
79.47350000 1.00000000
8 2 1
251.32000000 1.00000000
9 2 1
794.73500000 1.00000000

O-F-BLUORINE_19 F-BC_19 (NAKAI-3-SPD) BASIS TYPE: 2
# (1S)-[1S]
9
1 0 1
79.47350000 1.00000000
2 0 1
251.32000000 1.00000000
3 0 1
794.73500000 1.00000000
4 1 1
79.47350000 1.00000000
5 1 1
251.32000000 1.00000000
6 1 1
794.73500000 1.00000000
7 2 1
79.47350000 1.00000000
8 2 1
251.32000000 1.00000000
9 2 1
794.73500000 1.00000000

O-F-BLUORINE_19 F-BD_19 (NAKAI-3-SPD) BASIS TYPE: 2
# (1S)-[1S]
9
1 0 1
79.47350000 1.00000000
2 0 1
251.32000000 1.00000000
3 0 1
794.73500000 1.00000000
4 1 1
79.47350000 1.00000000
5 1 1
251.32000000 1.00000000
6 1 1
794.73500000 1.00000000
7 2 1
79.47350000 1.00000000
8 2 1
251.32000000 1.00000000
9 2 1
794.73500000 1.00000000

O-F-BLUORINE_19 F-BE_19 (NAKAI-3-SPD) BASIS TYPE: 2
# (1S)-[1S]
9
1 0 1
79.47350000 1.00000000
2 0 1
251.32000000 1.00000000
3 0 1
794.73500000 1.00000000
4 1 1
79.47350000 1.00000000
5 1 1
251.32000000 1.00000000
6 1 1
794.73500000 1.00000000
7 2 1
79.47350000 1.00000000
8 2 1
251.32000000 1.00000000
9 2 1
794.73500000 1.00000000

O-F-BLUORINE_19 F-BF_19 (NAKAI-3-SPD) BASIS TYPE: 2
# (1S)-[1S]
9
1 0 1
79.47350000 1.00000000
2 0 1
251.32000000 1.00000000
3 0 1
794.73500000 1.00000000
4 1 1
79.47350000 1.00000000
5 1 1
251.32000000 1.00000000
6 1 1
794.73500000 1.00000000
7 2 1
79.47350000 1.00000000
8 2 1
251.32000000 1.00000000
9 2 1
794.73500000 1.00000000

O-F-BLUORINE_19 F-BG_19 (NAKAI-3-SPD) BASIS TYPE: 2
# (1S)-[1S]
9
1 0 1
79.47350000 1.00000000
2 0 1
251.32000000 1.00000000
3 0 1
794.73500000 1.00000000
4 1 1
79.47350000 1.00000000
5 1 1
251.32000000 1.00000000
6 1 1
794.73500000 1.00000000
7 2 1
79.47350000 1.00000000
8 2 1
251.32000000 1.00000000
9 2 1
794.73500000 1.00000000

O-F-BLUORINE_19 F-BH_19 (NAKAI-3-SPD) BASIS TYPE: 2
# (1S)-[1S]
9
1 0 1
79.47350000 1.00000000
2 0 1
251.32000000 1.00000000
3 0 1
794.73500000 1.00000000
4 1 1
79.47350000 1.00000000
5 1 1
251.32000000 1.00000000
6 1 1
794.73500000 1.00000000
7 2 1
79.47350000 1.00000000
8 2 1
251.32000000 1.00000000
9 2 1
794.73500000 1.00000000

O-F-BLUORINE_19 F-BI_19 (NAKAI-3-SPD) BASIS TYPE: 2
# (1S)-[1S]
9
1 0 1
79.47350000 1.00000000
2 0 1
251.32000000 1.00000000
3 0 1
794.73500000 1.00000000
4 1 1
79.47350000 1.00000000
5 1 1
251.32000000 1.00000000
6 1 1
794.73500000 1.00000000
7 2 1
79.47350000 1.00000000
8 2 1
251.32000000 1.00000000
9 2 1
794.73500000 1.00000000

O-F-BLUORINE_19 F-BJ_19 (NAKAI-3-SPD) BASIS TYPE: 2
# (1S)-[1S]
9
1 0 1
79.47350000 1.00000000
2 0 1
251.32000000 1.00000000
3 0 1
794.73500000 1.00000000
4 1 1
79.47350000 1.00000000
5 1 1
251.32000000 1.00000000
6 1 1
794.73500000 1.00000000
7 2 1
79.47350000 1.00000000
8 2 1
251.32000000 1.00000000
9 2 1
794.73500000 1.00000000

O-F-BLUORINE_19 F-BK_19 (NAKAI-3-SPD) BASIS TYPE: 2
# (1S)-[1S]
9
1 0 1
79.47350000 1.00000000
2 0 1
251.32000000 1.00000000
3 0 1
794.73500000 1.00000000
4 1 1
79.47350000 1.00000000
5 1 1
251.32000000 1.00000000
6 1 1
794.73500000 1.00000000
7 2 1
79.47350000 1.00000000
8 2 1
251.32000000 1.00000000
9 2 1
794.73500000 1.00000000

O-F-BLUORINE_19 F-BL_19 (NAKAI-3-SPD) BASIS TYPE: 2
# (1S)-[1S]
9
1 0 1
79.47350000 1.00000000
2 0 1
251.32000000 1.00000000
3 0 1
794.73500000 1.00000000
4 1 1
79.47350000 1.00000000
5 1 1
251.32000000 1.00000000
6 1 1
794.73500000 1.00000000
7 2 1
79.47350000 1.00000000
8 2 1
251.32000000 1.00000000
9 2 1
794.73500000 1.00000000

O-F-BLUORINE_19 F-BM_19 (NAKAI-3-SPD) BASIS TYPE: 2
# (1S)-[1S]
9
1 0 1
79.47350000 1.00000000
2 0 1
251.32000000 1.00000000
3 0 1
794.73500000 1.00000000
4 1 1
79.47350000 1.00000000
5 1 1
251.32000000 1.00000000
6 1 1
794.73500000 1.00000000
7 2 1
79.47350000 1.00000000
8 2 1
251.32000000 1.00000000
9 2 1
794.73500000 1.00000000

O-F-BLUORINE_19 F-BN_19 (NAKAI-3-SPD) BASIS TYPE: 2
# (1S)-[1S]
9
1 0 1
79.47350000 1.00000000
2 0 1
251.32000000 1.00000000
3 0 1
794.73500000 1.00000000
4 1 1
79.47350000 1.00000000
5 1 1
251.32000000 1.00000000
6 1 1
794.73500000 1.00000000
7 2 1
79.47350000 1.00000000
8 2 1
251.32000000 1.00000000
9 2 1
794.73500000 1.00000000

O-F-BLUORINE_19 F-BO_19 (NAKAI-3-SPD) BASIS TYPE: 2
# (1S)-[1S]
9
1 0 1
79.47350000 1.00000000
2 0 1
251.32000000 1.00000000
3 0 1
794.73500000 1.00000000
4 1 1
79.47350000 1.00000000
5 1 1
251.32000000 1.00000000
6 1 1
794.73500000 1.00000000
7 2 1
79.47350000 1.00000000
8 2 1
251.32000000 1.00000000
9 2 1
794.73500000 1.00000000

O-F-BLUORINE_19 F-BP_19 (NAKAI-3-SPD) BASIS TYPE: 2
# (1S)-[1S]
9
1 0 1
79.47350000 1.00000000
2 0 1
251.32000000 1.00000000
3 0 1
794.73500000 1.00000000
4 1 1
79.47350000 1.00000000
5 1 1
251.32000000 1.00000000
6 1 1
794.73500000 1.00000000
7 2 1
79.47350000 1.00000000
8 2 1
251.32000000 1.00000000
9 2 1
794.73500000 1.00000000

O-F-BLUORINE_19 F-BQ_19 (NAKAI-3-SPD) BASIS TYPE: 2
# (1S)-[1S]
9
1 0 1
79.47350000 1.00000000
2 0 1
251.32000000 1.00000000
3 0 1
794.73500000 1.00000000
4 1 1
79.47350000 1.00000000
5 1 1
251.32000000 1.00000000
6 1 1
794.73500000 1.00000000
7 2 1
79.47350000 1.00000000
8 2 1
251.32000000 1.00000000
9 2 1
794.73500000 1.00000000

O-F-BLUORINE_19 F-BR_19 (NAKAI-3-SPD) BASIS TYPE: 2
# (1S)-[1S]
9
1 0 1
79.47350000 1.00000000
2 0 1
251.32000000 1.00000000
3 0 1
794.73500000 1.00000000
4 1 1
79.47350000 1.00000000
5 1 1
251.32000000 1.00000000
6 1 1
794.73500000 1.00000000
7 2 1
79.47350000 1.00000000
8 2 1
251.32000000 1.00000000
9 2 1
794.73500000 1.00000000

O-F-BLUORINE_19 F-BS_19 (NAKAI-3-SPD) BASIS TYPE: 2
# (1S)-[1S]
9
1 0 1
79.47350000 1.00000000
2 0 1
251.32000000 1.00000000
3 0 1
794.73500000 1.00000000
4 1 1
79.47350000 1.00000000
5 1 1
251.32000000 1.00000000
6 1 1
794.73500000 1.00000000
7 2 1
79.47350000 1.00000000
8 2 1
251.32000000 1.00000000
9 2 1
794.73500000 1.00000000

O-F-BLUORINE_19 F-BT_19 (NAKAI-3-SPD) BASIS TYPE: 2
# (1S)-[1S]
9
1 0 1
79.47350000 1.00000000
2 0 1
251.32000000 1.00000000
3 0 1
794.73500000 1.00000000
4 1 1
79.47350000 1.00000000
5 1 1
251.32000000 1.00000000
6 1 1
794.73500000 1.00000000
7 2 1
79.47350000 1.00000000
8 2 1
251.32000000 1.00000000
9 2 1
794.73500000 1.00000000

O-F-BLUORINE_19 F-BU_19 (NAKAI-3-SPD) BASIS TYPE: 2
# (1S)-[1S]
9
1 0 1
79.47350000 1.00000000
2 0 1
251.32000000 1.00000000
3 0 1
794.73500000 1.00000000
4 1 1
79.47350000 1.00000000
5 1 1
251.32000000 1.00000000
6 1 1
794.73500000 1.00000000
7 2 1
79.47350000 1.00000000
8 2 1
251.32000000 1.00000000
9 2 1
794.73500000 1.00000000

O-F-BLUORINE_19 F-BV_19 (NAKAI-3-SPD) BASIS TYPE: 2
# (1S)-[1S]
9
1 0 1
79.47350000 1.00000000
2 0 1
251.32000000 1.00000000
3 0 1
794.73500000 1.00000000
4 1 1
79.47350000 1.00000000
5 1 1
251.32000000 1.00000000
6 1 1
794.73500000 1.00000000
7 2 1
79.47350000 1.00000000
8 2 1
251.32000000 1.00000000
9 2 1
794.73500000 1.00000000

O-F-BLUORINE_19 F-BW_19 (NAKAI-3-SPD) BASIS TYPE: 2
# (1S)-[1S]
9
1 0 1
79.47350000 1.00000000
2 0 1
251.32000000 1.00000000
3 0 1
794.73500000 1.00000000
4 1 1
79.47350000 1.00000000
5 1 1
251.32000000 1.00000000
6 1 1
794.73500000 1.00000000
7 2 1
79.47350000 1.00000000
8 2 1
251.32000000 1.00000000
9 2 1
794.73500000 1.00000000

O-F-BLUORINE_19 F-BX_19 (NAKAI-3-SPD) BASIS TYPE: 2
# (1S)-[1S]
9
1 0 1
79.47350000 1.00000000
2 0 1
251.32000000 1.00000000
3 0 1
794.73500000 1.00000000
4 1 1
79.47350000 1.00000000
5 1 1
251.32000000 1.00000000
6 1 1
794.73500000 1.00000000
7 2 1
79.47350000 1.00000000
8 2 1
251.32000000 1.00000000
9 2 1
794.73500000 1.00000000

O-F-BLUORINE_19 F-BY_19 (NAKAI-3-SPD) BASIS TYPE: 2
# (1S)-[1S]
9
1 0 1
79.47350000 1.00000000
2 0 1
251.32000000 1.00000000
3 0 1
794.73500000 1.00000000
4 1 1
79.47350000 1.00000000
5 1 1
251.32000000 1.00000000
6 1 1
794.73500000 1.00000000
7 2 1
79.47350000 1.00000000
8 2 1
251.32000000 1.00000000
9 2 1
794.73500000 1.00000000

O-F-BLUORINE_19 F-BZ_19 (NAKAI-3-SPD) BASIS TYPE: 2
# (1S)-[1S]
9
1 0 1
79.47350000 1.00000000
2 0 1
251.32000000 1.00000000
3 0 1
794.73500000 1.00000000
4 1 1
79.47350000 1.00000000
5 1 1
251.32000000 1.00000000
6 1 1
794.73500000 1.00000000
7 2 1
79.47350000 1.00000000
8 2 1
251.32000000 1.00000000
9 2 1
794.73500000 1.00000000

O-NEON_20 NE_20 (NAKAI-3-SPD) BASIS TYPE: 2
# (1S)-[1S]
9
1 0 1
83.63170000 1.00000000
2 0 1
264.47000000 1.00000000
3 0 1
836.31700000 1.00000000
4 1 1
83.63170000 1.00000000
5 1 1
264.47000000 1.00000000
6 1 1
836.31700000 1.00000000
7 2 1
83.63170000 1.00000000
8 2 1
264.47000000 1.00000000
9 2 1
836.31700000 1.00000000

O-NEON_21 NE_21 (NAKAI-3-SPD) BASIS TYPE: 2
# (1S)-[1S]
9
1 0 1
87.82080000 1.00000000
2 0 1
277.71700000 1.00000000
3 0 1
878.20800000 1.00000000
4 1 1
87.82080000 1.00000000
5 1 1
277.71700000 1.00000000
6 1 1
878.20800000 1.00000000
7 2 1
87.82080000 1.00000000
8 2 1
277.71700000 1.00000000
9 2 1
878.20800000 1.00000000

O-NEON_22 NE_22 (NAKAI-3-SPD) BASIS TYPE: 2
# (1S)-[1S]
9
1 0 1
91.99360000 1.00000000
2 0 1
290.91300000 1.00000000
3 0 1
919.93600000 1.00000000
4 1 1
91.99360000 1.00000000
5 1 1
290.91300000 1.00000000
6 1 1
919.93600000 1.00000000
7 2 1
91.99360000 1.00000000
8 2 1
290.91300000 1.00000000
9 2 1
919.93600000 1.00000000

