O-HYDROGEN_1 H_1 (NAKAI-17-S) BASIS TYPE: 2
# (1S)-[1S]
17
1 0 1
4.21590000 1.00000000
2 0 1
13.33200000 1.00000000
3 0 1
42.15900000 1.00000000
4 0 1
133.32000000 1.00000000
5 0 1
421.59000000 1.00000000
6 0 1
1333.20000000 1.00000000
7 0 1
4215.90000000 1.00000000
8 0 1
13332.00000000 1.00000000
9 0 1
42159.00000000 1.00000000
10 0 1
133320.00000000 1.00000000
11 0 1
421590.00000000 1.00000000
12 0 1
1333200.00000000 1.00000000
13 0 1
4215900.00000000 1.00000000
14 0 1
13332000.00000000 1.00000000
15 0 1
42159000.00000000 1.00000000
16 0 1
133320000.00000000 1.00000000
17 0 1
421590000.00000000 1.00000000

O-HYDROGEN_2 H_2 (NAKAI-17-S) BASIS TYPE: 2
# (1S)-[1S]
17
1 0 1
8.42532300 1.00000000
2 0 1
26.64351800 1.00000000
3 0 1
84.25323200 1.00000000
4 0 1
266.43518300 1.00000000
5 0 1
842.53232000 1.00000000
6 0 1
2664.35183300 1.00000000
7 0 1
8425.32320300 1.00000000
8 0 1
26643.51833400 1.00000000
9 0 1
84253.23203100 1.00000000
10 0 1
266435.18333700 1.00000000
11 0 1
842532.32030500 1.00000000
12 0 1
2664351.83337000 1.00000000
13 0 1
8425323.20305000 1.00000000
14 0 1
26643518.33370500 1.00000000
15 0 1
84253232.03050300 1.00000000
16 0 1
266435183.33704799 1.00000000
17 0 1
842532320.30502605 1.00000000

O-HYDROGEN_3 H_3 (NAKAI-17-S) BASIS TYPE: 2
# (1S)-[1S]
17
1 0 1
12.61663600 1.00000000
2 0 1
39.89776500 1.00000000
3 0 1
126.16635800 1.00000000
4 0 1
398.97765300 1.00000000
5 0 1
1261.66358000 1.00000000
6 0 1
3989.77652600 1.00000000
7 0 1
12616.63580400 1.00000000
8 0 1
39897.76525500 1.00000000
9 0 1
126166.35804000 1.00000000
10 0 1
398977.65255100 1.00000000
11 0 1
1261663.58040100 1.00000000
12 0 1
3989776.52551200 1.00000000
13 0 1
12616635.80401100 1.00000000
14 0 1
39897765.25512400 1.00000000
15 0 1
126166358.04011101 1.00000000
16 0 1
398977652.55123597 1.00000000
17 0 1
1261663580.40110707 1.00000000

O-HYDROGEN_1 H-A_1 (NAKAI-17-S) BASIS TYPE: 2
# (1S)-[1S]
17
1 0 1
4.21590000 1.00000000
2 0 1
13.33200000 1.00000000
3 0 1
42.15900000 1.00000000
4 0 1
133.32000000 1.00000000
5 0 1
421.59000000 1.00000000
6 0 1
1333.20000000 1.00000000
7 0 1
4215.90000000 1.00000000
8 0 1
13332.00000000 1.00000000
9 0 1
42159.00000000 1.00000000
10 0 1
133320.00000000 1.00000000
11 0 1
421590.00000000 1.00000000
12 0 1
1333200.00000000 1.00000000
13 0 1
4215900.00000000 1.00000000
14 0 1
13332000.00000000 1.00000000
15 0 1
42159000.00000000 1.00000000
16 0 1
133320000.00000000 1.00000000
17 0 1
421590000.00000000 1.00000000

O-HYDROGEN_2 H-A_2 (NAKAI-17-S) BASIS TYPE: 2
# (1S)-[1S]
17
1 0 1
8.42532300 1.00000000
2 0 1
26.64351800 1.00000000
3 0 1
84.25323200 1.00000000
4 0 1
266.43518300 1.00000000
5 0 1
842.53232000 1.00000000
6 0 1
2664.35183300 1.00000000
7 0 1
8425.32320300 1.00000000
8 0 1
26643.51833400 1.00000000
9 0 1
84253.23203100 1.00000000
10 0 1
266435.18333700 1.00000000
11 0 1
842532.32030500 1.00000000
12 0 1
2664351.83337000 1.00000000
13 0 1
8425323.20305000 1.00000000
14 0 1
26643518.33370500 1.00000000
15 0 1
84253232.03050300 1.00000000
16 0 1
266435183.33704799 1.00000000
17 0 1
842532320.30502605 1.00000000

O-HYDROGEN_3 H-A_3 (NAKAI-17-S) BASIS TYPE: 2
# (1S)-[1S]
17
1 0 1
12.61663600 1.00000000
2 0 1
39.89776500 1.00000000
3 0 1
126.16635800 1.00000000
4 0 1
398.97765300 1.00000000
5 0 1
1261.66358000 1.00000000
6 0 1
3989.77652600 1.00000000
7 0 1
12616.63580400 1.00000000
8 0 1
39897.76525500 1.00000000
9 0 1
126166.35804000 1.00000000
10 0 1
398977.65255100 1.00000000
11 0 1
1261663.58040100 1.00000000
12 0 1
3989776.52551200 1.00000000
13 0 1
12616635.80401100 1.00000000
14 0 1
39897765.25512400 1.00000000
15 0 1
126166358.04011101 1.00000000
16 0 1
398977652.55123597 1.00000000
17 0 1
1261663580.40110707 1.00000000

O-HYDROGEN_1 H-B_1 (NAKAI-17-S) BASIS TYPE: 2
# (1S)-[1S]
17
1 0 1
4.21590000 1.00000000
2 0 1
13.33200000 1.00000000
3 0 1
42.15900000 1.00000000
4 0 1
133.32000000 1.00000000
5 0 1
421.59000000 1.00000000
6 0 1
1333.20000000 1.00000000
7 0 1
4215.90000000 1.00000000
8 0 1
13332.00000000 1.00000000
9 0 1
42159.00000000 1.00000000
10 0 1
133320.00000000 1.00000000
11 0 1
421590.00000000 1.00000000
12 0 1
1333200.00000000 1.00000000
13 0 1
4215900.00000000 1.00000000
14 0 1
13332000.00000000 1.00000000
15 0 1
42159000.00000000 1.00000000
16 0 1
133320000.00000000 1.00000000
17 0 1
421590000.00000000 1.00000000

O-HYDROGEN_2 H-B_2 (NAKAI-17-S) BASIS TYPE: 2
# (1S)-[1S]
17
1 0 1
8.42532300 1.00000000
2 0 1
26.64351800 1.00000000
3 0 1
84.25323200 1.00000000
4 0 1
266.43518300 1.00000000
5 0 1
842.53232000 1.00000000
6 0 1
2664.35183300 1.00000000
7 0 1
8425.32320300 1.00000000
8 0 1
26643.51833400 1.00000000
9 0 1
84253.23203100 1.00000000
10 0 1
266435.18333700 1.00000000
11 0 1
842532.32030500 1.00000000
12 0 1
2664351.83337000 1.00000000
13 0 1
8425323.20305000 1.00000000
14 0 1
26643518.33370500 1.00000000
15 0 1
84253232.03050300 1.00000000
16 0 1
266435183.33704799 1.00000000
17 0 1
842532320.30502605 1.00000000

O-HYDROGEN_3 H-B_3 (NAKAI-17-S) BASIS TYPE: 2
# (1S)-[1S]
17
1 0 1
12.61663600 1.00000000
2 0 1
39.89776500 1.00000000
3 0 1
126.16635800 1.00000000
4 0 1
398.97765300 1.00000000
5 0 1
1261.66358000 1.00000000
6 0 1
3989.77652600 1.00000000
7 0 1
12616.63580400 1.00000000
8 0 1
39897.76525500 1.00000000
9 0 1
126166.35804000 1.00000000
10 0 1
398977.65255100 1.00000000
11 0 1
1261663.58040100 1.00000000
12 0 1
3989776.52551200 1.00000000
13 0 1
12616635.80401100 1.00000000
14 0 1
39897765.25512400 1.00000000
15 0 1
126166358.04011101 1.00000000
16 0 1
398977652.55123597 1.00000000
17 0 1
1261663580.40110707 1.00000000

O-HYDROGEN_1 H-C_1 (NAKAI-17-S) BASIS TYPE: 2
# (1S)-[1S]
17
1 0 1
4.21590000 1.00000000
2 0 1
13.33200000 1.00000000
3 0 1
42.15900000 1.00000000
4 0 1
133.32000000 1.00000000
5 0 1
421.59000000 1.00000000
6 0 1
1333.20000000 1.00000000
7 0 1
4215.90000000 1.00000000
8 0 1
13332.00000000 1.00000000
9 0 1
42159.00000000 1.00000000
10 0 1
133320.00000000 1.00000000
11 0 1
421590.00000000 1.00000000
12 0 1
1333200.00000000 1.00000000
13 0 1
4215900.00000000 1.00000000
14 0 1
13332000.00000000 1.00000000
15 0 1
42159000.00000000 1.00000000
16 0 1
133320000.00000000 1.00000000
17 0 1
421590000.00000000 1.00000000

O-HYDROGEN_2 H-C_2 (NAKAI-17-S) BASIS TYPE: 2
# (1S)-[1S]
17
1 0 1
8.42532300 1.00000000
2 0 1
26.64351800 1.00000000
3 0 1
84.25323200 1.00000000
4 0 1
266.43518300 1.00000000
5 0 1
842.53232000 1.00000000
6 0 1
2664.35183300 1.00000000
7 0 1
8425.32320300 1.00000000
8 0 1
26643.51833400 1.00000000
9 0 1
84253.23203100 1.00000000
10 0 1
266435.18333700 1.00000000
11 0 1
842532.32030500 1.00000000
12 0 1
2664351.83337000 1.00000000
13 0 1
8425323.20305000 1.00000000
14 0 1
26643518.33370500 1.00000000
15 0 1
84253232.03050300 1.00000000
16 0 1
266435183.33704799 1.00000000
17 0 1
842532320.30502605 1.00000000

O-HYDROGEN_3 H-C_3 (NAKAI-17-S) BASIS TYPE: 2
# (1S)-[1S]
17
1 0 1
12.61663600 1.00000000
2 0 1
39.89776500 1.00000000
3 0 1
126.16635800 1.00000000
4 0 1
398.97765300 1.00000000
5 0 1
1261.66358000 1.00000000
6 0 1
3989.77652600 1.00000000
7 0 1
12616.63580400 1.00000000
8 0 1
39897.76525500 1.00000000
9 0 1
126166.35804000 1.00000000
10 0 1
398977.65255100 1.00000000
11 0 1
1261663.58040100 1.00000000
12 0 1
3989776.52551200 1.00000000
13 0 1
12616635.80401100 1.00000000
14 0 1
39897765.25512400 1.00000000
15 0 1
126166358.04011101 1.00000000
16 0 1
398977652.55123597 1.00000000
17 0 1
1261663580.40110707 1.00000000

O-HYDROGEN_1 H-D_1 (NAKAI-17-S) BASIS TYPE: 2
# (1S)-[1S]
17
1 0 1
4.21590000 1.00000000
2 0 1
13.33200000 1.00000000
3 0 1
42.15900000 1.00000000
4 0 1
133.32000000 1.00000000
5 0 1
421.59000000 1.00000000
6 0 1
1333.20000000 1.00000000
7 0 1
4215.90000000 1.00000000
8 0 1
13332.00000000 1.00000000
9 0 1
42159.00000000 1.00000000
10 0 1
133320.00000000 1.00000000
11 0 1
421590.00000000 1.00000000
12 0 1
1333200.00000000 1.00000000
13 0 1
4215900.00000000 1.00000000
14 0 1
13332000.00000000 1.00000000
15 0 1
42159000.00000000 1.00000000
16 0 1
133320000.00000000 1.00000000
17 0 1
421590000.00000000 1.00000000

O-HYDROGEN_2 H-D_2 (NAKAI-17-S) BASIS TYPE: 2
# (1S)-[1S]
17
1 0 1
8.42532300 1.00000000
2 0 1
26.64351800 1.00000000
3 0 1
84.25323200 1.00000000
4 0 1
266.43518300 1.00000000
5 0 1
842.53232000 1.00000000
6 0 1
2664.35183300 1.00000000
7 0 1
8425.32320300 1.00000000
8 0 1
26643.51833400 1.00000000
9 0 1
84253.23203100 1.00000000
10 0 1
266435.18333700 1.00000000
11 0 1
842532.32030500 1.00000000
12 0 1
2664351.83337000 1.00000000
13 0 1
8425323.20305000 1.00000000
14 0 1
26643518.33370500 1.00000000
15 0 1
84253232.03050300 1.00000000
16 0 1
266435183.33704799 1.00000000
17 0 1
842532320.30502605 1.00000000

O-HYDROGEN_3 H-D_3 (NAKAI-17-S) BASIS TYPE: 2
# (1S)-[1S]
17
1 0 1
12.61663600 1.00000000
2 0 1
39.89776500 1.00000000
3 0 1
126.16635800 1.00000000
4 0 1
398.97765300 1.00000000
5 0 1
1261.66358000 1.00000000
6 0 1
3989.77652600 1.00000000
7 0 1
12616.63580400 1.00000000
8 0 1
39897.76525500 1.00000000
9 0 1
126166.35804000 1.00000000
10 0 1
398977.65255100 1.00000000
11 0 1
1261663.58040100 1.00000000
12 0 1
3989776.52551200 1.00000000
13 0 1
12616635.80401100 1.00000000
14 0 1
39897765.25512400 1.00000000
15 0 1
126166358.04011101 1.00000000
16 0 1
398977652.55123597 1.00000000
17 0 1
1261663580.40110707 1.00000000

O-HYDROGEN_1 H-F_1 (NAKAI-17-S) BASIS TYPE: 2
# (1S)-[1S]
17
1 0 1
4.21590000 1.00000000
2 0 1
13.33200000 1.00000000
3 0 1
42.15900000 1.00000000
4 0 1
133.32000000 1.00000000
5 0 1
421.59000000 1.00000000
6 0 1
1333.20000000 1.00000000
7 0 1
4215.90000000 1.00000000
8 0 1
13332.00000000 1.00000000
9 0 1
42159.00000000 1.00000000
10 0 1
133320.00000000 1.00000000
11 0 1
421590.00000000 1.00000000
12 0 1
1333200.00000000 1.00000000
13 0 1
4215900.00000000 1.00000000
14 0 1
13332000.00000000 1.00000000
15 0 1
42159000.00000000 1.00000000
16 0 1
133320000.00000000 1.00000000
17 0 1
421590000.00000000 1.00000000

O-HYDROGEN_2 H-F_2 (NAKAI-17-S) BASIS TYPE: 2
# (1S)-[1S]
17
1 0 1
8.42532300 1.00000000
2 0 1
26.64351800 1.00000000
3 0 1
84.25323200 1.00000000
4 0 1
266.43518300 1.00000000
5 0 1
842.53232000 1.00000000
6 0 1
2664.35183300 1.00000000
7 0 1
8425.32320300 1.00000000
8 0 1
26643.51833400 1.00000000
9 0 1
84253.23203100 1.00000000
10 0 1
266435.18333700 1.00000000
11 0 1
842532.32030500 1.00000000
12 0 1
2664351.83337000 1.00000000
13 0 1
8425323.20305000 1.00000000
14 0 1
26643518.33370500 1.00000000
15 0 1
84253232.03050300 1.00000000
16 0 1
266435183.33704799 1.00000000
17 0 1
842532320.30502605 1.00000000

O-HYDROGEN_3 H-F_3 (NAKAI-17-S) BASIS TYPE: 2
# (1S)-[1S]
17
1 0 1
12.61663600 1.00000000
2 0 1
39.89776500 1.00000000
3 0 1
126.16635800 1.00000000
4 0 1
398.97765300 1.00000000
5 0 1
1261.66358000 1.00000000
6 0 1
3989.77652600 1.00000000
7 0 1
12616.63580400 1.00000000
8 0 1
39897.76525500 1.00000000
9 0 1
126166.35804000 1.00000000
10 0 1
398977.65255100 1.00000000
11 0 1
1261663.58040100 1.00000000
12 0 1
3989776.52551200 1.00000000
13 0 1
12616635.80401100 1.00000000
14 0 1
39897765.25512400 1.00000000
15 0 1
126166358.04011101 1.00000000
16 0 1
398977652.55123597 1.00000000
17 0 1
1261663580.40110707 1.00000000

O-HYDROGEN_1 H-G_1 (NAKAI-17-S) BASIS TYPE: 2
# (1S)-[1S]
17
1 0 1
4.21590000 1.00000000
2 0 1
13.33200000 1.00000000
3 0 1
42.15900000 1.00000000
4 0 1
133.32000000 1.00000000
5 0 1
421.59000000 1.00000000
6 0 1
1333.20000000 1.00000000
7 0 1
4215.90000000 1.00000000
8 0 1
13332.00000000 1.00000000
9 0 1
42159.00000000 1.00000000
10 0 1
133320.00000000 1.00000000
11 0 1
421590.00000000 1.00000000
12 0 1
1333200.00000000 1.00000000
13 0 1
4215900.00000000 1.00000000
14 0 1
13332000.00000000 1.00000000
15 0 1
42159000.00000000 1.00000000
16 0 1
133320000.00000000 1.00000000
17 0 1
421590000.00000000 1.00000000

O-HYDROGEN_2 H-G_2 (NAKAI-17-S) BASIS TYPE: 2
# (1S)-[1S]
17
1 0 1
8.42532300 1.00000000
2 0 1
26.64351800 1.00000000
3 0 1
84.25323200 1.00000000
4 0 1
266.43518300 1.00000000
5 0 1
842.53232000 1.00000000
6 0 1
2664.35183300 1.00000000
7 0 1
8425.32320300 1.00000000
8 0 1
26643.51833400 1.00000000
9 0 1
84253.23203100 1.00000000
10 0 1
266435.18333700 1.00000000
11 0 1
842532.32030500 1.00000000
12 0 1
2664351.83337000 1.00000000
13 0 1
8425323.20305000 1.00000000
14 0 1
26643518.33370500 1.00000000
15 0 1
84253232.03050300 1.00000000
16 0 1
266435183.33704799 1.00000000
17 0 1
842532320.30502605 1.00000000

O-HYDROGEN_3 H-G_3 (NAKAI-17-S) BASIS TYPE: 2
# (1S)-[1S]
17
1 0 1
12.61663600 1.00000000
2 0 1
39.89776500 1.00000000
3 0 1
126.16635800 1.00000000
4 0 1
398.97765300 1.00000000
5 0 1
1261.66358000 1.00000000
6 0 1
3989.77652600 1.00000000
7 0 1
12616.63580400 1.00000000
8 0 1
39897.76525500 1.00000000
9 0 1
126166.35804000 1.00000000
10 0 1
398977.65255100 1.00000000
11 0 1
1261663.58040100 1.00000000
12 0 1
3989776.52551200 1.00000000
13 0 1
12616635.80401100 1.00000000
14 0 1
39897765.25512400 1.00000000
15 0 1
126166358.04011101 1.00000000
16 0 1
398977652.55123597 1.00000000
17 0 1
1261663580.40110707 1.00000000

O-HELIUM_3 HE_3 (NAKAI-17-S) BASIS TYPE: 2
# (1S)-[1S]
17
1 0 1
12.61655200 1.00000000
2 0 1
39.89750100 1.00000000
3 0 1
126.16552100 1.00000000
4 0 1
398.97500700 1.00000000
5 0 1
1261.65521400 1.00000000
6 0 1
3989.75006900 1.00000000
7 0 1
12616.55214100 1.00000000
8 0 1
39897.50068600 1.00000000
9 0 1
126165.52140700 1.00000000
10 0 1
398975.00685600 1.00000000
11 0 1
1261655.21407400 1.00000000
12 0 1
3989750.06855800 1.00000000
13 0 1
12616552.14074000 1.00000000
14 0 1
39897500.68558300 1.00000000
15 0 1
126165521.40740301 1.00000000
16 0 1
398975006.85583198 1.00000000
17 0 1
1261655214.07403398 1.00000000

O-HELIUM_3 HE-A_3 (NAKAI-17-S) BASIS TYPE: 2
# (1S)-[1S]
17
1 0 1
12.61655200 1.00000000
2 0 1
39.89750100 1.00000000
3 0 1
126.16552100 1.00000000
4 0 1
398.97500700 1.00000000
5 0 1
1261.65521400 1.00000000
6 0 1
3989.75006900 1.00000000
7 0 1
12616.55214100 1.00000000
8 0 1
39897.50068600 1.00000000
9 0 1
126165.52140700 1.00000000
10 0 1
398975.00685600 1.00000000
11 0 1
1261655.21407400 1.00000000
12 0 1
3989750.06855800 1.00000000
13 0 1
12616552.14074000 1.00000000
14 0 1
39897500.68558300 1.00000000
15 0 1
126165521.40740301 1.00000000
16 0 1
398975006.85583198 1.00000000
17 0 1
1261655214.07403398 1.00000000

O-HELIUM_3 HE-B_3 (NAKAI-17-S) BASIS TYPE: 2
# (1S)-[1S]
17
1 0 1
12.61655200 1.00000000
2 0 1
39.89750100 1.00000000
3 0 1
126.16552100 1.00000000
4 0 1
398.97500700 1.00000000
5 0 1
1261.65521400 1.00000000
6 0 1
3989.75006900 1.00000000
7 0 1
12616.55214100 1.00000000
8 0 1
39897.50068600 1.00000000
9 0 1
126165.52140700 1.00000000
10 0 1
398975.00685600 1.00000000
11 0 1
1261655.21407400 1.00000000
12 0 1
3989750.06855800 1.00000000
13 0 1
12616552.14074000 1.00000000
14 0 1
39897500.68558300 1.00000000
15 0 1
126165521.40740301 1.00000000
16 0 1
398975006.85583198 1.00000000
17 0 1
1261655214.07403398 1.00000000

O-HELIUM_4 HE_4 (NAKAI-17-S) BASIS TYPE: 2
# (1S)-[1S]
17
1 0 1
16.74355600 1.00000000
2 0 1
52.94838200 1.00000000
3 0 1
167.43555700 1.00000000
4 0 1
529.48382100 1.00000000
5 0 1
1674.35556600 1.00000000
6 0 1
5294.83821100 1.00000000
7 0 1
16743.55566400 1.00000000
8 0 1
52948.38210600 1.00000000
9 0 1
167435.55664500 1.00000000
10 0 1
529483.82105600 1.00000000
11 0 1
1674355.56644900 1.00000000
12 0 1
5294838.21055900 1.00000000
13 0 1
16743555.66448700 1.00000000
14 0 1
52948382.10558600 1.00000000
15 0 1
167435556.64487001 1.00000000
16 0 1
529483821.05585998 1.00000000
17 0 1
1674355566.44869494 1.00000000

O-LITHIUM_6 LI_6 (NAKAI-17-S) BASIS TYPE: 2
# (1S)-[1S]
17
1 0 1
25.16225800 1.00000000
2 0 1
79.57096400 1.00000000
3 0 1
251.62258200 1.00000000
4 0 1
795.70963700 1.00000000
5 0 1
2516.22581700 1.00000000
6 0 1
7957.09637100 1.00000000
7 0 1
25162.25817000 1.00000000
8 0 1
79570.96371300 1.00000000
9 0 1
251622.58169700 1.00000000
10 0 1
795709.63713200 1.00000000
11 0 1
2516225.81696900 1.00000000
12 0 1
7957096.37131700 1.00000000
13 0 1
25162258.16969400 1.00000000
14 0 1
79570963.71317300 1.00000000
15 0 1
251622581.69694400 1.00000000
16 0 1
795709637.13172805 1.00000000
17 0 1
2516225816.96943617 1.00000000

O-LITHIUM_7 LI_7 (NAKAI-17-S) BASIS TYPE: 2
# (1S)-[1S]
17
1 0 1
29.34911400 1.00000000
2 0 1
92.81111800 1.00000000
3 0 1
293.49114400 1.00000000
4 0 1
928.11118300 1.00000000
5 0 1
2934.91144400 1.00000000
6 0 1
9281.11183300 1.00000000
7 0 1
29349.11444300 1.00000000
8 0 1
92811.11832700 1.00000000
9 0 1
293491.14442900 1.00000000
10 0 1
928111.18326600 1.00000000
11 0 1
2934911.44429400 1.00000000
12 0 1
9281111.83266300 1.00000000
13 0 1
29349114.44293700 1.00000000
14 0 1
92811118.32663000 1.00000000
15 0 1
293491144.42937201 1.00000000
16 0 1
928111183.26629996 1.00000000
17 0 1
2934911444.29372501 1.00000000

O-BERYLLIUM_9 BE_9 (NAKAI-17-S) BASIS TYPE: 2
# (1S)-[1S]
17
1 0 1
37.69946000 1.00000000
2 0 1
119.21753500 1.00000000
3 0 1
376.99460200 1.00000000
4 0 1
1192.17534500 1.00000000
5 0 1
3769.94602400 1.00000000
6 0 1
11921.75345500 1.00000000
7 0 1
37699.46023900 1.00000000
8 0 1
119217.53454900 1.00000000
9 0 1
376994.60238900 1.00000000
10 0 1
1192175.34548900 1.00000000
11 0 1
3769946.02388800 1.00000000
12 0 1
11921753.45489200 1.00000000
13 0 1
37699460.23888200 1.00000000
14 0 1
119217534.54891700 1.00000000
15 0 1
376994602.38882399 1.00000000
16 0 1
1192175345.48917198 1.00000000
17 0 1
3769946023.88823891 1.00000000

O-BORON_10 B_10 (NAKAI-17-S) BASIS TYPE: 2
# (1S)-[1S]
17
1 0 1
41.88578500 1.00000000
2 0 1
132.45600800 1.00000000
3 0 1
418.85784800 1.00000000
4 0 1
1324.56007800 1.00000000
5 0 1
4188.57848300 1.00000000
6 0 1
13245.60078200 1.00000000
7 0 1
41885.78483200 1.00000000
8 0 1
132456.00782300 1.00000000
9 0 1
418857.84831900 1.00000000
10 0 1
1324560.07822500 1.00000000
11 0 1
4188578.48319100 1.00000000
12 0 1
13245600.78225300 1.00000000
13 0 1
41885784.83190700 1.00000000
14 0 1
132456007.82252499 1.00000000
15 0 1
418857848.31906998 1.00000000
16 0 1
1324560078.22525191 1.00000000
17 0 1
4188578483.19070005 1.00000000

O-BORON_11 B_11 (NAKAI-17-S) BASIS TYPE: 2
# (1S)-[1S]
17
1 0 1
46.05376000 1.00000000
2 0 1
145.63645600 1.00000000
3 0 1
460.53760400 1.00000000
4 0 1
1456.36455700 1.00000000
5 0 1
4605.37603800 1.00000000
6 0 1
14563.64556600 1.00000000
7 0 1
46053.76038200 1.00000000
8 0 1
145636.45566100 1.00000000
9 0 1
460537.60382500 1.00000000
10 0 1
1456364.55660600 1.00000000
11 0 1
4605376.03825000 1.00000000
12 0 1
14563645.56605900 1.00000000
13 0 1
46053760.38249900 1.00000000
14 0 1
145636455.66058999 1.00000000
15 0 1
460537603.82499498 1.00000000
16 0 1
1456364556.60590410 1.00000000
17 0 1
4605376038.24994755 1.00000000

O-CARBON_12 C_12 (NAKAI-17-S) BASIS TYPE: 2
# (1S)-[1S]
17
1 0 1
50.19800100 1.00000000
2 0 1
158.74184500 1.00000000
3 0 1
501.98000600 1.00000000
4 0 1
1587.41845100 1.00000000
5 0 1
5019.80006500 1.00000000
6 0 1
15874.18450600 1.00000000
7 0 1
50198.00064500 1.00000000
8 0 1
158741.84506300 1.00000000
9 0 1
501980.00645000 1.00000000
10 0 1
1587418.45062600 1.00000000
11 0 1
5019800.06450200 1.00000000
12 0 1
15874184.50625800 1.00000000
13 0 1
50198000.64501500 1.00000000
14 0 1
158741845.06258300 1.00000000
15 0 1
501980006.45015299 1.00000000
16 0 1
1587418450.62583208 1.00000000
17 0 1
5019800064.50153446 1.00000000

O-CARBON_13 C_13 (NAKAI-17-S) BASIS TYPE: 2
# (1S)-[1S]
17
1 0 1
54.39520100 1.00000000
2 0 1
172.01471100 1.00000000
3 0 1
543.95201100 1.00000000
4 0 1
1720.14711100 1.00000000
5 0 1
5439.52010500 1.00000000
6 0 1
17201.47110800 1.00000000
7 0 1
54395.20105300 1.00000000
8 0 1
172014.71107900 1.00000000
9 0 1
543952.01053000 1.00000000
10 0 1
1720147.11079200 1.00000000
11 0 1
5439520.10530300 1.00000000
12 0 1
17201471.10792400 1.00000000
13 0 1
54395201.05302800 1.00000000
14 0 1
172014711.07923999 1.00000000
15 0 1
543952010.53027797 1.00000000
16 0 1
1720147110.79239607 1.00000000
17 0 1
5439520105.30277634 1.00000000

O-NITROGEN_14 N_14 (NAKAI-17-S) BASIS TYPE: 2
# (1S)-[1S]
17
1 0 1
58.57719300 1.00000000
2 0 1
185.23948400 1.00000000
3 0 1
585.77193100 1.00000000
4 0 1
1852.39483600 1.00000000
5 0 1
5857.71931400 1.00000000
6 0 1
18523.94836100 1.00000000
7 0 1
58577.19314000 1.00000000
8 0 1
185239.48360800 1.00000000
9 0 1
585771.93140200 1.00000000
10 0 1
1852394.83608400 1.00000000
11 0 1
5857719.31401600 1.00000000
12 0 1
18523948.36083900 1.00000000
13 0 1
58577193.14016100 1.00000000
14 0 1
185239483.60839200 1.00000000
15 0 1
585771931.40160596 1.00000000
16 0 1
1852394836.08392406 1.00000000
17 0 1
5857719314.01606369 1.00000000

O-NITROGEN_15 N_15 (NAKAI-17-S) BASIS TYPE: 2
# (1S)-[1S]
17
1 0 1
62.74795700 1.00000000
2 0 1
198.42874800 1.00000000
3 0 1
627.47956800 1.00000000
4 0 1
1984.28748200 1.00000000
5 0 1
6274.79567700 1.00000000
6 0 1
19842.87482300 1.00000000
7 0 1
62747.95677100 1.00000000
8 0 1
198428.74823300 1.00000000
9 0 1
627479.56771200 1.00000000
10 0 1
1984287.48232700 1.00000000
11 0 1
6274795.67712400 1.00000000
12 0 1
19842874.82326900 1.00000000
13 0 1
62747956.77124200 1.00000000
14 0 1
198428748.23269099 1.00000000
15 0 1
627479567.71242201 1.00000000
16 0 1
1984287482.32690811 1.00000000
17 0 1
6274795677.12422085 1.00000000

O-OXYGEN_16 O_16 (NAKAI-17-S) BASIS TYPE: 2
# (1S)-[1S]
17
1 0 1
66.90939200 1.00000000
2 0 1
211.58851300 1.00000000
3 0 1
669.09391900 1.00000000
4 0 1
2115.88513300 1.00000000
5 0 1
6690.93919400 1.00000000
6 0 1
21158.85133300 1.00000000
7 0 1
66909.39194100 1.00000000
8 0 1
211588.51333100 1.00000000
9 0 1
669093.91940700 1.00000000
10 0 1
2115885.13331200 1.00000000
11 0 1
6690939.19406800 1.00000000
12 0 1
21158851.33312400 1.00000000
13 0 1
66909391.94068100 1.00000000
14 0 1
211588513.33123699 1.00000000
15 0 1
669093919.40681195 1.00000000
16 0 1
2115885133.31236792 1.00000000
17 0 1
6690939194.06811619 1.00000000

O-OXYGEN_17 O_17 (NAKAI-17-S) BASIS TYPE: 2
# (1S)-[1S]
17
1 0 1
71.11019900 1.00000000
2 0 1
224.87278500 1.00000000
3 0 1
711.10199100 1.00000000
4 0 1
2248.72784900 1.00000000
5 0 1
7111.01990800 1.00000000
6 0 1
22487.27849500 1.00000000
7 0 1
71110.19907500 1.00000000
8 0 1
224872.78495000 1.00000000
9 0 1
711101.99075200 1.00000000
10 0 1
2248727.84949900 1.00000000
11 0 1
7111019.90751700 1.00000000
12 0 1
22487278.49498900 1.00000000
13 0 1
71110199.07517400 1.00000000
14 0 1
224872784.94988599 1.00000000
15 0 1
711101990.75174201 1.00000000
16 0 1
2248727849.49885607 1.00000000
17 0 1
7111019907.51742172 1.00000000

O-OXYGEN_18 O_18 (NAKAI-17-S) BASIS TYPE: 2
# (1S)-[1S]
17
1 0 1
75.29348900 1.00000000
2 0 1
238.10166100 1.00000000
3 0 1
752.93488800 1.00000000
4 0 1
2381.01661000 1.00000000
5 0 1
7529.34887800 1.00000000
6 0 1
23810.16609600 1.00000000
7 0 1
75293.48878000 1.00000000
8 0 1
238101.66095500 1.00000000
9 0 1
752934.88780500 1.00000000
10 0 1
2381016.60955300 1.00000000
11 0 1
7529348.87804900 1.00000000
12 0 1
23810166.09553200 1.00000000
13 0 1
75293488.78049199 1.00000000
14 0 1
238101660.95531601 1.00000000
15 0 1
752934887.80491900 1.00000000
16 0 1
2381016609.55316401 1.00000000
17 0 1
7529348878.04919243 1.00000000

O-FLUORINE_19 F_19 (NAKAI-17-S) BASIS TYPE: 2
# (1S)-[1S]
17
1 0 1
79.47348800 1.00000000
2 0 1
251.32013100 1.00000000
3 0 1
794.73488000 1.00000000
4 0 1
2513.20131400 1.00000000
5 0 1
7947.34880100 1.00000000
6 0 1
25132.01314300 1.00000000
7 0 1
79473.48800700 1.00000000
8 0 1
251320.13143300 1.00000000
9 0 1
794734.88007100 1.00000000
10 0 1
2513201.31433400 1.00000000
11 0 1
7947348.80070600 1.00000000
12 0 1
25132013.14334000 1.00000000
13 0 1
79473488.00705700 1.00000000
14 0 1
251320131.43340400 1.00000000
15 0 1
794734880.07057297 1.00000000
16 0 1
2513201314.33404016 1.00000000
17 0 1
7947348800.70573044 1.00000000

O-NEON_20 NE_20 (NAKAI-17-S) BASIS TYPE: 2
# (1S)-[1S]
17
1 0 1
83.63171100 1.00000000
2 0 1
264.46973700 1.00000000
3 0 1
836.31710500 1.00000000
4 0 1
2644.69737100 1.00000000
5 0 1
8363.17105000 1.00000000
6 0 1
26446.97370500 1.00000000
7 0 1
83631.71050400 1.00000000
8 0 1
264469.73705300 1.00000000
9 0 1
836317.10504300 1.00000000
10 0 1
2644697.37053300 1.00000000
11 0 1
8363171.05042900 1.00000000
12 0 1
26446973.70533300 1.00000000
13 0 1
83631710.50428601 1.00000000
14 0 1
264469737.05333301 1.00000000
15 0 1
836317105.04286397 1.00000000
16 0 1
2644697370.53332806 1.00000000
17 0 1
8363171050.42863560 1.00000000

O-NEON_21 NE_21 (NAKAI-17-S) BASIS TYPE: 2
# (1S)-[1S]
17
1 0 1
87.82075800 1.00000000
2 0 1
277.71682100 1.00000000
3 0 1
878.20757900 1.00000000
4 0 1
2777.16820700 1.00000000
5 0 1
8782.07579200 1.00000000
6 0 1
27771.68207500 1.00000000
7 0 1
87820.75792100 1.00000000
8 0 1
277716.82075000 1.00000000
9 0 1
878207.57920700 1.00000000
10 0 1
2777168.20749800 1.00000000
11 0 1
8782075.79207300 1.00000000
12 0 1
27771682.07498100 1.00000000
13 0 1
87820757.92072700 1.00000000
14 0 1
277716820.74981201 1.00000000
15 0 1
878207579.20727098 1.00000000
16 0 1
2777168207.49812412 1.00000000
17 0 1
8782075792.07271385 1.00000000

O-NEON_22 NE_22 (NAKAI-17-S) BASIS TYPE: 2
# (1S)-[1S]
17
1 0 1
91.99363200 1.00000000
2 0 1
290.91275900 1.00000000
3 0 1
919.93632000 1.00000000
4 0 1
2909.12759100 1.00000000
5 0 1
9199.36319600 1.00000000
6 0 1
29091.27591500 1.00000000
7 0 1
91993.63195900 1.00000000
8 0 1
290912.75914500 1.00000000
9 0 1
919936.31959300 1.00000000
10 0 1
2909127.59145300 1.00000000
11 0 1
9199363.19592600 1.00000000
12 0 1
29091275.91453300 1.00000000
13 0 1
91993631.95925701 1.00000000
14 0 1
290912759.14533401 1.00000000
15 0 1
919936319.59256804 1.00000000
16 0 1
2909127591.45333576 1.00000000
17 0 1
9199363195.92568207 1.00000000

O-SODIUM_23 NA_23 (NAKAI-17-S) BASIS TYPE: 2
# (1S)-[1S]
17
1 0 1
96.17016000 1.00000000
2 0 1
304.12025200 1.00000000
3 0 1
961.70159700 1.00000000
4 0 1
3041.20251600 1.00000000
5 0 1
9617.01596700 1.00000000
6 0 1
30412.02516000 1.00000000
7 0 1
96170.15967000 1.00000000
8 0 1
304120.25160000 1.00000000
9 0 1
961701.59670000 1.00000000
10 0 1
3041202.51600000 1.00000000
11 0 1
9617015.96700000 1.00000000
12 0 1
30412025.16000000 1.00000000
13 0 1
96170159.67000000 1.00000000
14 0 1
304120251.60000002 1.00000000
15 0 1
961701596.70000005 1.00000000
16 0 1
3041202516.00000000 1.00000000
17 0 1
9617015967.00000000 1.00000000

O-MAGNESIUM_24 MG_24 (NAKAI-17-S) BASIS TYPE: 2
# (1S)-[1S]
17
1 0 1
100.33336100 1.00000000
2 0 1
317.28560200 1.00000000
3 0 1
1003.33360900 1.00000000
4 0 1
3172.85601600 1.00000000
5 0 1
10033.33609200 1.00000000
6 0 1
31728.56016000 1.00000000
7 0 1
100333.36092000 1.00000000
8 0 1
317285.60160000 1.00000000
9 0 1
1003333.60920000 1.00000000
10 0 1
3172856.01600000 1.00000000
11 0 1
10033336.09200000 1.00000000
12 0 1
31728560.16000000 1.00000000
13 0 1
100333360.92000000 1.00000000
14 0 1
317285601.60000002 1.00000000
15 0 1
1003333609.20000005 1.00000000
16 0 1
3172856016.00000000 1.00000000
17 0 1
10033336092.00000000 1.00000000

O-MAGNESIUM_25 MG_25 (NAKAI-17-S) BASIS TYPE: 2
# (1S)-[1S]
17
1 0 1
104.51975000 1.00000000
2 0 1
330.52427800 1.00000000
3 0 1
1045.19749600 1.00000000
4 0 1
3305.24277600 1.00000000
5 0 1
10451.97496200 1.00000000
6 0 1
33052.42776000 1.00000000
7 0 1
104519.74962000 1.00000000
8 0 1
330524.27760000 1.00000000
9 0 1
1045197.49620000 1.00000000
10 0 1
3305242.77600000 1.00000000
11 0 1
10451974.96200000 1.00000000
12 0 1
33052427.76000000 1.00000000
13 0 1
104519749.62000000 1.00000000
14 0 1
330524277.60000002 1.00000000
15 0 1
1045197496.20000005 1.00000000
16 0 1
3305242776.00000000 1.00000000
17 0 1
10451974962.00000000 1.00000000

O-MAGNESIUM_26 MG_26 (NAKAI-17-S) BASIS TYPE: 2
# (1S)-[1S]
17
1 0 1
108.68969600 1.00000000
2 0 1
343.71095900 1.00000000
3 0 1
1086.89696300 1.00000000
4 0 1
3437.10958800 1.00000000
5 0 1
10868.96963100 1.00000000
6 0 1
34371.09588000 1.00000000
7 0 1
108689.69631000 1.00000000
8 0 1
343710.95880000 1.00000000
9 0 1
1086896.96310000 1.00000000
10 0 1
3437109.58800000 1.00000000
11 0 1
10868969.63100000 1.00000000
12 0 1
34371095.88000000 1.00000000
13 0 1
108689696.31000000 1.00000000
14 0 1
343710958.80000001 1.00000000
15 0 1
1086896963.09999990 1.00000000
16 0 1
3437109588.00000000 1.00000000
17 0 1
10868969631.00000000 1.00000000

O-ALUMINIUM_27 AL_27 (NAKAI-17-S) BASIS TYPE: 2
# (1S)-[1S]
17
1 0 1
112.86807500 1.00000000
2 0 1
356.92430400 1.00000000
3 0 1
1128.68074800 1.00000000
4 0 1
3569.24304000 1.00000000
5 0 1
11286.80748000 1.00000000
6 0 1
35692.43040000 1.00000000
7 0 1
112868.07480000 1.00000000
8 0 1
356924.30400000 1.00000000
9 0 1
1128680.74800000 1.00000000
10 0 1
3569243.04000000 1.00000000
11 0 1
11286807.48000000 1.00000000
12 0 1
35692430.40000000 1.00000000
13 0 1
112868074.80000000 1.00000000
14 0 1
356924304.00000000 1.00000000
15 0 1
1128680748.00000000 1.00000000
16 0 1
3569243040.00000000 1.00000000
17 0 1
11286807480.00000000 1.00000000

O-SILICON_28 SI_28 (NAKAI-17-S) BASIS TYPE: 2
# (1S)-[1S]
17
1 0 1
117.03211900 1.00000000
2 0 1
370.09232000 1.00000000
3 0 1
1170.32119200 1.00000000
4 0 1
3700.92320400 1.00000000
5 0 1
11703.21192300 1.00000000
6 0 1
37009.23204000 1.00000000
7 0 1
117032.11923000 1.00000000
8 0 1
370092.32040000 1.00000000
9 0 1
1170321.19230000 1.00000000
10 0 1
3700923.20400000 1.00000000
11 0 1
11703211.92300000 1.00000000
12 0 1
37009232.04000000 1.00000000
13 0 1
117032119.23000000 1.00000000
14 0 1
370092320.39999998 1.00000000
15 0 1
1170321192.29999995 1.00000000
16 0 1
3700923204.00000000 1.00000000
17 0 1
11703211923.00000000 1.00000000

O-SILICON_29 SI_29 (NAKAI-17-S) BASIS TYPE: 2
# (1S)-[1S]
17
1 0 1
121.21344900 1.00000000
2 0 1
383.31499800 1.00000000
3 0 1
1212.13448800 1.00000000
4 0 1
3833.14998000 1.00000000
5 0 1
12121.34488500 1.00000000
6 0 1
38331.49980000 1.00000000
7 0 1
121213.44885000 1.00000000
8 0 1
383314.99800000 1.00000000
9 0 1
1212134.48850000 1.00000000
10 0 1
3833149.98000000 1.00000000
11 0 1
12121344.88500000 1.00000000
12 0 1
38331499.80000000 1.00000000
13 0 1
121213448.84999999 1.00000000
14 0 1
383314998.00000000 1.00000000
15 0 1
1212134488.50000000 1.00000000
16 0 1
3833149980.00000000 1.00000000
17 0 1
12121344885.00000000 1.00000000

O-SILICON_30 SI_30 (NAKAI-17-S) BASIS TYPE: 2
# (1S)-[1S]
17
1 0 1
125.38508200 1.00000000
2 0 1
396.50701200 1.00000000
3 0 1
1253.85081900 1.00000000
4 0 1
3965.07012000 1.00000000
5 0 1
12538.50819000 1.00000000
6 0 1
39650.70120000 1.00000000
7 0 1
125385.08190000 1.00000000
8 0 1
396507.01200000 1.00000000
9 0 1
1253850.81900000 1.00000000
10 0 1
3965070.12000000 1.00000000
11 0 1
12538508.19000000 1.00000000
12 0 1
39650701.20000000 1.00000000
13 0 1
125385081.90000001 1.00000000
14 0 1
396507012.00000000 1.00000000
15 0 1
1253850819.00000000 1.00000000
16 0 1
3965070120.00000000 1.00000000
17 0 1
12538508190.00000000 1.00000000

O-PHOSPHORUS_31 P_31 (NAKAI-17-S) BASIS TYPE: 2
# (1S)-[1S]
17
1 0 1
129.56851900 1.00000000
2 0 1
409.73635600 1.00000000
3 0 1
1295.68519500 1.00000000
4 0 1
4097.36355600 1.00000000
5 0 1
12956.85194700 1.00000000
6 0 1
40973.63556000 1.00000000
7 0 1
129568.51947000 1.00000000
8 0 1
409736.35560000 1.00000000
9 0 1
1295685.19470000 1.00000000
10 0 1
4097363.55600000 1.00000000
11 0 1
12956851.94700000 1.00000000
12 0 1
40973635.56000000 1.00000000
13 0 1
129568519.47000000 1.00000000
14 0 1
409736355.60000002 1.00000000
15 0 1
1295685194.70000005 1.00000000
16 0 1
4097363556.00000000 1.00000000
17 0 1
12956851947.00000000 1.00000000

O-SULFUR_32 S_32 (NAKAI-17-S) BASIS TYPE: 2
# (1S)-[1S]
17
1 0 1
133.74436800 1.00000000
2 0 1
422.94170200 1.00000000
3 0 1
1337.44368400 1.00000000
4 0 1
4229.41701600 1.00000000
5 0 1
13374.43684200 1.00000000
6 0 1
42294.17016000 1.00000000
7 0 1
133744.36842000 1.00000000
8 0 1
422941.70160000 1.00000000
9 0 1
1337443.68420000 1.00000000
10 0 1
4229417.01600000 1.00000000
11 0 1
13374436.84200000 1.00000000
12 0 1
42294170.16000000 1.00000000
13 0 1
133744368.42000000 1.00000000
14 0 1
422941701.60000002 1.00000000
15 0 1
1337443684.20000005 1.00000000
16 0 1
4229417016.00000000 1.00000000
17 0 1
13374436842.00000000 1.00000000

O-SULFUR_33 S_33 (NAKAI-17-S) BASIS TYPE: 2
# (1S)-[1S]
17
1 0 1
137.92527600 1.00000000
2 0 1
436.16304600 1.00000000
3 0 1
1379.25276500 1.00000000
4 0 1
4361.63046000 1.00000000
5 0 1
13792.52764500 1.00000000
6 0 1
43616.30460000 1.00000000
7 0 1
137925.27645000 1.00000000
8 0 1
436163.04600000 1.00000000
9 0 1
1379252.76450000 1.00000000
10 0 1
4361630.46000000 1.00000000
11 0 1
13792527.64500000 1.00000000
12 0 1
43616304.60000000 1.00000000
13 0 1
137925276.44999999 1.00000000
14 0 1
436163046.00000000 1.00000000
15 0 1
1379252764.50000000 1.00000000
16 0 1
4361630460.00000000 1.00000000
17 0 1
13792527645.00000000 1.00000000

O-SULFUR_34 S_34 (NAKAI-17-S) BASIS TYPE: 2
# (1S)-[1S]
17
1 0 1
142.09311500 1.00000000
2 0 1
449.34306100 1.00000000
3 0 1
1420.93115200 1.00000000
4 0 1
4493.43061200 1.00000000
5 0 1
14209.31151900 1.00000000
6 0 1
44934.30612000 1.00000000
7 0 1
142093.11519000 1.00000000
8 0 1
449343.06120000 1.00000000
9 0 1
1420931.15190000 1.00000000
10 0 1
4493430.61200000 1.00000000
11 0 1
14209311.51900000 1.00000000
12 0 1
44934306.12000000 1.00000000
13 0 1
142093115.19000000 1.00000000
14 0 1
449343061.19999999 1.00000000
15 0 1
1420931151.90000010 1.00000000
16 0 1
4493430612.00000000 1.00000000
17 0 1
14209311518.99999809 1.00000000

O-CHLORINE_35 CL_35 (NAKAI-17-S) BASIS TYPE: 2
# (1S)-[1S]
17
1 0 1
146.28034700 1.00000000
2 0 1
462.58440400 1.00000000
3 0 1
1462.80347100 1.00000000
4 0 1
4625.84403600 1.00000000
5 0 1
14628.03470700 1.00000000
6 0 1
46258.44036000 1.00000000
7 0 1
146280.34707000 1.00000000
8 0 1
462584.40360000 1.00000000
9 0 1
1462803.47070000 1.00000000
10 0 1
4625844.03600000 1.00000000
11 0 1
14628034.70700000 1.00000000
12 0 1
46258440.36000000 1.00000000
13 0 1
146280347.06999999 1.00000000
14 0 1
462584403.60000002 1.00000000
15 0 1
1462803470.70000005 1.00000000
16 0 1
4625844036.00000000 1.00000000
17 0 1
14628034707.00000000 1.00000000

O-CHLORINE_37 CL_37 (NAKAI-17-S) BASIS TYPE: 2
# (1S)-[1S]
17
1 0 1
154.63457500 1.00000000
2 0 1
489.00309500 1.00000000
3 0 1
1546.34574500 1.00000000
4 0 1
4890.03094800 1.00000000
5 0 1
15463.45745100 1.00000000
6 0 1
48900.30948000 1.00000000
7 0 1
154634.57451000 1.00000000
8 0 1
489003.09480000 1.00000000
9 0 1
1546345.74510000 1.00000000
10 0 1
4890030.94800000 1.00000000
11 0 1
15463457.45100000 1.00000000
12 0 1
48900309.48000000 1.00000000
13 0 1
154634574.50999999 1.00000000
14 0 1
489003094.80000001 1.00000000
15 0 1
1546345745.09999990 1.00000000
16 0 1
4890030948.00000000 1.00000000
17 0 1
15463457451.00000000 1.00000000

O-ARGON_36 AR_36 (NAKAI-17-S) BASIS TYPE: 2
# (1S)-[1S]
17
1 0 1
150.45830400 1.00000000
2 0 1
475.79641600 1.00000000
3 0 1
1504.58304000 1.00000000
4 0 1
4757.96415600 1.00000000
5 0 1
15045.83039700 1.00000000
6 0 1
47579.64156000 1.00000000
7 0 1
150458.30397000 1.00000000
8 0 1
475796.41560000 1.00000000
9 0 1
1504583.03970000 1.00000000
10 0 1
4757964.15600000 1.00000000
11 0 1
15045830.39700000 1.00000000
12 0 1
47579641.56000000 1.00000000
13 0 1
150458303.97000000 1.00000000
14 0 1
475796415.60000002 1.00000000
15 0 1
1504583039.70000005 1.00000000
16 0 1
4757964156.00000000 1.00000000
17 0 1
15045830397.00000000 1.00000000

O-ARGON_38 AR_38 (NAKAI-17-S) BASIS TYPE: 2
# (1S)-[1S]
17
1 0 1
158.80452100 1.00000000
2 0 1
502.18977600 1.00000000
3 0 1
1588.04521200 1.00000000
4 0 1
5021.89776000 1.00000000
5 0 1
15880.45212000 1.00000000
6 0 1
50218.97760000 1.00000000
7 0 1
158804.52120000 1.00000000
8 0 1
502189.77600000 1.00000000
9 0 1
1588045.21200000 1.00000000
10 0 1
5021897.76000000 1.00000000
11 0 1
15880452.12000000 1.00000000
12 0 1
50218977.60000000 1.00000000
13 0 1
158804521.19999999 1.00000000
14 0 1
502189776.00000000 1.00000000
15 0 1
1588045212.00000000 1.00000000
16 0 1
5021897760.00000000 1.00000000
17 0 1
15880452120.00000000 1.00000000

O-ARGON_40 AR_40 (NAKAI-17-S) BASIS TYPE: 2
# (1S)-[1S]
17
1 0 1
167.16928800 1.00000000
2 0 1
528.64179700 1.00000000
3 0 1
1671.69288400 1.00000000
4 0 1
5286.41797200 1.00000000
5 0 1
16716.92883900 1.00000000
6 0 1
52864.17972000 1.00000000
7 0 1
167169.28839000 1.00000000
8 0 1
528641.79720000 1.00000000
9 0 1
1671692.88390000 1.00000000
10 0 1
5286417.97200000 1.00000000
11 0 1
16716928.83900000 1.00000000
12 0 1
52864179.72000000 1.00000000
13 0 1
167169288.38999999 1.00000000
14 0 1
528641797.19999999 1.00000000
15 0 1
1671692883.90000010 1.00000000
16 0 1
5286417972.00000000 1.00000000
17 0 1
16716928838.99999809 1.00000000

