O-HYDROGEN_1 H_1 (NAKAI-3-SP) BASIS TYPE: 2
# (1S)-[1S]
6
1 0 1
4.21590000 1.00000000
2 0 1
13.33200000 1.00000000
3 0 1
42.15900000 1.00000000
4 1 1
4.21590000 1.00000000
5 1 1
13.33200000 1.00000000
6 1 1
42.15900000 1.00000000

O-HYDROGEN_2 H_2 (NAKAI-3-SP) BASIS TYPE: 2
# (1S)-[1S]
6
1 0 1
8.42532000 1.00000000
2 0 1
26.64350000 1.00000000
3 0 1
84.25320000 1.00000000
4 1 1
8.42532000 1.00000000
5 1 1
26.64350000 1.00000000
6 1 1
84.25320000 1.00000000

O-HYDROGEN_3 H_3 (NAKAI-3-SP) BASIS TYPE: 2
# (1S)-[1S]
6
1 0 1
12.61660000 1.00000000
2 0 1
39.89780000 1.00000000
3 0 1
126.16600000 1.00000000
4 1 1
12.61660000 1.00000000
5 1 1
39.89780000 1.00000000
6 1 1
126.16600000 1.00000000

O-HELIUM_3 HE_3 (NAKAI-3-SP) BASIS TYPE: 2
# (1S)-[1S]
6
1 0 1
12.61660000 1.00000000
2 0 1
39.89750000 1.00000000
3 0 1
126.16600000 1.00000000
4 1 1
12.61660000 1.00000000
5 1 1
39.89750000 1.00000000
6 1 1
126.16600000 1.00000000

O-HELIUM_4 HE_4 (NAKAI-3-SP) BASIS TYPE: 2
# (1S)-[1S]
6
1 0 1
16.74360000 1.00000000
2 0 1
52.94840000 1.00000000
3 0 1
167.43600000 1.00000000
4 1 1
16.74360000 1.00000000
5 1 1
52.94840000 1.00000000
6 1 1
167.43600000 1.00000000

O-LITHIUM_6 LI_6 (NAKAI-3-SP) BASIS TYPE: 2
# (1S)-[1S]
6
1 0 1
25.16230000 1.00000000
2 0 1
79.57100000 1.00000000
3 0 1
251.62300000 1.00000000
4 1 1
25.16230000 1.00000000
5 1 1
79.57100000 1.00000000
6 1 1
251.62300000 1.00000000

O-LITHIUM_7 LI_7 (NAKAI-3-SP) BASIS TYPE: 2
# (1S)-[1S]
6
1 0 1
29.34910000 1.00000000
2 0 1
92.81110000 1.00000000
3 0 1
293.49100000 1.00000000
4 1 1
29.34910000 1.00000000
5 1 1
92.81110000 1.00000000
6 1 1
293.49100000 1.00000000

O-BERYLLIUM_9 BE_9 (NAKAI-3-SP) BASIS TYPE: 2
# (1S)-[1S]
6
1 0 1
37.69950000 1.00000000
2 0 1
119.21800000 1.00000000
3 0 1
376.99500000 1.00000000
4 1 1
37.69950000 1.00000000
5 1 1
119.21800000 1.00000000
6 1 1
376.99500000 1.00000000

O-BORON_10 B_10 (NAKAI-3-SP) BASIS TYPE: 2
# (1S)-[1S]
6
1 0 1
41.88580000 1.00000000
2 0 1
132.45600000 1.00000000
3 0 1
418.85800000 1.00000000
4 1 1
41.88580000 1.00000000
5 1 1
132.45600000 1.00000000
6 1 1
418.85800000 1.00000000

O-BORON_11 B_11 (NAKAI-3-SP) BASIS TYPE: 2
# (1S)-[1S]
6
1 0 1
46.05380000 1.00000000
2 0 1
145.63600000 1.00000000
3 0 1
460.53800000 1.00000000
4 1 1
46.05380000 1.00000000
5 1 1
145.63600000 1.00000000
6 1 1
460.53800000 1.00000000

O-CARBON_12 C_12 (NAKAI-3-SP) BASIS TYPE: 2
# (1S)-[1S]
6
1 0 1
50.19800000 1.00000000
2 0 1
158.74200000 1.00000000
3 0 1
501.98000000 1.00000000
4 1 1
50.19800000 1.00000000
5 1 1
158.74200000 1.00000000
6 1 1
501.98000000 1.00000000

O-CARBON_13 C_13 (NAKAI-3-SP) BASIS TYPE: 2
# (1S)-[1S]
6
1 0 1
54.39520000 1.00000000
2 0 1
172.01500000 1.00000000
3 0 1
543.95200000 1.00000000
4 1 1
54.39520000 1.00000000
5 1 1
172.01500000 1.00000000
6 1 1
543.95200000 1.00000000

O-NITROGEN_14 N_14 (NAKAI-3-SP) BASIS TYPE: 2
# (1S)-[1S]
6
1 0 1
58.57720000 1.00000000
2 0 1
185.23900000 1.00000000
3 0 1
585.77200000 1.00000000
4 1 1
58.57720000 1.00000000
5 1 1
185.23900000 1.00000000
6 1 1
585.77200000 1.00000000

O-NITROGEN_15 N_15 (NAKAI-3-SP) BASIS TYPE: 2
# (1S)-[1S]
6
1 0 1
62.74800000 1.00000000
2 0 1
198.42900000 1.00000000
3 0 1
627.48000000 1.00000000
4 1 1
62.74800000 1.00000000
5 1 1
198.42900000 1.00000000
6 1 1
627.48000000 1.00000000

O-OXYGEN_16 O_16 (NAKAI-3-SP) BASIS TYPE: 2
# (1S)-[1S]
6
1 0 1
66.90940000 1.00000000
2 0 1
211.58900000 1.00000000
3 0 1
669.09400000 1.00000000
4 1 1
66.90940000 1.00000000
5 1 1
211.58900000 1.00000000
6 1 1
669.09400000 1.00000000

O-OXYGEN_17 O_17 (NAKAI-3-SP) BASIS TYPE: 2
# (1S)-[1S]
6
1 0 1
71.11020000 1.00000000
2 0 1
224.87300000 1.00000000
3 0 1
711.10200000 1.00000000
4 1 1
71.11020000 1.00000000
5 1 1
224.87300000 1.00000000
6 1 1
711.10200000 1.00000000

O-OXYGEN_18 O_18 (NAKAI-3-SP) BASIS TYPE: 2
# (1S)-[1S]
6
1 0 1
75.29350000 1.00000000
2 0 1
238.10200000 1.00000000
3 0 1
752.93500000 1.00000000
4 1 1
75.29350000 1.00000000
5 1 1
238.10200000 1.00000000
6 1 1
752.93500000 1.00000000

O-FLUORINE_19 F_19 (NAKAI-3-SP) BASIS TYPE: 2
# (1S)-[1S]
6
1 0 1
79.47350000 1.00000000
2 0 1
251.32000000 1.00000000
3 0 1
794.73500000 1.00000000
4 1 1
79.47350000 1.00000000
5 1 1
251.32000000 1.00000000
6 1 1
794.73500000 1.00000000

O-NEON_20 NE_20 (NAKAI-3-SP) BASIS TYPE: 2
# (1S)-[1S]
6
1 0 1
83.63170000 1.00000000
2 0 1
264.47000000 1.00000000
3 0 1
836.31700000 1.00000000
4 1 1
83.63170000 1.00000000
5 1 1
264.47000000 1.00000000
6 1 1
836.31700000 1.00000000

O-NEON_21 NE_21 (NAKAI-3-SP) BASIS TYPE: 2
# (1S)-[1S]
6
1 0 1
87.82080000 1.00000000
2 0 1
277.71700000 1.00000000
3 0 1
878.20800000 1.00000000
4 1 1
87.82080000 1.00000000
5 1 1
277.71700000 1.00000000
6 1 1
878.20800000 1.00000000

O-NEON_22 NE_22 (NAKAI-3-SP) BASIS TYPE: 2
# (1S)-[1S]
6
1 0 1
91.99360000 1.00000000
2 0 1
290.91300000 1.00000000
3 0 1
919.93600000 1.00000000
4 1 1
91.99360000 1.00000000
5 1 1
290.91300000 1.00000000
6 1 1
919.93600000 1.00000000

