O-HYDROGEN H-A_1 (NAKAI-7-S-E) BASIS TYPE: 2
#
7
1 0 1
4.21494600 1.00000000
2 0 1
13.32765925 1.00000000
3 0 1
42.14205855 1.00000000
4 0 1
133.25318915 1.00000000
5 0 1
421.34658409 1.00000000
6 0 1
1332.29789890 1.00000000
7 0 1
4212.72595633 1.00000000

O-HYDROGEN H-B_1 (NAKAI-7-S-E) BASIS TYPE: 2
#
7
1 0 1
4.21494600 1.00000000
2 0 1
13.32765925 1.00000000
3 0 1
42.14205855 1.00000000
4 0 1
133.25318915 1.00000000
5 0 1
421.34658409 1.00000000
6 0 1
1332.29789890 1.00000000
7 0 1
4212.72595633 1.00000000

O-HYDROGEN H-C_1 (NAKAI-7-S-E) BASIS TYPE: 2
#
7
1 0 1
4.21494600 1.00000000
2 0 1
13.32765925 1.00000000
3 0 1
42.14205855 1.00000000
4 0 1
133.25318915 1.00000000
5 0 1
421.34658409 1.00000000
6 0 1
1332.29789890 1.00000000
7 0 1
4212.72595633 1.00000000

O-HYDROGEN H-D_1 (NAKAI-7-S-E) BASIS TYPE: 2
#
7
1 0 1
4.21494600 1.00000000
2 0 1
13.32765925 1.00000000
3 0 1
42.14205855 1.00000000
4 0 1
133.25318915 1.00000000
5 0 1
421.34658409 1.00000000
6 0 1
1332.29789890 1.00000000
7 0 1
4212.72595633 1.00000000

O-HYDROGEN H-E_1 (NAKAI-7-S-E) BASIS TYPE: 2
#
7
1 0 1
4.21494600 1.00000000
2 0 1
13.32765925 1.00000000
3 0 1
42.14205855 1.00000000
4 0 1
133.25318915 1.00000000
5 0 1
421.34658409 1.00000000
6 0 1
1332.29789890 1.00000000
7 0 1
4212.72595633 1.00000000

O-HYDROGEN H-F_1 (NAKAI-7-S-E) BASIS TYPE: 2
#
7
1 0 1
4.21494600 1.00000000
2 0 1
13.32765925 1.00000000
3 0 1
42.14205855 1.00000000
4 0 1
133.25318915 1.00000000
5 0 1
421.34658409 1.00000000
6 0 1
1332.29789890 1.00000000
7 0 1
4212.72595633 1.00000000

O-HYDROGEN H-G_1 (NAKAI-7-S-E) BASIS TYPE: 2
#
7
1 0 1
4.21494600 1.00000000
2 0 1
13.32765925 1.00000000
3 0 1
42.14205855 1.00000000
4 0 1
133.25318915 1.00000000
5 0 1
421.34658409 1.00000000
6 0 1
1332.29789890 1.00000000
7 0 1
4212.72595633 1.00000000

O-HYDROGEN H-H_1 (NAKAI-7-S-E) BASIS TYPE: 2
#
7
1 0 1
4.21494600 1.00000000
2 0 1
13.32765925 1.00000000
3 0 1
42.14205855 1.00000000
4 0 1
133.25318915 1.00000000
5 0 1
421.34658409 1.00000000
6 0 1
1332.29789890 1.00000000
7 0 1
4212.72595633 1.00000000

O-HYDROGEN H-I_1 (NAKAI-7-S-E) BASIS TYPE: 2
#
7
1 0 1
4.21494600 1.00000000
2 0 1
13.32765925 1.00000000
3 0 1
42.14205855 1.00000000
4 0 1
133.25318915 1.00000000
5 0 1
421.34658409 1.00000000
6 0 1
1332.29789890 1.00000000
7 0 1
4212.72595633 1.00000000

O-HYDROGEN H-J_1 (NAKAI-7-S-E) BASIS TYPE: 2
#
7
1 0 1
4.21494600 1.00000000
2 0 1
13.32765925 1.00000000
3 0 1
42.14205855 1.00000000
4 0 1
133.25318915 1.00000000
5 0 1
421.34658409 1.00000000
6 0 1
1332.29789890 1.00000000
7 0 1
4212.72595633 1.00000000

O-HYDROGEN H-K_1 (NAKAI-7-S-E) BASIS TYPE: 2
#
7
1 0 1
4.21494600 1.00000000
2 0 1
13.32765925 1.00000000
3 0 1
42.14205855 1.00000000
4 0 1
133.25318915 1.00000000
5 0 1
421.34658409 1.00000000
6 0 1
1332.29789890 1.00000000
7 0 1
4212.72595633 1.00000000

O-HYDROGEN H-L_1 (NAKAI-7-S-E) BASIS TYPE: 2
#
7
1 0 1
4.21494600 1.00000000
2 0 1
13.32765925 1.00000000
3 0 1
42.14205855 1.00000000
4 0 1
133.25318915 1.00000000
5 0 1
421.34658409 1.00000000
6 0 1
1332.29789890 1.00000000
7 0 1
4212.72595633 1.00000000

O-HYDROGEN H-M_1 (NAKAI-7-S-E) BASIS TYPE: 2
#
7
1 0 1
4.21494600 1.00000000
2 0 1
13.32765925 1.00000000
3 0 1
42.14205855 1.00000000
4 0 1
133.25318915 1.00000000
5 0 1
421.34658409 1.00000000
6 0 1
1332.29789890 1.00000000
7 0 1
4212.72595633 1.00000000

O-HYDROGEN H-N_1 (NAKAI-7-S-E) BASIS TYPE: 2
#
7
1 0 1
4.21494600 1.00000000
2 0 1
13.32765925 1.00000000
3 0 1
42.14205855 1.00000000
4 0 1
133.25318915 1.00000000
5 0 1
421.34658409 1.00000000
6 0 1
1332.29789890 1.00000000
7 0 1
4212.72595633 1.00000000

O-HELIUM He-A_4 (NAKAI-7-S-E) BASIS TYPE: 2
#
7
1 0 1
16.74279000 1.00000000
2 0 1
52.94070198 1.00000000
3 0 1
167.39849966 1.00000000
4 0 1
529.31405593 1.00000000
5 0 1
1673.69104484 1.00000000
6 0 1
5292.21108379 1.00000000
7 0 1
16733.97144695 1.00000000

O-HELIUM He-B_4 (NAKAI-7-S-E) BASIS TYPE: 2
#
7
1 0 1
16.74279000 1.00000000
2 0 1
52.94070198 1.00000000
3 0 1
167.39849966 1.00000000
4 0 1
529.31405593 1.00000000
5 0 1
1673.69104484 1.00000000
6 0 1
5292.21108379 1.00000000
7 0 1
16733.97144695 1.00000000

O-HELIUM He-C_4 (NAKAI-7-S-E) BASIS TYPE: 2
#
7
1 0 1
16.74279000 1.00000000
2 0 1
52.94070198 1.00000000
3 0 1
167.39849966 1.00000000
4 0 1
529.31405593 1.00000000
5 0 1
1673.69104484 1.00000000
6 0 1
5292.21108379 1.00000000
7 0 1
16733.97144695 1.00000000

O-HELIUM He-D_4 (NAKAI-7-S-E) BASIS TYPE: 2
#
7
1 0 1
16.74279000 1.00000000
2 0 1
52.94070198 1.00000000
3 0 1
167.39849966 1.00000000
4 0 1
529.31405593 1.00000000
5 0 1
1673.69104484 1.00000000
6 0 1
5292.21108379 1.00000000
7 0 1
16733.97144695 1.00000000

O-HELIUM He-E_4 (NAKAI-7-S-E) BASIS TYPE: 2
#
7
1 0 1
16.74279000 1.00000000
2 0 1
52.94070198 1.00000000
3 0 1
167.39849966 1.00000000
4 0 1
529.31405593 1.00000000
5 0 1
1673.69104484 1.00000000
6 0 1
5292.21108379 1.00000000
7 0 1
16733.97144695 1.00000000

O-HELIUM He-F_4 (NAKAI-7-S-E) BASIS TYPE: 2
#
7
1 0 1
16.74279000 1.00000000
2 0 1
52.94070198 1.00000000
3 0 1
167.39849966 1.00000000
4 0 1
529.31405593 1.00000000
5 0 1
1673.69104484 1.00000000
6 0 1
5292.21108379 1.00000000
7 0 1
16733.97144695 1.00000000

O-HELIUM He-G_4 (NAKAI-7-S-E) BASIS TYPE: 2
#
7
1 0 1
16.74279000 1.00000000
2 0 1
52.94070198 1.00000000
3 0 1
167.39849966 1.00000000
4 0 1
529.31405593 1.00000000
5 0 1
1673.69104484 1.00000000
6 0 1
5292.21108379 1.00000000
7 0 1
16733.97144695 1.00000000

O-HELIUM He-H_4 (NAKAI-7-S-E) BASIS TYPE: 2
#
7
1 0 1
16.74279000 1.00000000
2 0 1
52.94070198 1.00000000
3 0 1
167.39849966 1.00000000
4 0 1
529.31405593 1.00000000
5 0 1
1673.69104484 1.00000000
6 0 1
5292.21108379 1.00000000
7 0 1
16733.97144695 1.00000000

O-HELIUM He-I_4 (NAKAI-7-S-E) BASIS TYPE: 2
#
7
1 0 1
16.74279000 1.00000000
2 0 1
52.94070198 1.00000000
3 0 1
167.39849966 1.00000000
4 0 1
529.31405593 1.00000000
5 0 1
1673.69104484 1.00000000
6 0 1
5292.21108379 1.00000000
7 0 1
16733.97144695 1.00000000

O-HELIUM He-J_4 (NAKAI-7-S-E) BASIS TYPE: 2
#
7
1 0 1
16.74279000 1.00000000
2 0 1
52.94070198 1.00000000
3 0 1
167.39849966 1.00000000
4 0 1
529.31405593 1.00000000
5 0 1
1673.69104484 1.00000000
6 0 1
5292.21108379 1.00000000
7 0 1
16733.97144695 1.00000000

O-HELIUM He-K_4 (NAKAI-7-S-E) BASIS TYPE: 2
#
7
1 0 1
16.74279000 1.00000000
2 0 1
52.94070198 1.00000000
3 0 1
167.39849966 1.00000000
4 0 1
529.31405593 1.00000000
5 0 1
1673.69104484 1.00000000
6 0 1
5292.21108379 1.00000000
7 0 1
16733.97144695 1.00000000

O-HELIUM He-L_4 (NAKAI-7-S-E) BASIS TYPE: 2
#
7
1 0 1
16.74279000 1.00000000
2 0 1
52.94070198 1.00000000
3 0 1
167.39849966 1.00000000
4 0 1
529.31405593 1.00000000
5 0 1
1673.69104484 1.00000000
6 0 1
5292.21108379 1.00000000
7 0 1
16733.97144695 1.00000000

O-HELIUM He-M_4 (NAKAI-7-S-E) BASIS TYPE: 2
#
7
1 0 1
16.74279000 1.00000000
2 0 1
52.94070198 1.00000000
3 0 1
167.39849966 1.00000000
4 0 1
529.31405593 1.00000000
5 0 1
1673.69104484 1.00000000
6 0 1
5292.21108379 1.00000000
7 0 1
16733.97144695 1.00000000

O-HELIUM He-N_4 (NAKAI-7-S-E) BASIS TYPE: 2
#
7
1 0 1
16.74279000 1.00000000
2 0 1
52.94070198 1.00000000
3 0 1
167.39849966 1.00000000
4 0 1
529.31405593 1.00000000
5 0 1
1673.69104484 1.00000000
6 0 1
5292.21108379 1.00000000
7 0 1
16733.97144695 1.00000000

O-LITHIUM Li-A_7 (NAKAI-7-S-E) BASIS TYPE: 2
#
7
1 0 1
29.34652200 1.00000000
2 0 1
92.79370256 1.00000000
3 0 1
293.41368751 1.00000000
4 0 1
927.77407990 1.00000000
5 0 1
2933.62164064 1.00000000
6 0 1
9276.11162770 1.00000000
7 0 1
29331.06496678 1.00000000

O-LITHIUM Li-B_7 (NAKAI-7-S-E) BASIS TYPE: 2
#
7
1 0 1
29.34652200 1.00000000
2 0 1
92.79370256 1.00000000
3 0 1
293.41368751 1.00000000
4 0 1
927.77407990 1.00000000
5 0 1
2933.62164064 1.00000000
6 0 1
9276.11162770 1.00000000
7 0 1
29331.06496678 1.00000000

O-LITHIUM Li-C_7 (NAKAI-7-S-E) BASIS TYPE: 2
#
7
1 0 1
29.34652200 1.00000000
2 0 1
92.79370256 1.00000000
3 0 1
293.41368751 1.00000000
4 0 1
927.77407990 1.00000000
5 0 1
2933.62164064 1.00000000
6 0 1
9276.11162770 1.00000000
7 0 1
29331.06496678 1.00000000

O-LITHIUM Li-D_7 (NAKAI-7-S-E) BASIS TYPE: 2
#
7
1 0 1
29.34652200 1.00000000
2 0 1
92.79370256 1.00000000
3 0 1
293.41368751 1.00000000
4 0 1
927.77407990 1.00000000
5 0 1
2933.62164064 1.00000000
6 0 1
9276.11162770 1.00000000
7 0 1
29331.06496678 1.00000000

O-LITHIUM Li-E_7 (NAKAI-7-S-E) BASIS TYPE: 2
#
7
1 0 1
29.34652200 1.00000000
2 0 1
92.79370256 1.00000000
3 0 1
293.41368751 1.00000000
4 0 1
927.77407990 1.00000000
5 0 1
2933.62164064 1.00000000
6 0 1
9276.11162770 1.00000000
7 0 1
29331.06496678 1.00000000

O-LITHIUM Li-F_7 (NAKAI-7-S-E) BASIS TYPE: 2
#
7
1 0 1
29.34652200 1.00000000
2 0 1
92.79370256 1.00000000
3 0 1
293.41368751 1.00000000
4 0 1
927.77407990 1.00000000
5 0 1
2933.62164064 1.00000000
6 0 1
9276.11162770 1.00000000
7 0 1
29331.06496678 1.00000000

O-LITHIUM Li-G_7 (NAKAI-7-S-E) BASIS TYPE: 2
#
7
1 0 1
29.34652200 1.00000000
2 0 1
92.79370256 1.00000000
3 0 1
293.41368751 1.00000000
4 0 1
927.77407990 1.00000000
5 0 1
2933.62164064 1.00000000
6 0 1
9276.11162770 1.00000000
7 0 1
29331.06496678 1.00000000

O-LITHIUM Li-H_7 (NAKAI-7-S-E) BASIS TYPE: 2
#
7
1 0 1
29.34652200 1.00000000
2 0 1
92.79370256 1.00000000
3 0 1
293.41368751 1.00000000
4 0 1
927.77407990 1.00000000
5 0 1
2933.62164064 1.00000000
6 0 1
9276.11162770 1.00000000
7 0 1
29331.06496678 1.00000000

O-LITHIUM Li-I_7 (NAKAI-7-S-E) BASIS TYPE: 2
#
7
1 0 1
29.34652200 1.00000000
2 0 1
92.79370256 1.00000000
3 0 1
293.41368751 1.00000000
4 0 1
927.77407990 1.00000000
5 0 1
2933.62164064 1.00000000
6 0 1
9276.11162770 1.00000000
7 0 1
29331.06496678 1.00000000

O-LITHIUM Li-J_7 (NAKAI-7-S-E) BASIS TYPE: 2
#
7
1 0 1
29.34652200 1.00000000
2 0 1
92.79370256 1.00000000
3 0 1
293.41368751 1.00000000
4 0 1
927.77407990 1.00000000
5 0 1
2933.62164064 1.00000000
6 0 1
9276.11162770 1.00000000
7 0 1
29331.06496678 1.00000000

O-LITHIUM Li-K_7 (NAKAI-7-S-E) BASIS TYPE: 2
#
7
1 0 1
29.34652200 1.00000000
2 0 1
92.79370256 1.00000000
3 0 1
293.41368751 1.00000000
4 0 1
927.77407990 1.00000000
5 0 1
2933.62164064 1.00000000
6 0 1
9276.11162770 1.00000000
7 0 1
29331.06496678 1.00000000

O-LITHIUM Li-L_7 (NAKAI-7-S-E) BASIS TYPE: 2
#
7
1 0 1
29.34652200 1.00000000
2 0 1
92.79370256 1.00000000
3 0 1
293.41368751 1.00000000
4 0 1
927.77407990 1.00000000
5 0 1
2933.62164064 1.00000000
6 0 1
9276.11162770 1.00000000
7 0 1
29331.06496678 1.00000000

O-LITHIUM Li-M_7 (NAKAI-7-S-E) BASIS TYPE: 2
#
7
1 0 1
29.34652200 1.00000000
2 0 1
92.79370256 1.00000000
3 0 1
293.41368751 1.00000000
4 0 1
927.77407990 1.00000000
5 0 1
2933.62164064 1.00000000
6 0 1
9276.11162770 1.00000000
7 0 1
29331.06496678 1.00000000

O-LITHIUM Li-N_7 (NAKAI-7-S-E) BASIS TYPE: 2
#
7
1 0 1
29.34652200 1.00000000
2 0 1
92.79370256 1.00000000
3 0 1
293.41368751 1.00000000
4 0 1
927.77407990 1.00000000
5 0 1
2933.62164064 1.00000000
6 0 1
9276.11162770 1.00000000
7 0 1
29331.06496678 1.00000000

O-BERYLLIUM Be-A_9 (NAKAI-7-S-E) BASIS TYPE: 2
#
7
1 0 1
37.69420200 1.00000000
2 0 1
119.18906672 1.00000000
3 0 1
376.87582898 1.00000000
4 0 1
1191.68137124 1.00000000
5 0 1
3768.09649586 1.00000000
6 0 1
11914.72111990 1.00000000
7 0 1
37674.34818113 1.00000000

O-BERYLLIUM Be-B_9 (NAKAI-7-S-E) BASIS TYPE: 2
#
7
1 0 1
37.69420200 1.00000000
2 0 1
119.18906672 1.00000000
3 0 1
376.87582898 1.00000000
4 0 1
1191.68137124 1.00000000
5 0 1
3768.09649586 1.00000000
6 0 1
11914.72111990 1.00000000
7 0 1
37674.34818113 1.00000000

O-BERYLLIUM Be-C_9 (NAKAI-7-S-E) BASIS TYPE: 2
#
7
1 0 1
37.69420200 1.00000000
2 0 1
119.18906672 1.00000000
3 0 1
376.87582898 1.00000000
4 0 1
1191.68137124 1.00000000
5 0 1
3768.09649586 1.00000000
6 0 1
11914.72111990 1.00000000
7 0 1
37674.34818113 1.00000000

O-BERYLLIUM Be-D_9 (NAKAI-7-S-E) BASIS TYPE: 2
#
7
1 0 1
37.69420200 1.00000000
2 0 1
119.18906672 1.00000000
3 0 1
376.87582898 1.00000000
4 0 1
1191.68137124 1.00000000
5 0 1
3768.09649586 1.00000000
6 0 1
11914.72111990 1.00000000
7 0 1
37674.34818113 1.00000000

O-BERYLLIUM Be-E_9 (NAKAI-7-S-E) BASIS TYPE: 2
#
7
1 0 1
37.69420200 1.00000000
2 0 1
119.18906672 1.00000000
3 0 1
376.87582898 1.00000000
4 0 1
1191.68137124 1.00000000
5 0 1
3768.09649586 1.00000000
6 0 1
11914.72111990 1.00000000
7 0 1
37674.34818113 1.00000000

O-BERYLLIUM Be-F_9 (NAKAI-7-S-E) BASIS TYPE: 2
#
7
1 0 1
37.69420200 1.00000000
2 0 1
119.18906672 1.00000000
3 0 1
376.87582898 1.00000000
4 0 1
1191.68137124 1.00000000
5 0 1
3768.09649586 1.00000000
6 0 1
11914.72111990 1.00000000
7 0 1
37674.34818113 1.00000000

O-BERYLLIUM Be-G_9 (NAKAI-7-S-E) BASIS TYPE: 2
#
7
1 0 1
37.69420200 1.00000000
2 0 1
119.18906672 1.00000000
3 0 1
376.87582898 1.00000000
4 0 1
1191.68137124 1.00000000
5 0 1
3768.09649586 1.00000000
6 0 1
11914.72111990 1.00000000
7 0 1
37674.34818113 1.00000000

O-BERYLLIUM Be-H_9 (NAKAI-7-S-E) BASIS TYPE: 2
#
7
1 0 1
37.69420200 1.00000000
2 0 1
119.18906672 1.00000000
3 0 1
376.87582898 1.00000000
4 0 1
1191.68137124 1.00000000
5 0 1
3768.09649586 1.00000000
6 0 1
11914.72111990 1.00000000
7 0 1
37674.34818113 1.00000000

O-BERYLLIUM Be-I_9 (NAKAI-7-S-E) BASIS TYPE: 2
#
7
1 0 1
37.69420200 1.00000000
2 0 1
119.18906672 1.00000000
3 0 1
376.87582898 1.00000000
4 0 1
1191.68137124 1.00000000
5 0 1
3768.09649586 1.00000000
6 0 1
11914.72111990 1.00000000
7 0 1
37674.34818113 1.00000000

O-BERYLLIUM Be-J_9 (NAKAI-7-S-E) BASIS TYPE: 2
#
7
1 0 1
37.69420200 1.00000000
2 0 1
119.18906672 1.00000000
3 0 1
376.87582898 1.00000000
4 0 1
1191.68137124 1.00000000
5 0 1
3768.09649586 1.00000000
6 0 1
11914.72111990 1.00000000
7 0 1
37674.34818113 1.00000000

O-BERYLLIUM Be-K_9 (NAKAI-7-S-E) BASIS TYPE: 2
#
7
1 0 1
37.69420200 1.00000000
2 0 1
119.18906672 1.00000000
3 0 1
376.87582898 1.00000000
4 0 1
1191.68137124 1.00000000
5 0 1
3768.09649586 1.00000000
6 0 1
11914.72111990 1.00000000
7 0 1
37674.34818113 1.00000000

O-BERYLLIUM Be-L_9 (NAKAI-7-S-E) BASIS TYPE: 2
#
7
1 0 1
37.69420200 1.00000000
2 0 1
119.18906672 1.00000000
3 0 1
376.87582898 1.00000000
4 0 1
1191.68137124 1.00000000
5 0 1
3768.09649586 1.00000000
6 0 1
11914.72111990 1.00000000
7 0 1
37674.34818113 1.00000000

O-BERYLLIUM Be-M_9 (NAKAI-7-S-E) BASIS TYPE: 2
#
7
1 0 1
37.69420200 1.00000000
2 0 1
119.18906672 1.00000000
3 0 1
376.87582898 1.00000000
4 0 1
1191.68137124 1.00000000
5 0 1
3768.09649586 1.00000000
6 0 1
11914.72111990 1.00000000
7 0 1
37674.34818113 1.00000000

O-BERYLLIUM Be-N_9 (NAKAI-7-S-E) BASIS TYPE: 2
#
7
1 0 1
37.69420200 1.00000000
2 0 1
119.18906672 1.00000000
3 0 1
376.87582898 1.00000000
4 0 1
1191.68137124 1.00000000
5 0 1
3768.09649586 1.00000000
6 0 1
11914.72111990 1.00000000
7 0 1
37674.34818113 1.00000000

O-BORON B-A_11 (NAKAI-7-S-E) BASIS TYPE: 2
#
7
1 0 1
46.04820600 1.00000000
2 0 1
145.60442737 1.00000000
3 0 1
460.40119935 1.00000000
4 0 1
1455.78859235 1.00000000
5 0 1
4603.20352900 1.00000000
6 0 1
14555.32955869 1.00000000
7 0 1
46023.95206457 1.00000000

O-BORON B-B_11 (NAKAI-7-S-E) BASIS TYPE: 2
#
7
1 0 1
46.04820600 1.00000000
2 0 1
145.60442737 1.00000000
3 0 1
460.40119935 1.00000000
4 0 1
1455.78859235 1.00000000
5 0 1
4603.20352900 1.00000000
6 0 1
14555.32955869 1.00000000
7 0 1
46023.95206457 1.00000000

O-BORON B-C_11 (NAKAI-7-S-E) BASIS TYPE: 2
#
7
1 0 1
46.04820600 1.00000000
2 0 1
145.60442737 1.00000000
3 0 1
460.40119935 1.00000000
4 0 1
1455.78859235 1.00000000
5 0 1
4603.20352900 1.00000000
6 0 1
14555.32955869 1.00000000
7 0 1
46023.95206457 1.00000000

O-BORON B-D_11 (NAKAI-7-S-E) BASIS TYPE: 2
#
7
1 0 1
46.04820600 1.00000000
2 0 1
145.60442737 1.00000000
3 0 1
460.40119935 1.00000000
4 0 1
1455.78859235 1.00000000
5 0 1
4603.20352900 1.00000000
6 0 1
14555.32955869 1.00000000
7 0 1
46023.95206457 1.00000000

O-BORON B-E_11 (NAKAI-7-S-E) BASIS TYPE: 2
#
7
1 0 1
46.04820600 1.00000000
2 0 1
145.60442737 1.00000000
3 0 1
460.40119935 1.00000000
4 0 1
1455.78859235 1.00000000
5 0 1
4603.20352900 1.00000000
6 0 1
14555.32955869 1.00000000
7 0 1
46023.95206457 1.00000000

O-BORON B-F_11 (NAKAI-7-S-E) BASIS TYPE: 2
#
7
1 0 1
46.04820600 1.00000000
2 0 1
145.60442737 1.00000000
3 0 1
460.40119935 1.00000000
4 0 1
1455.78859235 1.00000000
5 0 1
4603.20352900 1.00000000
6 0 1
14555.32955869 1.00000000
7 0 1
46023.95206457 1.00000000

O-BORON B-G_11 (NAKAI-7-S-E) BASIS TYPE: 2
#
7
1 0 1
46.04820600 1.00000000
2 0 1
145.60442737 1.00000000
3 0 1
460.40119935 1.00000000
4 0 1
1455.78859235 1.00000000
5 0 1
4603.20352900 1.00000000
6 0 1
14555.32955869 1.00000000
7 0 1
46023.95206457 1.00000000

O-BORON B-H_11 (NAKAI-7-S-E) BASIS TYPE: 2
#
7
1 0 1
46.04820600 1.00000000
2 0 1
145.60442737 1.00000000
3 0 1
460.40119935 1.00000000
4 0 1
1455.78859235 1.00000000
5 0 1
4603.20352900 1.00000000
6 0 1
14555.32955869 1.00000000
7 0 1
46023.95206457 1.00000000

O-BORON B-I_11 (NAKAI-7-S-E) BASIS TYPE: 2
#
7
1 0 1
46.04820600 1.00000000
2 0 1
145.60442737 1.00000000
3 0 1
460.40119935 1.00000000
4 0 1
1455.78859235 1.00000000
5 0 1
4603.20352900 1.00000000
6 0 1
14555.32955869 1.00000000
7 0 1
46023.95206457 1.00000000

O-BORON B-J_11 (NAKAI-7-S-E) BASIS TYPE: 2
#
7
1 0 1
46.04820600 1.00000000
2 0 1
145.60442737 1.00000000
3 0 1
460.40119935 1.00000000
4 0 1
1455.78859235 1.00000000
5 0 1
4603.20352900 1.00000000
6 0 1
14555.32955869 1.00000000
7 0 1
46023.95206457 1.00000000

O-BORON B-K_11 (NAKAI-7-S-E) BASIS TYPE: 2
#
7
1 0 1
46.04820600 1.00000000
2 0 1
145.60442737 1.00000000
3 0 1
460.40119935 1.00000000
4 0 1
1455.78859235 1.00000000
5 0 1
4603.20352900 1.00000000
6 0 1
14555.32955869 1.00000000
7 0 1
46023.95206457 1.00000000

O-BORON B-L_11 (NAKAI-7-S-E) BASIS TYPE: 2
#
7
1 0 1
46.04820600 1.00000000
2 0 1
145.60442737 1.00000000
3 0 1
460.40119935 1.00000000
4 0 1
1455.78859235 1.00000000
5 0 1
4603.20352900 1.00000000
6 0 1
14555.32955869 1.00000000
7 0 1
46023.95206457 1.00000000

O-BORON B-M_11 (NAKAI-7-S-E) BASIS TYPE: 2
#
7
1 0 1
46.04820600 1.00000000
2 0 1
145.60442737 1.00000000
3 0 1
460.40119935 1.00000000
4 0 1
1455.78859235 1.00000000
5 0 1
4603.20352900 1.00000000
6 0 1
14555.32955869 1.00000000
7 0 1
46023.95206457 1.00000000

O-BORON B-N_11 (NAKAI-7-S-E) BASIS TYPE: 2
#
7
1 0 1
46.04820600 1.00000000
2 0 1
145.60442737 1.00000000
3 0 1
460.40119935 1.00000000
4 0 1
1455.78859235 1.00000000
5 0 1
4603.20352900 1.00000000
6 0 1
14555.32955869 1.00000000
7 0 1
46023.95206457 1.00000000

O-CARBON C-A_12 (NAKAI-7-S-E) BASIS TYPE: 2
#
7
1 0 1
50.19042600 1.00000000
2 0 1
158.70212701 1.00000000
3 0 1
501.81612561 1.00000000
4 0 1
1586.74258918 1.00000000
5 0 1
5017.28006700 1.00000000
6 0 1
15864.63957186 1.00000000
7 0 1
50163.99032623 1.00000000

O-CARBON C-B_12 (NAKAI-7-S-E) BASIS TYPE: 2
#
7
1 0 1
50.19042600 1.00000000
2 0 1
158.70212701 1.00000000
3 0 1
501.81612561 1.00000000
4 0 1
1586.74258918 1.00000000
5 0 1
5017.28006700 1.00000000
6 0 1
15864.63957186 1.00000000
7 0 1
50163.99032623 1.00000000

O-CARBON C-C_12 (NAKAI-7-S-E) BASIS TYPE: 2
#
7
1 0 1
50.19042600 1.00000000
2 0 1
158.70212701 1.00000000
3 0 1
501.81612561 1.00000000
4 0 1
1586.74258918 1.00000000
5 0 1
5017.28006700 1.00000000
6 0 1
15864.63957186 1.00000000
7 0 1
50163.99032623 1.00000000

O-CARBON C-D_12 (NAKAI-7-S-E) BASIS TYPE: 2
#
7
1 0 1
50.19042600 1.00000000
2 0 1
158.70212701 1.00000000
3 0 1
501.81612561 1.00000000
4 0 1
1586.74258918 1.00000000
5 0 1
5017.28006700 1.00000000
6 0 1
15864.63957186 1.00000000
7 0 1
50163.99032623 1.00000000

O-CARBON C-E_12 (NAKAI-7-S-E) BASIS TYPE: 2
#
7
1 0 1
50.19042600 1.00000000
2 0 1
158.70212701 1.00000000
3 0 1
501.81612561 1.00000000
4 0 1
1586.74258918 1.00000000
5 0 1
5017.28006700 1.00000000
6 0 1
15864.63957186 1.00000000
7 0 1
50163.99032623 1.00000000

O-CARBON C-F_12 (NAKAI-7-S-E) BASIS TYPE: 2
#
7
1 0 1
50.19042600 1.00000000
2 0 1
158.70212701 1.00000000
3 0 1
501.81612561 1.00000000
4 0 1
1586.74258918 1.00000000
5 0 1
5017.28006700 1.00000000
6 0 1
15864.63957186 1.00000000
7 0 1
50163.99032623 1.00000000

O-CARBON C-G_12 (NAKAI-7-S-E) BASIS TYPE: 2
#
7
1 0 1
50.19042600 1.00000000
2 0 1
158.70212701 1.00000000
3 0 1
501.81612561 1.00000000
4 0 1
1586.74258918 1.00000000
5 0 1
5017.28006700 1.00000000
6 0 1
15864.63957186 1.00000000
7 0 1
50163.99032623 1.00000000

O-CARBON C-H_12 (NAKAI-7-S-E) BASIS TYPE: 2
#
7
1 0 1
50.19042600 1.00000000
2 0 1
158.70212701 1.00000000
3 0 1
501.81612561 1.00000000
4 0 1
1586.74258918 1.00000000
5 0 1
5017.28006700 1.00000000
6 0 1
15864.63957186 1.00000000
7 0 1
50163.99032623 1.00000000

O-CARBON C-I_12 (NAKAI-7-S-E) BASIS TYPE: 2
#
7
1 0 1
50.19042600 1.00000000
2 0 1
158.70212701 1.00000000
3 0 1
501.81612561 1.00000000
4 0 1
1586.74258918 1.00000000
5 0 1
5017.28006700 1.00000000
6 0 1
15864.63957186 1.00000000
7 0 1
50163.99032623 1.00000000

O-CARBON C-J_12 (NAKAI-7-S-E) BASIS TYPE: 2
#
7
1 0 1
50.19042600 1.00000000
2 0 1
158.70212701 1.00000000
3 0 1
501.81612561 1.00000000
4 0 1
1586.74258918 1.00000000
5 0 1
5017.28006700 1.00000000
6 0 1
15864.63957186 1.00000000
7 0 1
50163.99032623 1.00000000

O-CARBON C-K_12 (NAKAI-7-S-E) BASIS TYPE: 2
#
7
1 0 1
50.19042600 1.00000000
2 0 1
158.70212701 1.00000000
3 0 1
501.81612561 1.00000000
4 0 1
1586.74258918 1.00000000
5 0 1
5017.28006700 1.00000000
6 0 1
15864.63957186 1.00000000
7 0 1
50163.99032623 1.00000000

O-CARBON C-L_12 (NAKAI-7-S-E) BASIS TYPE: 2
#
7
1 0 1
50.19042600 1.00000000
2 0 1
158.70212701 1.00000000
3 0 1
501.81612561 1.00000000
4 0 1
1586.74258918 1.00000000
5 0 1
5017.28006700 1.00000000
6 0 1
15864.63957186 1.00000000
7 0 1
50163.99032623 1.00000000

O-CARBON C-M_12 (NAKAI-7-S-E) BASIS TYPE: 2
#
7
1 0 1
50.19042600 1.00000000
2 0 1
158.70212701 1.00000000
3 0 1
501.81612561 1.00000000
4 0 1
1586.74258918 1.00000000
5 0 1
5017.28006700 1.00000000
6 0 1
15864.63957186 1.00000000
7 0 1
50163.99032623 1.00000000

O-CARBON C-N_12 (NAKAI-7-S-E) BASIS TYPE: 2
#
7
1 0 1
50.19042600 1.00000000
2 0 1
158.70212701 1.00000000
3 0 1
501.81612561 1.00000000
4 0 1
1586.74258918 1.00000000
5 0 1
5017.28006700 1.00000000
6 0 1
15864.63957186 1.00000000
7 0 1
50163.99032623 1.00000000

O-NITROGEN N-A_14 (NAKAI-7-S-E) BASIS TYPE: 2
#
7
1 0 1
58.56972600 1.00000000
2 0 1
185.19747361 1.00000000
3 0 1
585.59441156 1.00000000
4 0 1
1851.64952936 1.00000000
5 0 1
5854.91581182 1.00000000
6 0 1
18513.24379699 1.00000000
7 0 1
58538.87688608 1.00000000

O-NITROGEN N-B_14 (NAKAI-7-S-E) BASIS TYPE: 2
#
7
1 0 1
58.56972600 1.00000000
2 0 1
185.19747361 1.00000000
3 0 1
585.59441156 1.00000000
4 0 1
1851.64952936 1.00000000
5 0 1
5854.91581182 1.00000000
6 0 1
18513.24379699 1.00000000
7 0 1
58538.87688608 1.00000000

O-NITROGEN N-C_14 (NAKAI-7-S-E) BASIS TYPE: 2
#
7
1 0 1
58.56972600 1.00000000
2 0 1
185.19747361 1.00000000
3 0 1
585.59441156 1.00000000
4 0 1
1851.64952936 1.00000000
5 0 1
5854.91581182 1.00000000
6 0 1
18513.24379699 1.00000000
7 0 1
58538.87688608 1.00000000

O-NITROGEN N-D_14 (NAKAI-7-S-E) BASIS TYPE: 2
#
7
1 0 1
58.56972600 1.00000000
2 0 1
185.19747361 1.00000000
3 0 1
585.59441156 1.00000000
4 0 1
1851.64952936 1.00000000
5 0 1
5854.91581182 1.00000000
6 0 1
18513.24379699 1.00000000
7 0 1
58538.87688608 1.00000000

O-NITROGEN N-E_14 (NAKAI-7-S-E) BASIS TYPE: 2
#
7
1 0 1
58.56972600 1.00000000
2 0 1
185.19747361 1.00000000
3 0 1
585.59441156 1.00000000
4 0 1
1851.64952936 1.00000000
5 0 1
5854.91581182 1.00000000
6 0 1
18513.24379699 1.00000000
7 0 1
58538.87688608 1.00000000

O-NITROGEN N-F_14 (NAKAI-7-S-E) BASIS TYPE: 2
#
7
1 0 1
58.56972600 1.00000000
2 0 1
185.19747361 1.00000000
3 0 1
585.59441156 1.00000000
4 0 1
1851.64952936 1.00000000
5 0 1
5854.91581182 1.00000000
6 0 1
18513.24379699 1.00000000
7 0 1
58538.87688608 1.00000000

O-NITROGEN N-G_14 (NAKAI-7-S-E) BASIS TYPE: 2
#
7
1 0 1
58.56972600 1.00000000
2 0 1
185.19747361 1.00000000
3 0 1
585.59441156 1.00000000
4 0 1
1851.64952936 1.00000000
5 0 1
5854.91581182 1.00000000
6 0 1
18513.24379699 1.00000000
7 0 1
58538.87688608 1.00000000

O-NITROGEN N-H_14 (NAKAI-7-S-E) BASIS TYPE: 2
#
7
1 0 1
58.56972600 1.00000000
2 0 1
185.19747361 1.00000000
3 0 1
585.59441156 1.00000000
4 0 1
1851.64952936 1.00000000
5 0 1
5854.91581182 1.00000000
6 0 1
18513.24379699 1.00000000
7 0 1
58538.87688608 1.00000000

O-NITROGEN N-I_14 (NAKAI-7-S-E) BASIS TYPE: 2
#
7
1 0 1
58.56972600 1.00000000
2 0 1
185.19747361 1.00000000
3 0 1
585.59441156 1.00000000
4 0 1
1851.64952936 1.00000000
5 0 1
5854.91581182 1.00000000
6 0 1
18513.24379699 1.00000000
7 0 1
58538.87688608 1.00000000

O-NITROGEN N-J_14 (NAKAI-7-S-E) BASIS TYPE: 2
#
7
1 0 1
58.56972600 1.00000000
2 0 1
185.19747361 1.00000000
3 0 1
585.59441156 1.00000000
4 0 1
1851.64952936 1.00000000
5 0 1
5854.91581182 1.00000000
6 0 1
18513.24379699 1.00000000
7 0 1
58538.87688608 1.00000000

O-NITROGEN N-K_14 (NAKAI-7-S-E) BASIS TYPE: 2
#
7
1 0 1
58.56972600 1.00000000
2 0 1
185.19747361 1.00000000
3 0 1
585.59441156 1.00000000
4 0 1
1851.64952936 1.00000000
5 0 1
5854.91581182 1.00000000
6 0 1
18513.24379699 1.00000000
7 0 1
58538.87688608 1.00000000

O-NITROGEN N-L_14 (NAKAI-7-S-E) BASIS TYPE: 2
#
7
1 0 1
58.56972600 1.00000000
2 0 1
185.19747361 1.00000000
3 0 1
585.59441156 1.00000000
4 0 1
1851.64952936 1.00000000
5 0 1
5854.91581182 1.00000000
6 0 1
18513.24379699 1.00000000
7 0 1
58538.87688608 1.00000000

O-NITROGEN N-M_14 (NAKAI-7-S-E) BASIS TYPE: 2
#
7
1 0 1
58.56972600 1.00000000
2 0 1
185.19747361 1.00000000
3 0 1
585.59441156 1.00000000
4 0 1
1851.64952936 1.00000000
5 0 1
5854.91581182 1.00000000
6 0 1
18513.24379699 1.00000000
7 0 1
58538.87688608 1.00000000

O-NITROGEN N-N_14 (NAKAI-7-S-E) BASIS TYPE: 2
#
7
1 0 1
58.56972600 1.00000000
2 0 1
185.19747361 1.00000000
3 0 1
585.59441156 1.00000000
4 0 1
1851.64952936 1.00000000
5 0 1
5854.91581182 1.00000000
6 0 1
18513.24379699 1.00000000
7 0 1
58538.87688608 1.00000000

O-OXYGEN O-A_16 (NAKAI-7-S-E) BASIS TYPE: 2
#
7
1 0 1
66.90475800 1.00000000
2 0 1
211.55284480 1.00000000
3 0 1
668.93009524 1.00000000
4 0 1
2115.15696116 1.00000000
5 0 1
6688.12631120 1.00000000
6 0 1
21147.85539602 1.00000000
7 0 1
66869.51876222 1.00000000

O-OXYGEN O-B_16 (NAKAI-7-S-E) BASIS TYPE: 2
#
7
1 0 1
66.90475800 1.00000000
2 0 1
211.55284480 1.00000000
3 0 1
668.93009524 1.00000000
4 0 1
2115.15696116 1.00000000
5 0 1
6688.12631120 1.00000000
6 0 1
21147.85539602 1.00000000
7 0 1
66869.51876222 1.00000000

O-OXYGEN O-C_16 (NAKAI-7-S-E) BASIS TYPE: 2
#
7
1 0 1
66.90475800 1.00000000
2 0 1
211.55284480 1.00000000
3 0 1
668.93009524 1.00000000
4 0 1
2115.15696116 1.00000000
5 0 1
6688.12631120 1.00000000
6 0 1
21147.85539602 1.00000000
7 0 1
66869.51876222 1.00000000

O-OXYGEN O-D_16 (NAKAI-7-S-E) BASIS TYPE: 2
#
7
1 0 1
66.90475800 1.00000000
2 0 1
211.55284480 1.00000000
3 0 1
668.93009524 1.00000000
4 0 1
2115.15696116 1.00000000
5 0 1
6688.12631120 1.00000000
6 0 1
21147.85539602 1.00000000
7 0 1
66869.51876222 1.00000000

O-OXYGEN O-E_16 (NAKAI-7-S-E) BASIS TYPE: 2
#
7
1 0 1
66.90475800 1.00000000
2 0 1
211.55284480 1.00000000
3 0 1
668.93009524 1.00000000
4 0 1
2115.15696116 1.00000000
5 0 1
6688.12631120 1.00000000
6 0 1
21147.85539602 1.00000000
7 0 1
66869.51876222 1.00000000

O-OXYGEN O-F_16 (NAKAI-7-S-E) BASIS TYPE: 2
#
7
1 0 1
66.90475800 1.00000000
2 0 1
211.55284480 1.00000000
3 0 1
668.93009524 1.00000000
4 0 1
2115.15696116 1.00000000
5 0 1
6688.12631120 1.00000000
6 0 1
21147.85539602 1.00000000
7 0 1
66869.51876222 1.00000000

O-OXYGEN O-G_16 (NAKAI-7-S-E) BASIS TYPE: 2
#
7
1 0 1
66.90475800 1.00000000
2 0 1
211.55284480 1.00000000
3 0 1
668.93009524 1.00000000
4 0 1
2115.15696116 1.00000000
5 0 1
6688.12631120 1.00000000
6 0 1
21147.85539602 1.00000000
7 0 1
66869.51876222 1.00000000

O-OXYGEN O-H_16 (NAKAI-7-S-E) BASIS TYPE: 2
#
7
1 0 1
66.90475800 1.00000000
2 0 1
211.55284480 1.00000000
3 0 1
668.93009524 1.00000000
4 0 1
2115.15696116 1.00000000
5 0 1
6688.12631120 1.00000000
6 0 1
21147.85539602 1.00000000
7 0 1
66869.51876222 1.00000000

O-OXYGEN O-I_16 (NAKAI-7-S-E) BASIS TYPE: 2
#
7
1 0 1
66.90475800 1.00000000
2 0 1
211.55284480 1.00000000
3 0 1
668.93009524 1.00000000
4 0 1
2115.15696116 1.00000000
5 0 1
6688.12631120 1.00000000
6 0 1
21147.85539602 1.00000000
7 0 1
66869.51876222 1.00000000

O-OXYGEN O-J_16 (NAKAI-7-S-E) BASIS TYPE: 2
#
7
1 0 1
66.90475800 1.00000000
2 0 1
211.55284480 1.00000000
3 0 1
668.93009524 1.00000000
4 0 1
2115.15696116 1.00000000
5 0 1
6688.12631120 1.00000000
6 0 1
21147.85539602 1.00000000
7 0 1
66869.51876222 1.00000000

O-OXYGEN O-K_16 (NAKAI-7-S-E) BASIS TYPE: 2
#
7
1 0 1
66.90475800 1.00000000
2 0 1
211.55284480 1.00000000
3 0 1
668.93009524 1.00000000
4 0 1
2115.15696116 1.00000000
5 0 1
6688.12631120 1.00000000
6 0 1
21147.85539602 1.00000000
7 0 1
66869.51876222 1.00000000

O-OXYGEN O-L_16 (NAKAI-7-S-E) BASIS TYPE: 2
#
7
1 0 1
66.90475800 1.00000000
2 0 1
211.55284480 1.00000000
3 0 1
668.93009524 1.00000000
4 0 1
2115.15696116 1.00000000
5 0 1
6688.12631120 1.00000000
6 0 1
21147.85539602 1.00000000
7 0 1
66869.51876222 1.00000000

O-OXYGEN O-M_16 (NAKAI-7-S-E) BASIS TYPE: 2
#
7
1 0 1
66.90475800 1.00000000
2 0 1
211.55284480 1.00000000
3 0 1
668.93009524 1.00000000
4 0 1
2115.15696116 1.00000000
5 0 1
6688.12631120 1.00000000
6 0 1
21147.85539602 1.00000000
7 0 1
66869.51876222 1.00000000

O-OXYGEN O-N_16 (NAKAI-7-S-E) BASIS TYPE: 2
#
7
1 0 1
66.90475800 1.00000000
2 0 1
211.55284480 1.00000000
3 0 1
668.93009524 1.00000000
4 0 1
2115.15696116 1.00000000
5 0 1
6688.12631120 1.00000000
6 0 1
21147.85539602 1.00000000
7 0 1
66869.51876222 1.00000000

O-FLUORINE F-A_19 (NAKAI-7-S-E) BASIS TYPE: 2
#
7
1 0 1
79.46738400 1.00000000
2 0 1
251.27586821 1.00000000
3 0 1
794.53429527 1.00000000
4 0 1
2512.31744166 1.00000000
5 0 1
7943.94775051 1.00000000
6 0 1
25118.76278713 1.00000000
7 0 1
79425.52793289 1.00000000

O-FLUORINE F-B_19 (NAKAI-7-S-E) BASIS TYPE: 2
#
7
1 0 1
79.46738400 1.00000000
2 0 1
251.27586821 1.00000000
3 0 1
794.53429527 1.00000000
4 0 1
2512.31744166 1.00000000
5 0 1
7943.94775051 1.00000000
6 0 1
25118.76278713 1.00000000
7 0 1
79425.52793289 1.00000000

O-FLUORINE F-C_19 (NAKAI-7-S-E) BASIS TYPE: 2
#
7
1 0 1
79.46738400 1.00000000
2 0 1
251.27586821 1.00000000
3 0 1
794.53429527 1.00000000
4 0 1
2512.31744166 1.00000000
5 0 1
7943.94775051 1.00000000
6 0 1
25118.76278713 1.00000000
7 0 1
79425.52793289 1.00000000

O-FLUORINE F-D_19 (NAKAI-7-S-E) BASIS TYPE: 2
#
7
1 0 1
79.46738400 1.00000000
2 0 1
251.27586821 1.00000000
3 0 1
794.53429527 1.00000000
4 0 1
2512.31744166 1.00000000
5 0 1
7943.94775051 1.00000000
6 0 1
25118.76278713 1.00000000
7 0 1
79425.52793289 1.00000000

O-FLUORINE F-E_19 (NAKAI-7-S-E) BASIS TYPE: 2
#
7
1 0 1
79.46738400 1.00000000
2 0 1
251.27586821 1.00000000
3 0 1
794.53429527 1.00000000
4 0 1
2512.31744166 1.00000000
5 0 1
7943.94775051 1.00000000
6 0 1
25118.76278713 1.00000000
7 0 1
79425.52793289 1.00000000

O-FLUORINE F-F_19 (NAKAI-7-S-E) BASIS TYPE: 2
#
7
1 0 1
79.46738400 1.00000000
2 0 1
251.27586821 1.00000000
3 0 1
794.53429527 1.00000000
4 0 1
2512.31744166 1.00000000
5 0 1
7943.94775051 1.00000000
6 0 1
25118.76278713 1.00000000
7 0 1
79425.52793289 1.00000000

O-FLUORINE F-G_19 (NAKAI-7-S-E) BASIS TYPE: 2
#
7
1 0 1
79.46738400 1.00000000
2 0 1
251.27586821 1.00000000
3 0 1
794.53429527 1.00000000
4 0 1
2512.31744166 1.00000000
5 0 1
7943.94775051 1.00000000
6 0 1
25118.76278713 1.00000000
7 0 1
79425.52793289 1.00000000

O-FLUORINE F-H_19 (NAKAI-7-S-E) BASIS TYPE: 2
#
7
1 0 1
79.46738400 1.00000000
2 0 1
251.27586821 1.00000000
3 0 1
794.53429527 1.00000000
4 0 1
2512.31744166 1.00000000
5 0 1
7943.94775051 1.00000000
6 0 1
25118.76278713 1.00000000
7 0 1
79425.52793289 1.00000000

O-FLUORINE F-I_19 (NAKAI-7-S-E) BASIS TYPE: 2
#
7
1 0 1
79.46738400 1.00000000
2 0 1
251.27586821 1.00000000
3 0 1
794.53429527 1.00000000
4 0 1
2512.31744166 1.00000000
5 0 1
7943.94775051 1.00000000
6 0 1
25118.76278713 1.00000000
7 0 1
79425.52793289 1.00000000

O-FLUORINE F-J_19 (NAKAI-7-S-E) BASIS TYPE: 2
#
7
1 0 1
79.46738400 1.00000000
2 0 1
251.27586821 1.00000000
3 0 1
794.53429527 1.00000000
4 0 1
2512.31744166 1.00000000
5 0 1
7943.94775051 1.00000000
6 0 1
25118.76278713 1.00000000
7 0 1
79425.52793289 1.00000000

O-FLUORINE F-K_19 (NAKAI-7-S-E) BASIS TYPE: 2
#
7
1 0 1
79.46738400 1.00000000
2 0 1
251.27586821 1.00000000
3 0 1
794.53429527 1.00000000
4 0 1
2512.31744166 1.00000000
5 0 1
7943.94775051 1.00000000
6 0 1
25118.76278713 1.00000000
7 0 1
79425.52793289 1.00000000

O-FLUORINE F-L_19 (NAKAI-7-S-E) BASIS TYPE: 2
#
7
1 0 1
79.46738400 1.00000000
2 0 1
251.27586821 1.00000000
3 0 1
794.53429527 1.00000000
4 0 1
2512.31744166 1.00000000
5 0 1
7943.94775051 1.00000000
6 0 1
25118.76278713 1.00000000
7 0 1
79425.52793289 1.00000000

O-FLUORINE F-M_19 (NAKAI-7-S-E) BASIS TYPE: 2
#
7
1 0 1
79.46738400 1.00000000
2 0 1
251.27586821 1.00000000
3 0 1
794.53429527 1.00000000
4 0 1
2512.31744166 1.00000000
5 0 1
7943.94775051 1.00000000
6 0 1
25118.76278713 1.00000000
7 0 1
79425.52793289 1.00000000

O-FLUORINE F-N_19 (NAKAI-7-S-E) BASIS TYPE: 2
#
7
1 0 1
79.46738400 1.00000000
2 0 1
251.27586821 1.00000000
3 0 1
794.53429527 1.00000000
4 0 1
2512.31744166 1.00000000
5 0 1
7943.94775051 1.00000000
6 0 1
25118.76278713 1.00000000
7 0 1
79425.52793289 1.00000000

O-NEON Ne-A_20 (NAKAI-7-S-E) BASIS TYPE: 2
#
7
1 0 1
83.62225200 1.00000000
2 0 1
264.41356082 1.00000000
3 0 1
836.07567933 1.00000000
4 0 1
2643.67129803 1.00000000
5 0 1
8359.28864436 1.00000000
6 0 1
26432.07069347 1.00000000
7 0 1
83578.20753276 1.00000000

O-NEON Ne-B_20 (NAKAI-7-S-E) BASIS TYPE: 2
#
7
1 0 1
83.62225200 1.00000000
2 0 1
264.41356082 1.00000000
3 0 1
836.07567933 1.00000000
4 0 1
2643.67129803 1.00000000
5 0 1
8359.28864436 1.00000000
6 0 1
26432.07069347 1.00000000
7 0 1
83578.20753276 1.00000000

O-NEON Ne-C_20 (NAKAI-7-S-E) BASIS TYPE: 2
#
7
1 0 1
83.62225200 1.00000000
2 0 1
264.41356082 1.00000000
3 0 1
836.07567933 1.00000000
4 0 1
2643.67129803 1.00000000
5 0 1
8359.28864436 1.00000000
6 0 1
26432.07069347 1.00000000
7 0 1
83578.20753276 1.00000000

O-NEON Ne-D_20 (NAKAI-7-S-E) BASIS TYPE: 2
#
7
1 0 1
83.62225200 1.00000000
2 0 1
264.41356082 1.00000000
3 0 1
836.07567933 1.00000000
4 0 1
2643.67129803 1.00000000
5 0 1
8359.28864436 1.00000000
6 0 1
26432.07069347 1.00000000
7 0 1
83578.20753276 1.00000000

O-NEON Ne-E_20 (NAKAI-7-S-E) BASIS TYPE: 2
#
7
1 0 1
83.62225200 1.00000000
2 0 1
264.41356082 1.00000000
3 0 1
836.07567933 1.00000000
4 0 1
2643.67129803 1.00000000
5 0 1
8359.28864436 1.00000000
6 0 1
26432.07069347 1.00000000
7 0 1
83578.20753276 1.00000000

O-NEON Ne-F_20 (NAKAI-7-S-E) BASIS TYPE: 2
#
7
1 0 1
83.62225200 1.00000000
2 0 1
264.41356082 1.00000000
3 0 1
836.07567933 1.00000000
4 0 1
2643.67129803 1.00000000
5 0 1
8359.28864436 1.00000000
6 0 1
26432.07069347 1.00000000
7 0 1
83578.20753276 1.00000000

O-NEON Ne-G_20 (NAKAI-7-S-E) BASIS TYPE: 2
#
7
1 0 1
83.62225200 1.00000000
2 0 1
264.41356082 1.00000000
3 0 1
836.07567933 1.00000000
4 0 1
2643.67129803 1.00000000
5 0 1
8359.28864436 1.00000000
6 0 1
26432.07069347 1.00000000
7 0 1
83578.20753276 1.00000000

O-NEON Ne-H_20 (NAKAI-7-S-E) BASIS TYPE: 2
#
7
1 0 1
83.62225200 1.00000000
2 0 1
264.41356082 1.00000000
3 0 1
836.07567933 1.00000000
4 0 1
2643.67129803 1.00000000
5 0 1
8359.28864436 1.00000000
6 0 1
26432.07069347 1.00000000
7 0 1
83578.20753276 1.00000000

O-NEON Ne-I_20 (NAKAI-7-S-E) BASIS TYPE: 2
#
7
1 0 1
83.62225200 1.00000000
2 0 1
264.41356082 1.00000000
3 0 1
836.07567933 1.00000000
4 0 1
2643.67129803 1.00000000
5 0 1
8359.28864436 1.00000000
6 0 1
26432.07069347 1.00000000
7 0 1
83578.20753276 1.00000000

O-NEON Ne-J_20 (NAKAI-7-S-E) BASIS TYPE: 2
#
7
1 0 1
83.62225200 1.00000000
2 0 1
264.41356082 1.00000000
3 0 1
836.07567933 1.00000000
4 0 1
2643.67129803 1.00000000
5 0 1
8359.28864436 1.00000000
6 0 1
26432.07069347 1.00000000
7 0 1
83578.20753276 1.00000000

O-NEON Ne-K_20 (NAKAI-7-S-E) BASIS TYPE: 2
#
7
1 0 1
83.62225200 1.00000000
2 0 1
264.41356082 1.00000000
3 0 1
836.07567933 1.00000000
4 0 1
2643.67129803 1.00000000
5 0 1
8359.28864436 1.00000000
6 0 1
26432.07069347 1.00000000
7 0 1
83578.20753276 1.00000000

O-NEON Ne-L_20 (NAKAI-7-S-E) BASIS TYPE: 2
#
7
1 0 1
83.62225200 1.00000000
2 0 1
264.41356082 1.00000000
3 0 1
836.07567933 1.00000000
4 0 1
2643.67129803 1.00000000
5 0 1
8359.28864436 1.00000000
6 0 1
26432.07069347 1.00000000
7 0 1
83578.20753276 1.00000000

O-NEON Ne-M_20 (NAKAI-7-S-E) BASIS TYPE: 2
#
7
1 0 1
83.62225200 1.00000000
2 0 1
264.41356082 1.00000000
3 0 1
836.07567933 1.00000000
4 0 1
2643.67129803 1.00000000
5 0 1
8359.28864436 1.00000000
6 0 1
26432.07069347 1.00000000
7 0 1
83578.20753276 1.00000000

O-NEON Ne-N_20 (NAKAI-7-S-E) BASIS TYPE: 2
#
7
1 0 1
83.62225200 1.00000000
2 0 1
264.41356082 1.00000000
3 0 1
836.07567933 1.00000000
4 0 1
2643.67129803 1.00000000
5 0 1
8359.28864436 1.00000000
6 0 1
26432.07069347 1.00000000
7 0 1
83578.20753276 1.00000000

O-SODIUM Na-A_23 (NAKAI-7-S-E) BASIS TYPE: 2
#
7
1 0 1
95.89302540 1.00000000
2 0 1
303.21374631 1.00000000
3 0 1
958.76186585 1.00000000
4 0 1
3031.60501981 1.00000000
5 0 1
9585.93507264 1.00000000
6 0 1
30310.72669968 1.00000000
7 0 1
95842.51782439 1.00000000

O-SODIUM Na-B_23 (NAKAI-7-S-E) BASIS TYPE: 2
#
7
1 0 1
95.89302540 1.00000000
2 0 1
303.21374631 1.00000000
3 0 1
958.76186585 1.00000000
4 0 1
3031.60501981 1.00000000
5 0 1
9585.93507264 1.00000000
6 0 1
30310.72669968 1.00000000
7 0 1
95842.51782439 1.00000000

O-SODIUM Na-C_23 (NAKAI-7-S-E) BASIS TYPE: 2
#
7
1 0 1
95.89302540 1.00000000
2 0 1
303.21374631 1.00000000
3 0 1
958.76186585 1.00000000
4 0 1
3031.60501981 1.00000000
5 0 1
9585.93507264 1.00000000
6 0 1
30310.72669968 1.00000000
7 0 1
95842.51782439 1.00000000

O-SODIUM Na-D_23 (NAKAI-7-S-E) BASIS TYPE: 2
#
7
1 0 1
95.89302540 1.00000000
2 0 1
303.21374631 1.00000000
3 0 1
958.76186585 1.00000000
4 0 1
3031.60501981 1.00000000
5 0 1
9585.93507264 1.00000000
6 0 1
30310.72669968 1.00000000
7 0 1
95842.51782439 1.00000000

O-SODIUM Na-E_23 (NAKAI-7-S-E) BASIS TYPE: 2
#
7
1 0 1
95.89302540 1.00000000
2 0 1
303.21374631 1.00000000
3 0 1
958.76186585 1.00000000
4 0 1
3031.60501981 1.00000000
5 0 1
9585.93507264 1.00000000
6 0 1
30310.72669968 1.00000000
7 0 1
95842.51782439 1.00000000

O-SODIUM Na-F_23 (NAKAI-7-S-E) BASIS TYPE: 2
#
7
1 0 1
95.89302540 1.00000000
2 0 1
303.21374631 1.00000000
3 0 1
958.76186585 1.00000000
4 0 1
3031.60501981 1.00000000
5 0 1
9585.93507264 1.00000000
6 0 1
30310.72669968 1.00000000
7 0 1
95842.51782439 1.00000000

O-SODIUM Na-G_23 (NAKAI-7-S-E) BASIS TYPE: 2
#
7
1 0 1
95.89302540 1.00000000
2 0 1
303.21374631 1.00000000
3 0 1
958.76186585 1.00000000
4 0 1
3031.60501981 1.00000000
5 0 1
9585.93507264 1.00000000
6 0 1
30310.72669968 1.00000000
7 0 1
95842.51782439 1.00000000

O-SODIUM Na-H_23 (NAKAI-7-S-E) BASIS TYPE: 2
#
7
1 0 1
95.89302540 1.00000000
2 0 1
303.21374631 1.00000000
3 0 1
958.76186585 1.00000000
4 0 1
3031.60501981 1.00000000
5 0 1
9585.93507264 1.00000000
6 0 1
30310.72669968 1.00000000
7 0 1
95842.51782439 1.00000000

O-SODIUM Na-I_23 (NAKAI-7-S-E) BASIS TYPE: 2
#
7
1 0 1
95.89302540 1.00000000
2 0 1
303.21374631 1.00000000
3 0 1
958.76186585 1.00000000
4 0 1
3031.60501981 1.00000000
5 0 1
9585.93507264 1.00000000
6 0 1
30310.72669968 1.00000000
7 0 1
95842.51782439 1.00000000

O-SODIUM Na-J_23 (NAKAI-7-S-E) BASIS TYPE: 2
#
7
1 0 1
95.89302540 1.00000000
2 0 1
303.21374631 1.00000000
3 0 1
958.76186585 1.00000000
4 0 1
3031.60501981 1.00000000
5 0 1
9585.93507264 1.00000000
6 0 1
30310.72669968 1.00000000
7 0 1
95842.51782439 1.00000000

O-SODIUM Na-K_23 (NAKAI-7-S-E) BASIS TYPE: 2
#
7
1 0 1
95.89302540 1.00000000
2 0 1
303.21374631 1.00000000
3 0 1
958.76186585 1.00000000
4 0 1
3031.60501981 1.00000000
5 0 1
9585.93507264 1.00000000
6 0 1
30310.72669968 1.00000000
7 0 1
95842.51782439 1.00000000

O-SODIUM Na-L_23 (NAKAI-7-S-E) BASIS TYPE: 2
#
7
1 0 1
95.89302540 1.00000000
2 0 1
303.21374631 1.00000000
3 0 1
958.76186585 1.00000000
4 0 1
3031.60501981 1.00000000
5 0 1
9585.93507264 1.00000000
6 0 1
30310.72669968 1.00000000
7 0 1
95842.51782439 1.00000000

O-SODIUM Na-M_23 (NAKAI-7-S-E) BASIS TYPE: 2
#
7
1 0 1
95.89302540 1.00000000
2 0 1
303.21374631 1.00000000
3 0 1
958.76186585 1.00000000
4 0 1
3031.60501981 1.00000000
5 0 1
9585.93507264 1.00000000
6 0 1
30310.72669968 1.00000000
7 0 1
95842.51782439 1.00000000

O-SODIUM Na-N_23 (NAKAI-7-S-E) BASIS TYPE: 2
#
7
1 0 1
95.89302540 1.00000000
2 0 1
303.21374631 1.00000000
3 0 1
958.76186585 1.00000000
4 0 1
3031.60501981 1.00000000
5 0 1
9585.93507264 1.00000000
6 0 1
30310.72669968 1.00000000
7 0 1
95842.51782439 1.00000000

O-MAGNESIUM Mg-A_24 (NAKAI-7-S-E) BASIS TYPE: 2
#
7
1 0 1
101.36107200 1.00000000
2 0 1
320.50370966 1.00000000
3 0 1
1013.43272996 1.00000000
4 0 1
3204.47429213 1.00000000
5 0 1
10132.54771170 1.00000000
6 0 1
32039.11586440 1.00000000
7 0 1
101307.68436324 1.00000000

O-MAGNESIUM Mg-B_24 (NAKAI-7-S-E) BASIS TYPE: 2
#
7
1 0 1
101.36107200 1.00000000
2 0 1
320.50370966 1.00000000
3 0 1
1013.43272996 1.00000000
4 0 1
3204.47429213 1.00000000
5 0 1
10132.54771170 1.00000000
6 0 1
32039.11586440 1.00000000
7 0 1
101307.68436324 1.00000000

O-MAGNESIUM Mg-C_24 (NAKAI-7-S-E) BASIS TYPE: 2
#
7
1 0 1
101.36107200 1.00000000
2 0 1
320.50370966 1.00000000
3 0 1
1013.43272996 1.00000000
4 0 1
3204.47429213 1.00000000
5 0 1
10132.54771170 1.00000000
6 0 1
32039.11586440 1.00000000
7 0 1
101307.68436324 1.00000000

O-MAGNESIUM Mg-D_24 (NAKAI-7-S-E) BASIS TYPE: 2
#
7
1 0 1
101.36107200 1.00000000
2 0 1
320.50370966 1.00000000
3 0 1
1013.43272996 1.00000000
4 0 1
3204.47429213 1.00000000
5 0 1
10132.54771170 1.00000000
6 0 1
32039.11586440 1.00000000
7 0 1
101307.68436324 1.00000000

O-MAGNESIUM Mg-E_24 (NAKAI-7-S-E) BASIS TYPE: 2
#
7
1 0 1
101.36107200 1.00000000
2 0 1
320.50370966 1.00000000
3 0 1
1013.43272996 1.00000000
4 0 1
3204.47429213 1.00000000
5 0 1
10132.54771170 1.00000000
6 0 1
32039.11586440 1.00000000
7 0 1
101307.68436324 1.00000000

O-MAGNESIUM Mg-F_24 (NAKAI-7-S-E) BASIS TYPE: 2
#
7
1 0 1
101.36107200 1.00000000
2 0 1
320.50370966 1.00000000
3 0 1
1013.43272996 1.00000000
4 0 1
3204.47429213 1.00000000
5 0 1
10132.54771170 1.00000000
6 0 1
32039.11586440 1.00000000
7 0 1
101307.68436324 1.00000000

O-MAGNESIUM Mg-G_24 (NAKAI-7-S-E) BASIS TYPE: 2
#
7
1 0 1
101.36107200 1.00000000
2 0 1
320.50370966 1.00000000
3 0 1
1013.43272996 1.00000000
4 0 1
3204.47429213 1.00000000
5 0 1
10132.54771170 1.00000000
6 0 1
32039.11586440 1.00000000
7 0 1
101307.68436324 1.00000000

O-MAGNESIUM Mg-H_24 (NAKAI-7-S-E) BASIS TYPE: 2
#
7
1 0 1
101.36107200 1.00000000
2 0 1
320.50370966 1.00000000
3 0 1
1013.43272996 1.00000000
4 0 1
3204.47429213 1.00000000
5 0 1
10132.54771170 1.00000000
6 0 1
32039.11586440 1.00000000
7 0 1
101307.68436324 1.00000000

O-MAGNESIUM Mg-I_24 (NAKAI-7-S-E) BASIS TYPE: 2
#
7
1 0 1
101.36107200 1.00000000
2 0 1
320.50370966 1.00000000
3 0 1
1013.43272996 1.00000000
4 0 1
3204.47429213 1.00000000
5 0 1
10132.54771170 1.00000000
6 0 1
32039.11586440 1.00000000
7 0 1
101307.68436324 1.00000000

O-MAGNESIUM Mg-J_24 (NAKAI-7-S-E) BASIS TYPE: 2
#
7
1 0 1
101.36107200 1.00000000
2 0 1
320.50370966 1.00000000
3 0 1
1013.43272996 1.00000000
4 0 1
3204.47429213 1.00000000
5 0 1
10132.54771170 1.00000000
6 0 1
32039.11586440 1.00000000
7 0 1
101307.68436324 1.00000000

O-MAGNESIUM Mg-K_24 (NAKAI-7-S-E) BASIS TYPE: 2
#
7
1 0 1
101.36107200 1.00000000
2 0 1
320.50370966 1.00000000
3 0 1
1013.43272996 1.00000000
4 0 1
3204.47429213 1.00000000
5 0 1
10132.54771170 1.00000000
6 0 1
32039.11586440 1.00000000
7 0 1
101307.68436324 1.00000000

O-MAGNESIUM Mg-L_24 (NAKAI-7-S-E) BASIS TYPE: 2
#
7
1 0 1
101.36107200 1.00000000
2 0 1
320.50370966 1.00000000
3 0 1
1013.43272996 1.00000000
4 0 1
3204.47429213 1.00000000
5 0 1
10132.54771170 1.00000000
6 0 1
32039.11586440 1.00000000
7 0 1
101307.68436324 1.00000000

O-MAGNESIUM Mg-M_24 (NAKAI-7-S-E) BASIS TYPE: 2
#
7
1 0 1
101.36107200 1.00000000
2 0 1
320.50370966 1.00000000
3 0 1
1013.43272996 1.00000000
4 0 1
3204.47429213 1.00000000
5 0 1
10132.54771170 1.00000000
6 0 1
32039.11586440 1.00000000
7 0 1
101307.68436324 1.00000000

O-MAGNESIUM Mg-N_24 (NAKAI-7-S-E) BASIS TYPE: 2
#
7
1 0 1
101.36107200 1.00000000
2 0 1
320.50370966 1.00000000
3 0 1
1013.43272996 1.00000000
4 0 1
3204.47429213 1.00000000
5 0 1
10132.54771170 1.00000000
6 0 1
32039.11586440 1.00000000
7 0 1
101307.68436324 1.00000000

O-ALUMINUM Al-A_27 (NAKAI-7-S-E) BASIS TYPE: 2
#
7
1 0 1
112.48909860 1.00000000
2 0 1
355.69052977 1.00000000
3 0 1
1124.69345514 1.00000000
4 0 1
3556.28070516 1.00000000
5 0 1
11244.95958972 1.00000000
6 0 1
35556.56222270 1.00000000
7 0 1
112429.84974817 1.00000000

O-ALUMINUM Al-B_27 (NAKAI-7-S-E) BASIS TYPE: 2
#
7
1 0 1
112.48909860 1.00000000
2 0 1
355.69052977 1.00000000
3 0 1
1124.69345514 1.00000000
4 0 1
3556.28070516 1.00000000
5 0 1
11244.95958972 1.00000000
6 0 1
35556.56222270 1.00000000
7 0 1
112429.84974817 1.00000000

O-ALUMINUM Al-C_27 (NAKAI-7-S-E) BASIS TYPE: 2
#
7
1 0 1
112.48909860 1.00000000
2 0 1
355.69052977 1.00000000
3 0 1
1124.69345514 1.00000000
4 0 1
3556.28070516 1.00000000
5 0 1
11244.95958972 1.00000000
6 0 1
35556.56222270 1.00000000
7 0 1
112429.84974817 1.00000000

O-ALUMINUM Al-D_27 (NAKAI-7-S-E) BASIS TYPE: 2
#
7
1 0 1
112.48909860 1.00000000
2 0 1
355.69052977 1.00000000
3 0 1
1124.69345514 1.00000000
4 0 1
3556.28070516 1.00000000
5 0 1
11244.95958972 1.00000000
6 0 1
35556.56222270 1.00000000
7 0 1
112429.84974817 1.00000000

O-ALUMINUM Al-E_27 (NAKAI-7-S-E) BASIS TYPE: 2
#
7
1 0 1
112.48909860 1.00000000
2 0 1
355.69052977 1.00000000
3 0 1
1124.69345514 1.00000000
4 0 1
3556.28070516 1.00000000
5 0 1
11244.95958972 1.00000000
6 0 1
35556.56222270 1.00000000
7 0 1
112429.84974817 1.00000000

O-ALUMINUM Al-F_27 (NAKAI-7-S-E) BASIS TYPE: 2
#
7
1 0 1
112.48909860 1.00000000
2 0 1
355.69052977 1.00000000
3 0 1
1124.69345514 1.00000000
4 0 1
3556.28070516 1.00000000
5 0 1
11244.95958972 1.00000000
6 0 1
35556.56222270 1.00000000
7 0 1
112429.84974817 1.00000000

O-ALUMINUM Al-G_27 (NAKAI-7-S-E) BASIS TYPE: 2
#
7
1 0 1
112.48909860 1.00000000
2 0 1
355.69052977 1.00000000
3 0 1
1124.69345514 1.00000000
4 0 1
3556.28070516 1.00000000
5 0 1
11244.95958972 1.00000000
6 0 1
35556.56222270 1.00000000
7 0 1
112429.84974817 1.00000000

O-ALUMINUM Al-H_27 (NAKAI-7-S-E) BASIS TYPE: 2
#
7
1 0 1
112.48909860 1.00000000
2 0 1
355.69052977 1.00000000
3 0 1
1124.69345514 1.00000000
4 0 1
3556.28070516 1.00000000
5 0 1
11244.95958972 1.00000000
6 0 1
35556.56222270 1.00000000
7 0 1
112429.84974817 1.00000000

O-ALUMINUM Al-I_27 (NAKAI-7-S-E) BASIS TYPE: 2
#
7
1 0 1
112.48909860 1.00000000
2 0 1
355.69052977 1.00000000
3 0 1
1124.69345514 1.00000000
4 0 1
3556.28070516 1.00000000
5 0 1
11244.95958972 1.00000000
6 0 1
35556.56222270 1.00000000
7 0 1
112429.84974817 1.00000000

O-ALUMINUM Al-J_27 (NAKAI-7-S-E) BASIS TYPE: 2
#
7
1 0 1
112.48909860 1.00000000
2 0 1
355.69052977 1.00000000
3 0 1
1124.69345514 1.00000000
4 0 1
3556.28070516 1.00000000
5 0 1
11244.95958972 1.00000000
6 0 1
35556.56222270 1.00000000
7 0 1
112429.84974817 1.00000000

O-ALUMINUM Al-K_27 (NAKAI-7-S-E) BASIS TYPE: 2
#
7
1 0 1
112.48909860 1.00000000
2 0 1
355.69052977 1.00000000
3 0 1
1124.69345514 1.00000000
4 0 1
3556.28070516 1.00000000
5 0 1
11244.95958972 1.00000000
6 0 1
35556.56222270 1.00000000
7 0 1
112429.84974817 1.00000000

O-ALUMINUM Al-L_27 (NAKAI-7-S-E) BASIS TYPE: 2
#
7
1 0 1
112.48909860 1.00000000
2 0 1
355.69052977 1.00000000
3 0 1
1124.69345514 1.00000000
4 0 1
3556.28070516 1.00000000
5 0 1
11244.95958972 1.00000000
6 0 1
35556.56222270 1.00000000
7 0 1
112429.84974817 1.00000000

O-ALUMINUM Al-M_27 (NAKAI-7-S-E) BASIS TYPE: 2
#
7
1 0 1
112.48909860 1.00000000
2 0 1
355.69052977 1.00000000
3 0 1
1124.69345514 1.00000000
4 0 1
3556.28070516 1.00000000
5 0 1
11244.95958972 1.00000000
6 0 1
35556.56222270 1.00000000
7 0 1
112429.84974817 1.00000000

O-ALUMINUM Al-N_27 (NAKAI-7-S-E) BASIS TYPE: 2
#
7
1 0 1
112.48909860 1.00000000
2 0 1
355.69052977 1.00000000
3 0 1
1124.69345514 1.00000000
4 0 1
3556.28070516 1.00000000
5 0 1
11244.95958972 1.00000000
6 0 1
35556.56222270 1.00000000
7 0 1
112429.84974817 1.00000000

O-SILICON Si-A_28 (NAKAI-7-S-E) BASIS TYPE: 2
#
7
1 0 1
117.07874160 1.00000000
2 0 1
370.20298094 1.00000000
3 0 1
1170.58182573 1.00000000
4 0 1
3701.37973296 1.00000000
5 0 1
11703.76271561 1.00000000
6 0 1
37007.29770676 1.00000000
7 0 1
117017.07534879 1.00000000

O-SILICON Si-B_28 (NAKAI-7-S-E) BASIS TYPE: 2
#
7
1 0 1
117.07874160 1.00000000
2 0 1
370.20298094 1.00000000
3 0 1
1170.58182573 1.00000000
4 0 1
3701.37973296 1.00000000
5 0 1
11703.76271561 1.00000000
6 0 1
37007.29770676 1.00000000
7 0 1
117017.07534879 1.00000000

O-SILICON Si-C_28 (NAKAI-7-S-E) BASIS TYPE: 2
#
7
1 0 1
117.07874160 1.00000000
2 0 1
370.20298094 1.00000000
3 0 1
1170.58182573 1.00000000
4 0 1
3701.37973296 1.00000000
5 0 1
11703.76271561 1.00000000
6 0 1
37007.29770676 1.00000000
7 0 1
117017.07534879 1.00000000

O-SILICON Si-D_28 (NAKAI-7-S-E) BASIS TYPE: 2
#
7
1 0 1
117.07874160 1.00000000
2 0 1
370.20298094 1.00000000
3 0 1
1170.58182573 1.00000000
4 0 1
3701.37973296 1.00000000
5 0 1
11703.76271561 1.00000000
6 0 1
37007.29770676 1.00000000
7 0 1
117017.07534879 1.00000000

O-SILICON Si-E_28 (NAKAI-7-S-E) BASIS TYPE: 2
#
7
1 0 1
117.07874160 1.00000000
2 0 1
370.20298094 1.00000000
3 0 1
1170.58182573 1.00000000
4 0 1
3701.37973296 1.00000000
5 0 1
11703.76271561 1.00000000
6 0 1
37007.29770676 1.00000000
7 0 1
117017.07534879 1.00000000

O-SILICON Si-F_28 (NAKAI-7-S-E) BASIS TYPE: 2
#
7
1 0 1
117.07874160 1.00000000
2 0 1
370.20298094 1.00000000
3 0 1
1170.58182573 1.00000000
4 0 1
3701.37973296 1.00000000
5 0 1
11703.76271561 1.00000000
6 0 1
37007.29770676 1.00000000
7 0 1
117017.07534879 1.00000000

O-SILICON Si-G_28 (NAKAI-7-S-E) BASIS TYPE: 2
#
7
1 0 1
117.07874160 1.00000000
2 0 1
370.20298094 1.00000000
3 0 1
1170.58182573 1.00000000
4 0 1
3701.37973296 1.00000000
5 0 1
11703.76271561 1.00000000
6 0 1
37007.29770676 1.00000000
7 0 1
117017.07534879 1.00000000

O-SILICON Si-H_28 (NAKAI-7-S-E) BASIS TYPE: 2
#
7
1 0 1
117.07874160 1.00000000
2 0 1
370.20298094 1.00000000
3 0 1
1170.58182573 1.00000000
4 0 1
3701.37973296 1.00000000
5 0 1
11703.76271561 1.00000000
6 0 1
37007.29770676 1.00000000
7 0 1
117017.07534879 1.00000000

O-SILICON Si-I_28 (NAKAI-7-S-E) BASIS TYPE: 2
#
7
1 0 1
117.07874160 1.00000000
2 0 1
370.20298094 1.00000000
3 0 1
1170.58182573 1.00000000
4 0 1
3701.37973296 1.00000000
5 0 1
11703.76271561 1.00000000
6 0 1
37007.29770676 1.00000000
7 0 1
117017.07534879 1.00000000

O-SILICON Si-J_28 (NAKAI-7-S-E) BASIS TYPE: 2
#
7
1 0 1
117.07874160 1.00000000
2 0 1
370.20298094 1.00000000
3 0 1
1170.58182573 1.00000000
4 0 1
3701.37973296 1.00000000
5 0 1
11703.76271561 1.00000000
6 0 1
37007.29770676 1.00000000
7 0 1
117017.07534879 1.00000000

O-SILICON Si-K_28 (NAKAI-7-S-E) BASIS TYPE: 2
#
7
1 0 1
117.07874160 1.00000000
2 0 1
370.20298094 1.00000000
3 0 1
1170.58182573 1.00000000
4 0 1
3701.37973296 1.00000000
5 0 1
11703.76271561 1.00000000
6 0 1
37007.29770676 1.00000000
7 0 1
117017.07534879 1.00000000

O-SILICON Si-L_28 (NAKAI-7-S-E) BASIS TYPE: 2
#
7
1 0 1
117.07874160 1.00000000
2 0 1
370.20298094 1.00000000
3 0 1
1170.58182573 1.00000000
4 0 1
3701.37973296 1.00000000
5 0 1
11703.76271561 1.00000000
6 0 1
37007.29770676 1.00000000
7 0 1
117017.07534879 1.00000000

O-SILICON Si-M_28 (NAKAI-7-S-E) BASIS TYPE: 2
#
7
1 0 1
117.07874160 1.00000000
2 0 1
370.20298094 1.00000000
3 0 1
1170.58182573 1.00000000
4 0 1
3701.37973296 1.00000000
5 0 1
11703.76271561 1.00000000
6 0 1
37007.29770676 1.00000000
7 0 1
117017.07534879 1.00000000

O-SILICON Si-N_28 (NAKAI-7-S-E) BASIS TYPE: 2
#
7
1 0 1
117.07874160 1.00000000
2 0 1
370.20298094 1.00000000
3 0 1
1170.58182573 1.00000000
4 0 1
3701.37973296 1.00000000
5 0 1
11703.76271561 1.00000000
6 0 1
37007.29770676 1.00000000
7 0 1
117017.07534879 1.00000000

O-PHOSPHOROUS P-A_31 (NAKAI-7-S-E) BASIS TYPE: 2
#
7
1 0 1
129.08675280 1.00000000
2 0 1
408.17231235 1.00000000
3 0 1
1290.64085166 1.00000000
4 0 1
4081.00637296 1.00000000
5 0 1
12904.14215129 1.00000000
6 0 1
40802.89748236 1.00000000
7 0 1
129018.76183924 1.00000000

O-PHOSPHOROUS P-B_31 (NAKAI-7-S-E) BASIS TYPE: 2
#
7
1 0 1
129.08675280 1.00000000
2 0 1
408.17231235 1.00000000
3 0 1
1290.64085166 1.00000000
4 0 1
4081.00637296 1.00000000
5 0 1
12904.14215129 1.00000000
6 0 1
40802.89748236 1.00000000
7 0 1
129018.76183924 1.00000000

O-PHOSPHOROUS P-C_31 (NAKAI-7-S-E) BASIS TYPE: 2
#
7
1 0 1
129.08675280 1.00000000
2 0 1
408.17231235 1.00000000
3 0 1
1290.64085166 1.00000000
4 0 1
4081.00637296 1.00000000
5 0 1
12904.14215129 1.00000000
6 0 1
40802.89748236 1.00000000
7 0 1
129018.76183924 1.00000000

O-PHOSPHOROUS P-D_31 (NAKAI-7-S-E) BASIS TYPE: 2
#
7
1 0 1
129.08675280 1.00000000
2 0 1
408.17231235 1.00000000
3 0 1
1290.64085166 1.00000000
4 0 1
4081.00637296 1.00000000
5 0 1
12904.14215129 1.00000000
6 0 1
40802.89748236 1.00000000
7 0 1
129018.76183924 1.00000000

O-PHOSPHOROUS P-E_31 (NAKAI-7-S-E) BASIS TYPE: 2
#
7
1 0 1
129.08675280 1.00000000
2 0 1
408.17231235 1.00000000
3 0 1
1290.64085166 1.00000000
4 0 1
4081.00637296 1.00000000
5 0 1
12904.14215129 1.00000000
6 0 1
40802.89748236 1.00000000
7 0 1
129018.76183924 1.00000000

O-PHOSPHOROUS P-F_31 (NAKAI-7-S-E) BASIS TYPE: 2
#
7
1 0 1
129.08675280 1.00000000
2 0 1
408.17231235 1.00000000
3 0 1
1290.64085166 1.00000000
4 0 1
4081.00637296 1.00000000
5 0 1
12904.14215129 1.00000000
6 0 1
40802.89748236 1.00000000
7 0 1
129018.76183924 1.00000000

O-PHOSPHOROUS P-G_31 (NAKAI-7-S-E) BASIS TYPE: 2
#
7
1 0 1
129.08675280 1.00000000
2 0 1
408.17231235 1.00000000
3 0 1
1290.64085166 1.00000000
4 0 1
4081.00637296 1.00000000
5 0 1
12904.14215129 1.00000000
6 0 1
40802.89748236 1.00000000
7 0 1
129018.76183924 1.00000000

O-PHOSPHOROUS P-H_31 (NAKAI-7-S-E) BASIS TYPE: 2
#
7
1 0 1
129.08675280 1.00000000
2 0 1
408.17231235 1.00000000
3 0 1
1290.64085166 1.00000000
4 0 1
4081.00637296 1.00000000
5 0 1
12904.14215129 1.00000000
6 0 1
40802.89748236 1.00000000
7 0 1
129018.76183924 1.00000000

O-PHOSPHOROUS P-I_31 (NAKAI-7-S-E) BASIS TYPE: 2
#
7
1 0 1
129.08675280 1.00000000
2 0 1
408.17231235 1.00000000
3 0 1
1290.64085166 1.00000000
4 0 1
4081.00637296 1.00000000
5 0 1
12904.14215129 1.00000000
6 0 1
40802.89748236 1.00000000
7 0 1
129018.76183924 1.00000000

O-PHOSPHOROUS P-J_31 (NAKAI-7-S-E) BASIS TYPE: 2
#
7
1 0 1
129.08675280 1.00000000
2 0 1
408.17231235 1.00000000
3 0 1
1290.64085166 1.00000000
4 0 1
4081.00637296 1.00000000
5 0 1
12904.14215129 1.00000000
6 0 1
40802.89748236 1.00000000
7 0 1
129018.76183924 1.00000000

O-PHOSPHOROUS P-K_31 (NAKAI-7-S-E) BASIS TYPE: 2
#
7
1 0 1
129.08675280 1.00000000
2 0 1
408.17231235 1.00000000
3 0 1
1290.64085166 1.00000000
4 0 1
4081.00637296 1.00000000
5 0 1
12904.14215129 1.00000000
6 0 1
40802.89748236 1.00000000
7 0 1
129018.76183924 1.00000000

O-PHOSPHOROUS P-L_31 (NAKAI-7-S-E) BASIS TYPE: 2
#
7
1 0 1
129.08675280 1.00000000
2 0 1
408.17231235 1.00000000
3 0 1
1290.64085166 1.00000000
4 0 1
4081.00637296 1.00000000
5 0 1
12904.14215129 1.00000000
6 0 1
40802.89748236 1.00000000
7 0 1
129018.76183924 1.00000000

O-PHOSPHOROUS P-M_31 (NAKAI-7-S-E) BASIS TYPE: 2
#
7
1 0 1
129.08675280 1.00000000
2 0 1
408.17231235 1.00000000
3 0 1
1290.64085166 1.00000000
4 0 1
4081.00637296 1.00000000
5 0 1
12904.14215129 1.00000000
6 0 1
40802.89748236 1.00000000
7 0 1
129018.76183924 1.00000000

O-PHOSPHOROUS P-N_31 (NAKAI-7-S-E) BASIS TYPE: 2
#
7
1 0 1
129.08675280 1.00000000
2 0 1
408.17231235 1.00000000
3 0 1
1290.64085166 1.00000000
4 0 1
4081.00637296 1.00000000
5 0 1
12904.14215129 1.00000000
6 0 1
40802.89748236 1.00000000
7 0 1
129018.76183924 1.00000000

O-SULFUR S-A_32 (NAKAI-7-S-E) BASIS TYPE: 2
#
7
1 0 1
133.62359040 1.00000000
2 0 1
422.51779284 1.00000000
3 0 1
1336.00126098 1.00000000
4 0 1
4224.43598720 1.00000000
5 0 1
13357.66659154 1.00000000
6 0 1
42236.94176244 1.00000000
7 0 1
133553.20985285 1.00000000

O-SULFUR S-B_32 (NAKAI-7-S-E) BASIS TYPE: 2
#
7
1 0 1
133.62359040 1.00000000
2 0 1
422.51779284 1.00000000
3 0 1
1336.00126098 1.00000000
4 0 1
4224.43598720 1.00000000
5 0 1
13357.66659154 1.00000000
6 0 1
42236.94176244 1.00000000
7 0 1
133553.20985285 1.00000000

O-SULFUR S-C_32 (NAKAI-7-S-E) BASIS TYPE: 2
#
7
1 0 1
133.62359040 1.00000000
2 0 1
422.51779284 1.00000000
3 0 1
1336.00126098 1.00000000
4 0 1
4224.43598720 1.00000000
5 0 1
13357.66659154 1.00000000
6 0 1
42236.94176244 1.00000000
7 0 1
133553.20985285 1.00000000

O-SULFUR S-D_32 (NAKAI-7-S-E) BASIS TYPE: 2
#
7
1 0 1
133.62359040 1.00000000
2 0 1
422.51779284 1.00000000
3 0 1
1336.00126098 1.00000000
4 0 1
4224.43598720 1.00000000
5 0 1
13357.66659154 1.00000000
6 0 1
42236.94176244 1.00000000
7 0 1
133553.20985285 1.00000000

O-SULFUR S-E_32 (NAKAI-7-S-E) BASIS TYPE: 2
#
7
1 0 1
133.62359040 1.00000000
2 0 1
422.51779284 1.00000000
3 0 1
1336.00126098 1.00000000
4 0 1
4224.43598720 1.00000000
5 0 1
13357.66659154 1.00000000
6 0 1
42236.94176244 1.00000000
7 0 1
133553.20985285 1.00000000

O-SULFUR S-F_32 (NAKAI-7-S-E) BASIS TYPE: 2
#
7
1 0 1
133.62359040 1.00000000
2 0 1
422.51779284 1.00000000
3 0 1
1336.00126098 1.00000000
4 0 1
4224.43598720 1.00000000
5 0 1
13357.66659154 1.00000000
6 0 1
42236.94176244 1.00000000
7 0 1
133553.20985285 1.00000000

O-SULFUR S-G_32 (NAKAI-7-S-E) BASIS TYPE: 2
#
7
1 0 1
133.62359040 1.00000000
2 0 1
422.51779284 1.00000000
3 0 1
1336.00126098 1.00000000
4 0 1
4224.43598720 1.00000000
5 0 1
13357.66659154 1.00000000
6 0 1
42236.94176244 1.00000000
7 0 1
133553.20985285 1.00000000

O-SULFUR S-H_32 (NAKAI-7-S-E) BASIS TYPE: 2
#
7
1 0 1
133.62359040 1.00000000
2 0 1
422.51779284 1.00000000
3 0 1
1336.00126098 1.00000000
4 0 1
4224.43598720 1.00000000
5 0 1
13357.66659154 1.00000000
6 0 1
42236.94176244 1.00000000
7 0 1
133553.20985285 1.00000000

O-SULFUR S-I_32 (NAKAI-7-S-E) BASIS TYPE: 2
#
7
1 0 1
133.62359040 1.00000000
2 0 1
422.51779284 1.00000000
3 0 1
1336.00126098 1.00000000
4 0 1
4224.43598720 1.00000000
5 0 1
13357.66659154 1.00000000
6 0 1
42236.94176244 1.00000000
7 0 1
133553.20985285 1.00000000

O-SULFUR S-J_32 (NAKAI-7-S-E) BASIS TYPE: 2
#
7
1 0 1
133.62359040 1.00000000
2 0 1
422.51779284 1.00000000
3 0 1
1336.00126098 1.00000000
4 0 1
4224.43598720 1.00000000
5 0 1
13357.66659154 1.00000000
6 0 1
42236.94176244 1.00000000
7 0 1
133553.20985285 1.00000000

O-SULFUR S-K_32 (NAKAI-7-S-E) BASIS TYPE: 2
#
7
1 0 1
133.62359040 1.00000000
2 0 1
422.51779284 1.00000000
3 0 1
1336.00126098 1.00000000
4 0 1
4224.43598720 1.00000000
5 0 1
13357.66659154 1.00000000
6 0 1
42236.94176244 1.00000000
7 0 1
133553.20985285 1.00000000

O-SULFUR S-L_32 (NAKAI-7-S-E) BASIS TYPE: 2
#
7
1 0 1
133.62359040 1.00000000
2 0 1
422.51779284 1.00000000
3 0 1
1336.00126098 1.00000000
4 0 1
4224.43598720 1.00000000
5 0 1
13357.66659154 1.00000000
6 0 1
42236.94176244 1.00000000
7 0 1
133553.20985285 1.00000000

O-SULFUR S-M_32 (NAKAI-7-S-E) BASIS TYPE: 2
#
7
1 0 1
133.62359040 1.00000000
2 0 1
422.51779284 1.00000000
3 0 1
1336.00126098 1.00000000
4 0 1
4224.43598720 1.00000000
5 0 1
13357.66659154 1.00000000
6 0 1
42236.94176244 1.00000000
7 0 1
133553.20985285 1.00000000

O-SULFUR S-N_32 (NAKAI-7-S-E) BASIS TYPE: 2
#
7
1 0 1
133.62359040 1.00000000
2 0 1
422.51779284 1.00000000
3 0 1
1336.00126098 1.00000000
4 0 1
4224.43598720 1.00000000
5 0 1
13357.66659154 1.00000000
6 0 1
42236.94176244 1.00000000
7 0 1
133553.20985285 1.00000000

O-CHLORINE Cl-A_35 (NAKAI-7-S-E) BASIS TYPE: 2
#
7
1 0 1
147.70935180 1.00000000
2 0 1
467.05697039 1.00000000
3 0 1
1476.83414038 1.00000000
4 0 1
4669.74955188 1.00000000
5 0 1
14765.74808303 1.00000000
6 0 1
46689.29543855 1.00000000
7 0 1
147631.55217669 1.00000000

O-CHLORINE Cl-B_35 (NAKAI-7-S-E) BASIS TYPE: 2
#
7
1 0 1
147.70935180 1.00000000
2 0 1
467.05697039 1.00000000
3 0 1
1476.83414038 1.00000000
4 0 1
4669.74955188 1.00000000
5 0 1
14765.74808303 1.00000000
6 0 1
46689.29543855 1.00000000
7 0 1
147631.55217669 1.00000000

O-CHLORINE Cl-C_35 (NAKAI-7-S-E) BASIS TYPE: 2
#
7
1 0 1
147.70935180 1.00000000
2 0 1
467.05697039 1.00000000
3 0 1
1476.83414038 1.00000000
4 0 1
4669.74955188 1.00000000
5 0 1
14765.74808303 1.00000000
6 0 1
46689.29543855 1.00000000
7 0 1
147631.55217669 1.00000000

O-CHLORINE Cl-D_35 (NAKAI-7-S-E) BASIS TYPE: 2
#
7
1 0 1
147.70935180 1.00000000
2 0 1
467.05697039 1.00000000
3 0 1
1476.83414038 1.00000000
4 0 1
4669.74955188 1.00000000
5 0 1
14765.74808303 1.00000000
6 0 1
46689.29543855 1.00000000
7 0 1
147631.55217669 1.00000000

O-CHLORINE Cl-E_35 (NAKAI-7-S-E) BASIS TYPE: 2
#
7
1 0 1
147.70935180 1.00000000
2 0 1
467.05697039 1.00000000
3 0 1
1476.83414038 1.00000000
4 0 1
4669.74955188 1.00000000
5 0 1
14765.74808303 1.00000000
6 0 1
46689.29543855 1.00000000
7 0 1
147631.55217669 1.00000000

O-CHLORINE Cl-F_35 (NAKAI-7-S-E) BASIS TYPE: 2
#
7
1 0 1
147.70935180 1.00000000
2 0 1
467.05697039 1.00000000
3 0 1
1476.83414038 1.00000000
4 0 1
4669.74955188 1.00000000
5 0 1
14765.74808303 1.00000000
6 0 1
46689.29543855 1.00000000
7 0 1
147631.55217669 1.00000000

O-CHLORINE Cl-G_35 (NAKAI-7-S-E) BASIS TYPE: 2
#
7
1 0 1
147.70935180 1.00000000
2 0 1
467.05697039 1.00000000
3 0 1
1476.83414038 1.00000000
4 0 1
4669.74955188 1.00000000
5 0 1
14765.74808303 1.00000000
6 0 1
46689.29543855 1.00000000
7 0 1
147631.55217669 1.00000000

O-CHLORINE Cl-H_35 (NAKAI-7-S-E) BASIS TYPE: 2
#
7
1 0 1
147.70935180 1.00000000
2 0 1
467.05697039 1.00000000
3 0 1
1476.83414038 1.00000000
4 0 1
4669.74955188 1.00000000
5 0 1
14765.74808303 1.00000000
6 0 1
46689.29543855 1.00000000
7 0 1
147631.55217669 1.00000000

O-CHLORINE Cl-I_35 (NAKAI-7-S-E) BASIS TYPE: 2
#
7
1 0 1
147.70935180 1.00000000
2 0 1
467.05697039 1.00000000
3 0 1
1476.83414038 1.00000000
4 0 1
4669.74955188 1.00000000
5 0 1
14765.74808303 1.00000000
6 0 1
46689.29543855 1.00000000
7 0 1
147631.55217669 1.00000000

O-CHLORINE Cl-J_35 (NAKAI-7-S-E) BASIS TYPE: 2
#
7
1 0 1
147.70935180 1.00000000
2 0 1
467.05697039 1.00000000
3 0 1
1476.83414038 1.00000000
4 0 1
4669.74955188 1.00000000
5 0 1
14765.74808303 1.00000000
6 0 1
46689.29543855 1.00000000
7 0 1
147631.55217669 1.00000000

O-CHLORINE Cl-K_35 (NAKAI-7-S-E) BASIS TYPE: 2
#
7
1 0 1
147.70935180 1.00000000
2 0 1
467.05697039 1.00000000
3 0 1
1476.83414038 1.00000000
4 0 1
4669.74955188 1.00000000
5 0 1
14765.74808303 1.00000000
6 0 1
46689.29543855 1.00000000
7 0 1
147631.55217669 1.00000000

O-CHLORINE Cl-L_35 (NAKAI-7-S-E) BASIS TYPE: 2
#
7
1 0 1
147.70935180 1.00000000
2 0 1
467.05697039 1.00000000
3 0 1
1476.83414038 1.00000000
4 0 1
4669.74955188 1.00000000
5 0 1
14765.74808303 1.00000000
6 0 1
46689.29543855 1.00000000
7 0 1
147631.55217669 1.00000000

O-CHLORINE Cl-M_35 (NAKAI-7-S-E) BASIS TYPE: 2
#
7
1 0 1
147.70935180 1.00000000
2 0 1
467.05697039 1.00000000
3 0 1
1476.83414038 1.00000000
4 0 1
4669.74955188 1.00000000
5 0 1
14765.74808303 1.00000000
6 0 1
46689.29543855 1.00000000
7 0 1
147631.55217669 1.00000000

O-CHLORINE Cl-N_35 (NAKAI-7-S-E) BASIS TYPE: 2
#
7
1 0 1
147.70935180 1.00000000
2 0 1
467.05697039 1.00000000
3 0 1
1476.83414038 1.00000000
4 0 1
4669.74955188 1.00000000
5 0 1
14765.74808303 1.00000000
6 0 1
46689.29543855 1.00000000
7 0 1
147631.55217669 1.00000000

O-ARGON Ar-A_40 (NAKAI-7-S-E) BASIS TYPE: 2
#
7
1 0 1
166.39708800 1.00000000
2 0 1
526.14759226 1.00000000
3 0 1
1663.67868671 1.00000000
4 0 1
5260.55200739 1.00000000
5 0 1
16633.86544736 1.00000000
6 0 1
52596.28254456 1.00000000
7 0 1
166309.44540588 1.00000000

O-ARGON Ar-B_40 (NAKAI-7-S-E) BASIS TYPE: 2
#
7
1 0 1
166.39708800 1.00000000
2 0 1
526.14759226 1.00000000
3 0 1
1663.67868671 1.00000000
4 0 1
5260.55200739 1.00000000
5 0 1
16633.86544736 1.00000000
6 0 1
52596.28254456 1.00000000
7 0 1
166309.44540588 1.00000000

O-ARGON Ar-C_40 (NAKAI-7-S-E) BASIS TYPE: 2
#
7
1 0 1
166.39708800 1.00000000
2 0 1
526.14759226 1.00000000
3 0 1
1663.67868671 1.00000000
4 0 1
5260.55200739 1.00000000
5 0 1
16633.86544736 1.00000000
6 0 1
52596.28254456 1.00000000
7 0 1
166309.44540588 1.00000000

O-ARGON Ar-D_40 (NAKAI-7-S-E) BASIS TYPE: 2
#
7
1 0 1
166.39708800 1.00000000
2 0 1
526.14759226 1.00000000
3 0 1
1663.67868671 1.00000000
4 0 1
5260.55200739 1.00000000
5 0 1
16633.86544736 1.00000000
6 0 1
52596.28254456 1.00000000
7 0 1
166309.44540588 1.00000000

O-ARGON Ar-E_40 (NAKAI-7-S-E) BASIS TYPE: 2
#
7
1 0 1
166.39708800 1.00000000
2 0 1
526.14759226 1.00000000
3 0 1
1663.67868671 1.00000000
4 0 1
5260.55200739 1.00000000
5 0 1
16633.86544736 1.00000000
6 0 1
52596.28254456 1.00000000
7 0 1
166309.44540588 1.00000000

O-ARGON Ar-F_40 (NAKAI-7-S-E) BASIS TYPE: 2
#
7
1 0 1
166.39708800 1.00000000
2 0 1
526.14759226 1.00000000
3 0 1
1663.67868671 1.00000000
4 0 1
5260.55200739 1.00000000
5 0 1
16633.86544736 1.00000000
6 0 1
52596.28254456 1.00000000
7 0 1
166309.44540588 1.00000000

O-ARGON Ar-G_40 (NAKAI-7-S-E) BASIS TYPE: 2
#
7
1 0 1
166.39708800 1.00000000
2 0 1
526.14759226 1.00000000
3 0 1
1663.67868671 1.00000000
4 0 1
5260.55200739 1.00000000
5 0 1
16633.86544736 1.00000000
6 0 1
52596.28254456 1.00000000
7 0 1
166309.44540588 1.00000000

O-ARGON Ar-H_40 (NAKAI-7-S-E) BASIS TYPE: 2
#
7
1 0 1
166.39708800 1.00000000
2 0 1
526.14759226 1.00000000
3 0 1
1663.67868671 1.00000000
4 0 1
5260.55200739 1.00000000
5 0 1
16633.86544736 1.00000000
6 0 1
52596.28254456 1.00000000
7 0 1
166309.44540588 1.00000000

O-ARGON Ar-I_40 (NAKAI-7-S-E) BASIS TYPE: 2
#
7
1 0 1
166.39708800 1.00000000
2 0 1
526.14759226 1.00000000
3 0 1
1663.67868671 1.00000000
4 0 1
5260.55200739 1.00000000
5 0 1
16633.86544736 1.00000000
6 0 1
52596.28254456 1.00000000
7 0 1
166309.44540588 1.00000000

O-ARGON Ar-J_40 (NAKAI-7-S-E) BASIS TYPE: 2
#
7
1 0 1
166.39708800 1.00000000
2 0 1
526.14759226 1.00000000
3 0 1
1663.67868671 1.00000000
4 0 1
5260.55200739 1.00000000
5 0 1
16633.86544736 1.00000000
6 0 1
52596.28254456 1.00000000
7 0 1
166309.44540588 1.00000000

O-ARGON Ar-K_40 (NAKAI-7-S-E) BASIS TYPE: 2
#
7
1 0 1
166.39708800 1.00000000
2 0 1
526.14759226 1.00000000
3 0 1
1663.67868671 1.00000000
4 0 1
5260.55200739 1.00000000
5 0 1
16633.86544736 1.00000000
6 0 1
52596.28254456 1.00000000
7 0 1
166309.44540588 1.00000000

O-ARGON Ar-L_40 (NAKAI-7-S-E) BASIS TYPE: 2
#
7
1 0 1
166.39708800 1.00000000
2 0 1
526.14759226 1.00000000
3 0 1
1663.67868671 1.00000000
4 0 1
5260.55200739 1.00000000
5 0 1
16633.86544736 1.00000000
6 0 1
52596.28254456 1.00000000
7 0 1
166309.44540588 1.00000000

O-ARGON Ar-M_40 (NAKAI-7-S-E) BASIS TYPE: 2
#
7
1 0 1
166.39708800 1.00000000
2 0 1
526.14759226 1.00000000
3 0 1
1663.67868671 1.00000000
4 0 1
5260.55200739 1.00000000
5 0 1
16633.86544736 1.00000000
6 0 1
52596.28254456 1.00000000
7 0 1
166309.44540588 1.00000000

O-ARGON Ar-N_40 (NAKAI-7-S-E) BASIS TYPE: 2
#
7
1 0 1
166.39708800 1.00000000
2 0 1
526.14759226 1.00000000
3 0 1
1663.67868671 1.00000000
4 0 1
5260.55200739 1.00000000
5 0 1
16633.86544736 1.00000000
6 0 1
52596.28254456 1.00000000
7 0 1
166309.44540588 1.00000000

