O-NA_23 NA_23 (13S) BASIS TYPE: 2
# (1S)-[1S]
13
1 0 1
2976246.52978516 1.00000000
2 0 1
6412128.76976126 1.00000000
3 0 1
13814512.65832068 1.00000000
4 0 1
29762465.29653019 1.00000000
5 0 1
64121287.69476578 1.00000000
6 0 1
138145126.57707351 1.00000000
7 0 1
297624652.95208812 1.00000000
8 0 1
641212876.91918957 1.00000000
9 0 1
1381451265.70940232 1.00000000
10 0 1
2976246529.38874388 1.00000000
11 0 1
6412128768.90721416 1.00000000
12 0 1
13814512656.48069572 1.00000000
13 0 1
29762465292.56606674 1.00000000

O-U- U- (13S) BASIS TYPE: 2
# (1S)-[1S]
13
1 0 1
14565.64158125 1.00000000
2 0 1
31380.72350475 1.00000000
3 0 1
67607.71931593 1.00000000
4 0 1
145656.41580603 1.00000000
5 0 1
313807.23503358 1.00000000
6 0 1
676077.19312933 1.00000000
7 0 1
1456564.15799566 1.00000000
8 0 1
3138072.35019648 1.00000000
9 0 1
6760771.93099314 1.00000000
10 0 1
14565641.57930990 1.00000000
11 0 1
31380723.50057163 1.00000000
12 0 1
67607719.30692975 1.00000000
13 0 1
145656415.78663221 1.00000000

