  NASA Ames ANO  EMSL  Basis Set Exchange Library   7/22/12 8:56 PM 
 J. ALMLOF AND P.R. TAYLOR, J. CHEM. PHYS. 86, 4070 (1987).  
  C.W. BAUSCHLICHER, JR., S.R. LANGHOFF, A. KORMORNICKI,  THEOR. CHIM ACTA 77,  
  263 (1990) 
    
O-HYDROGEN H (NASA_AMES_ANO) BASIS TYPE: 1
# 
10
1 0 8
402.00990000 -0.00024200
60.24196000 -0.00177600
13.73217000 -0.00989700
3.90450500 -0.03476500
1.28270900 -0.12137600
0.46554400 -0.22077700
0.18112000 -0.19018400
0.07279100 -0.05065700
2 0 8
402.00990000 -0.00035600
60.24196000 -0.00127400
13.73217000 -0.01849300
3.90450500 -0.01751900
1.28270900 -0.45743100
0.46554400 -0.32228000
0.18112000 0.57883800
0.07279100 0.11814800
3 0 8
402.00990000 -0.00041900
60.24196000 -0.00361500
13.73217000 -0.01750700
3.90450500 -0.16368400
1.28270900 -1.17759200
0.46554400 1.84523900
0.18112000 -0.71178400
0.07279100 -0.17124900
4 0 8
402.00990000 0.00034100
60.24196000 -0.01953800
13.73217000 0.05137700
3.90450500 -1.32005200
1.28270900 1.74041300
0.46554400 -0.66840200
0.18112000 -0.49903500
0.07279100 0.54297000
5 1 6
9.88000000 0.00308500
3.95000000 0.00296900
1.58000000 0.08387600
0.63000000 0.32513300
0.25000000 0.18960300
0.10000000 0.01770800
6 1 6
9.88000000 -0.01735100
3.95000000 0.02125300
1.58000000 -0.55281600
0.63000000 -0.15289900
0.25000000 0.52484600
0.10000000 0.01411100
7 1 6
9.88000000 0.00373600
3.95000000 -0.27421800
1.58000000 -0.77441900
0.63000000 1.36993100
0.25000000 -0.73568300
0.10000000 -0.02270400
8 2 4
4.00000000 0.00126500
1.60000000 -0.15991500
0.64000000 -0.38220800
0.26000000 -0.10048700
9 2 4
4.00000000 -0.03379900
1.60000000 -0.65922900
0.64000000 0.21574500
0.26000000 0.32138400
10 3 3
2.50000000 -0.04089700
1.00000000 -0.26157900
0.40000000 -0.10400000

O-BORON B (NASA_AMES_ANO) BASIS TYPE: 1
# 
15
1 0 13
46535.63000000 0.00003800
6970.78300000 0.00029900
1586.43200000 0.00156800
449.31040000 0.00656200
146.56170000 0.02319100
52.88387000 0.06977700
20.55825000 0.17161700
8.43462800 0.31997400
3.60751700 0.37577700
1.56731400 0.18254400
0.45938700 0.00788900
0.18377700 -0.00932600
0.07235200 -0.00237600
2 0 13
46535.63000000 0.00000700
6970.78300000 0.00005800
1586.43200000 0.00030400
449.31040000 0.00126500
146.56170000 0.00457100
52.88387000 0.01387300
20.55825000 0.03684600
8.43462800 0.07557000
3.60751700 0.13118000
1.56731400 0.10406600
0.45938700 -0.29487500
0.18377700 -0.59519400
0.07235200 -0.25246800
3 0 13
46535.63000000 -0.00001000
6970.78300000 -0.00007800
1586.43200000 -0.00042500
449.31040000 -0.00168700
146.56170000 -0.00649400
52.88387000 -0.01837200
20.55825000 -0.05467700
8.43462800 -0.09884400
3.60751700 -0.22162700
1.56731400 -0.10873300
0.45938700 1.36730000
0.18377700 -0.16053600
0.07235200 -1.01045600
4 0 13
46535.63000000 -0.00001600
6970.78300000 -0.00008500
1586.43200000 -0.00073300
449.31040000 -0.00150000
146.56170000 -0.01266400
52.88387000 -0.01188500
20.55825000 -0.13098100
8.43462800 -0.00091100
3.60751700 -0.74356600
1.56731400 0.88054600
0.45938700 1.59450600
0.18377700 -3.36257600
0.07235200 1.99986000
5 0 13
46535.63000000 -0.00002800
6970.78300000 -0.00013300
1586.43200000 -0.00133400
449.31040000 -0.00211500
146.56170000 -0.02410300
52.88387000 -0.01726900
20.55825000 -0.28177300
8.43462800 0.09192800
3.60751700 -1.66194900
1.56731400 3.74825100
0.45938700 -4.36712400
0.18377700 3.72112400
0.07235200 -1.45794200
6 1 8
69.07083000 0.00078800
16.31631000 0.00605400
5.11553600 0.02681500
1.82183500 0.08767600
0.71345200 0.22991500
0.29212300 0.39282500
0.12114500 0.35918700
0.04963100 0.12670600
7 1 8
69.07083000 -0.00067800
16.31631000 -0.00464200
5.11553600 -0.01910900
1.82183500 -0.02367000
0.71345200 -0.44890100
0.29212300 -0.55559400
0.12114500 0.67567200
0.04963100 0.48983200
8 1 8
69.07083000 -0.00212800
16.31631000 -0.02137600
5.11553600 -0.08574000
1.82183500 -0.44249100
0.71345200 -0.79286000
0.29212300 1.27342200
0.12114500 0.06869000
0.04963100 -0.64352000
9 1 8
69.07083000 0.00429500
16.31631000 0.04554200
5.11553600 0.22715500
1.82183500 1.20382400
0.71345200 -1.78117200
0.29212300 0.55518100
0.12114500 0.83950400
0.04963100 -0.86633200
10 2 6
4.94000000 0.00494700
1.98000000 0.02116300
0.79000000 0.22843200
0.32000000 0.55400200
0.13000000 0.33584900
0.05000000 0.03155900
11 2 6
4.94000000 0.00124200
1.98000000 0.02954900
0.79000000 -0.85244100
0.32000000 -0.05627400
0.13000000 0.79235400
0.05000000 0.05231400
12 2 6
4.94000000 -0.03328900
1.98000000 0.49718400
0.79000000 0.70124500
0.32000000 -1.56353100
0.13000000 0.93848300
0.05000000 0.13431600
13 3 4
2.37000000 -0.00063300
0.95000000 0.26852200
0.38000000 0.65698800
0.15000000 0.23617400
14 3 4
2.37000000 0.02342200
0.95000000 -0.97601100
0.38000000 0.30281200
0.15000000 0.58595300
15 4 2
1.14000000 0.02261200
0.46000000 0.06183900

O-CARBON C (NASA_AMES_ANO) BASIS TYPE: 1
# 
15
1 0 13
50557.50000000 -0.00005500
7524.78600000 -0.00043400
1694.32800000 -0.00231600
472.82280000 -0.00987200
151.71080000 -0.03521700
53.91875000 -0.10418400
20.65931000 -0.24125500
8.38397600 -0.38392900
3.57701500 -0.30821900
1.54711800 -0.06852800
0.61301300 -0.00083000
0.24606800 -0.00078200
0.09908700 0.00004000
2 0 13
50557.50000000 0.00001200
7524.78600000 0.00009300
1694.32800000 0.00049900
472.82280000 0.00213000
151.71080000 0.00773000
53.91875000 0.02356400
20.65931000 0.05952200
8.38397600 0.11433600
3.57701500 0.15228100
1.54711800 0.01514400
0.61301300 -0.37717100
0.24606800 -0.54469600
0.09908700 -0.21188600
3 0 13
50557.50000000 0.00001500
7524.78600000 0.00011300
1694.32800000 0.00061900
472.82280000 0.00257300
151.71080000 0.00971000
53.91875000 0.02862200
20.65931000 0.07840700
8.38397600 0.14086800
3.57701500 0.25720400
1.54711800 -0.14594500
0.61301300 -1.28076900
0.24606800 0.30509600
0.09908700 0.93955700
4 0 13
50557.50000000 -0.00002100
7524.78600000 -0.00015000
1694.32800000 -0.00092700
472.82280000 -0.00329300
151.71080000 -0.01528000
53.91875000 -0.03618300
20.65931000 -0.14152900
8.38397600 -0.15833700
3.57701500 -0.61987800
1.54711800 1.62923800
0.61301300 0.36862100
0.24606800 -2.65817900
0.09908700 1.83891200
5 0 13
50557.50000000 0.00002700
7524.78600000 0.00024300
1694.32800000 0.00106000
472.82280000 0.00608400
151.71080000 0.01549700
53.91875000 0.08416700
20.65931000 0.12958300
8.38397600 0.53521500
3.57701500 0.14046600
1.54711800 -3.38358100
0.61301300 5.47822500
0.24606800 -4.60052300
0.09908700 1.86027400
6 1 8
83.33316000 0.00125900
19.55761000 0.00968400
6.08036500 0.04292500
2.17931700 0.13507500
0.86515000 0.28777400
0.36194400 0.38193100
0.15474000 0.29570000
0.06542900 0.08942700
7 1 8
83.33316000 -0.00142800
19.55761000 -0.01211000
6.08036500 -0.04393800
2.17931700 -0.17155500
0.86515000 -0.60719500
0.36194400 -0.11243600
0.15474000 0.70597500
0.06542900 0.29463300
8 1 8
83.33316000 -0.00339700
19.55761000 -0.03489700
6.08036500 -0.14580100
2.17931700 -0.71410500
0.86515000 -0.14471900
0.36194400 1.33807000
0.15474000 -0.51561300
0.06542900 -0.42474900
9 1 8
83.33316000 -0.00825300
19.55761000 -0.04633700
6.08036500 -0.45331800
2.17931700 -0.84580600
0.86515000 2.23498100
0.36194400 -1.75640700
0.15474000 0.10448100
0.06542900 0.58952100
10 2 6
7.12000000 0.00604300
2.85000000 0.03235200
1.14000000 0.26805600
0.46000000 0.56291500
0.18000000 0.29475700
0.07000000 0.01857200
11 2 6
7.12000000 -0.00225700
2.85000000 -0.08142600
1.14000000 -0.88160000
0.46000000 0.18986600
0.18000000 0.67739500
0.07000000 0.01600900
12 2 6
7.12000000 0.04228300
2.85000000 -0.65112900
1.14000000 -0.35679300
0.46000000 1.39267600
0.18000000 -1.04210800
0.07000000 -0.04723300
13 3 4
3.42000000 -0.00867500
1.37000000 -0.31771300
0.55000000 -0.64819200
0.22000000 -0.18722500
14 3 4
3.42000000 0.05774500
1.37000000 0.97136300
0.55000000 -0.45592400
0.22000000 -0.49493700
15 4 2
1.64000000 0.22077400
0.66000000 0.50204900

O-NITROGEN N (NASA_AMES_ANO) BASIS TYPE: 1
# 
15
1 0 13
74761.72000000 -0.00005000
11123.65000000 -0.00039400
2512.60600000 -0.00208800
703.77730000 -0.00890600
225.47880000 -0.03208100
79.61581000 -0.09742400
30.23728000 -0.23172900
12.26362000 -0.37753900
5.26508600 -0.31862300
2.33347100 -0.08257700
0.90185600 -0.00310200
0.35833600 -0.00053700
0.14109300 -0.00008400
2 0 13
74761.72000000 -0.00001100
11123.65000000 -0.00008700
2512.60600000 -0.00046300
703.77730000 -0.00197800
225.47880000 -0.00724400
79.61581000 -0.02264600
30.23728000 -0.05869800
12.26362000 -0.11457500
5.26508600 -0.15447200
2.33347100 -0.02376600
0.90185600 0.36533400
0.35833600 0.53915000
0.14109300 0.23613100
3 0 13
74761.72000000 -0.00001300
11123.65000000 -0.00010000
2512.60600000 -0.00054200
703.77730000 -0.00226100
225.47880000 -0.00856400
79.61581000 -0.02601200
30.23728000 -0.07220700
12.26362000 -0.13380200
5.26508600 -0.23941500
2.33347100 0.07747800
0.90185600 1.18023200
0.35833600 -0.05077200
0.14109300 -1.07398300
4 0 13
74761.72000000 -0.00001900
11123.65000000 -0.00013800
2512.60600000 -0.00084900
703.77730000 -0.00299000
225.47880000 -0.01408200
79.61581000 -0.03371000
30.23728000 -0.13540300
12.26362000 -0.15848300
5.26508600 -0.62053400
2.33347100 1.37418700
0.90185600 0.84572500
0.35833600 -2.89733200
0.14109300 1.82651600
5 0 13
74761.72000000 -0.00002600
11123.65000000 -0.00021700
2512.60600000 -0.00102900
703.77730000 -0.00527200
225.47880000 -0.01563100
79.61581000 -0.07167500
30.23728000 -0.14517300
12.26362000 -0.48280000
5.26508600 -0.42928300
2.33347100 3.65589400
0.90185600 -5.39437900
0.35833600 4.31245100
0.14109300 -1.67513600
6 1 8
126.66660000 -0.00115900
29.83739000 -0.00907600
9.39403800 -0.04106200
3.40510400 -0.13086400
1.35000000 -0.28115600
0.55769600 -0.37948700
0.23244900 -0.30847500
0.09426400 -0.10012300
7 1 8
126.66660000 -0.00154000
29.83739000 -0.01275600
9.39403800 -0.05440300
3.40510400 -0.19607800
1.35000000 -0.57219500
0.55769600 -0.12109800
0.23244900 0.68009600
0.09426400 0.30247400
8 1 8
126.66660000 0.00293100
29.83739000 0.03205900
9.39403800 0.13014900
3.40510400 0.65773000
1.35000000 0.22998800
0.55769600 -1.35051700
0.23244900 0.46706600
0.09426400 0.47162700
9 1 8
126.66660000 -0.00638200
29.83739000 -0.04426300
9.39403800 -0.36049700
3.40510400 -0.96607400
1.35000000 2.12759800
0.55769600 -1.36661800
0.23244900 -0.25924500
0.09426400 0.72517000
10 2 6
9.88000000 -0.00758700
3.95000000 -0.03950400
1.58000000 -0.29541600
0.63000000 -0.55719100
0.25000000 -0.26728200
0.10000000 -0.02263500
11 2 6
9.88000000 -0.00707700
3.95000000 -0.13755200
1.58000000 -0.83975800
0.63000000 0.23227900
0.25000000 0.64547300
0.10000000 0.02625500
12 2 6
9.88000000 0.04059000
3.95000000 -0.69786300
1.58000000 -0.23169800
0.63000000 1.32806700
0.25000000 -1.05627200
0.10000000 -0.04537900
13 3 4
4.74000000 -0.01563300
1.90000000 -0.33143900
0.76000000 -0.64192200
0.30000000 -0.17914900
14 3 4
4.74000000 0.09855100
1.90000000 0.94062500
0.76000000 -0.47768200
0.30000000 -0.47895200
15 4 2
2.28000000 -0.10169000
0.91000000 -0.21828900

O-OXYGEN O (NASA_AMES_ANO) BASIS TYPE: 1
# 
15
1 0 13
105374.90000000 -0.00004600
15679.24000000 -0.00036100
3534.54500000 -0.00192000
987.36520000 -0.00820600
315.97880000 -0.02972500
111.65430000 -0.09045200
42.69945000 -0.21740200
17.39560000 -0.36872000
7.43830900 -0.33727700
3.22286200 -0.09680800
1.25387700 -0.00266900
0.49515500 -0.00119800
0.19166500 0.00003100
2 0 13
105374.90000000 0.00001000
15679.24000000 0.00008200
3534.54500000 0.00043800
987.36520000 0.00187500
315.97880000 0.00690900
111.65430000 0.02158700
42.69945000 0.05647300
17.39560000 0.11324500
7.43830900 0.16070000
3.22286200 0.03367200
1.25387700 -0.36024400
0.49515500 -0.54706600
0.19166500 -0.23853200
3 0 13
105374.90000000 -0.00001300
15679.24000000 -0.00009900
3534.54500000 -0.00053800
987.36520000 -0.00224900
315.97880000 -0.00857300
111.65430000 -0.02600900
42.69945000 -0.07291300
17.39560000 -0.13988400
7.43830900 -0.26057800
3.22286200 0.07298100
1.25387700 1.28528600
0.49515500 -0.22464800
0.19166500 -0.96682000
4 0 13
105374.90000000 -0.00001800
15679.24000000 -0.00012400
3534.54500000 -0.00081900
987.36520000 -0.00265100
315.97880000 -0.01390200
111.65430000 -0.02889000
42.69945000 -0.13714200
17.39560000 -0.12832300
7.43830900 -0.71729400
3.22286200 1.55318100
1.25387700 0.57374800
0.49515500 -2.68409100
0.19166500 1.77232700
5 0 13
105374.90000000 0.00002300
15679.24000000 0.00020100
3534.54500000 0.00089200
987.36520000 0.00500000
315.97880000 0.01304800
111.65430000 0.06821800
42.69945000 0.11491800
17.39560000 0.51268900
7.43830900 0.42328500
3.22286200 -3.64365800
1.25387700 5.38173600
0.49515500 -4.30166800
0.19166500 1.68928500
6 1 8
200.00000000 -0.00089700
46.53337000 -0.00740200
14.62181000 -0.03508500
5.31306600 -0.11579300
2.10252500 -0.25886700
0.85022300 -0.37216800
0.33759700 -0.33629500
0.12889200 -0.14007700
7 1 8
200.00000000 -0.00117000
46.53337000 -0.00953600
14.62181000 -0.04619100
5.31306600 -0.15475500
2.10252500 -0.48773900
0.85022300 -0.27396000
0.33759700 0.56642400
0.12889200 0.46061900
8 1 8
200.00000000 0.00182000
46.53337000 0.02011900
14.62181000 0.08249500
5.31306600 0.42203100
2.10252500 0.58729200
0.85022300 -1.08047800
0.33759700 -0.22909600
0.12889200 0.82329300
9 1 8
200.00000000 0.00256500
46.53337000 0.03752400
14.62181000 0.14745200
5.31306600 0.97699900
2.10252500 -0.98914800
0.85022300 -0.58555700
0.33759700 1.67155500
0.12889200 -1.14221400
10 2 6
12.65000000 0.00911900
5.06000000 0.04961700
2.02000000 0.33049500
0.81000000 0.55185700
0.32000000 0.23094800
0.13000000 0.01914800
11 2 6
12.65000000 -0.00699800
5.06000000 -0.17998000
2.02000000 -0.79608900
0.81000000 0.27949700
0.32000000 0.62414300
0.13000000 0.04439100
12 2 6
12.65000000 0.01818600
5.06000000 -0.70394700
2.02000000 -0.16631000
0.81000000 1.25174200
0.32000000 -0.99826700
0.13000000 -0.09473700
13 3 4
6.07000000 0.02463000
2.43000000 0.33057600
0.97000000 0.60260000
0.39000000 0.23056800
14 3 4
6.07000000 0.13417000
2.43000000 0.84333300
0.97000000 -0.31593300
0.39000000 -0.58066600
15 4 2
3.11000000 0.20688500
1.24000000 0.51425300

O-FLUORINE F (NASA_AMES_ANO) BASIS TYPE: 1
# 
15
1 0 13
103109.50000000 -0.00006400
15281.01000000 -0.00050300
3441.53900000 -0.00266800
967.09480000 -0.01120000
314.03530000 -0.03909700
113.44230000 -0.11226300
44.64473000 -0.24719900
18.94287000 -0.36800400
8.53274300 -0.29086300
3.91940100 -0.07816500
1.56815700 -0.00356600
0.62329000 -0.00082800
0.24086100 -0.00009900
2 0 13
103109.50000000 0.00001500
15281.01000000 0.00011700
3441.53900000 0.00062100
967.09480000 0.00261600
314.03530000 0.00930600
113.44230000 0.02772100
44.64473000 0.06735500
18.94287000 0.12246600
8.53274300 0.15129100
3.91940100 0.00797000
1.56815700 -0.37155100
0.62329000 -0.54143100
0.24086100 -0.22418200
3 0 13
103109.50000000 0.00001900
15281.01000000 0.00014500
3441.53900000 0.00078300
967.09480000 0.00323600
314.03530000 0.01187700
113.44230000 0.03451300
44.64473000 0.09020000
18.94287000 0.15736700
8.53274300 0.27158400
3.91940100 -0.17565000
1.56815700 -1.33030900
0.62329000 0.42956200
0.24086100 0.84766700
4 0 13
103109.50000000 0.00002600
15281.01000000 0.00018000
3441.53900000 0.00115900
967.09480000 0.00378300
314.03530000 0.01886100
113.44230000 0.03766800
44.64473000 0.17122600
18.94287000 0.12490100
8.53274300 0.82897200
3.91940100 -2.09765900
1.56815700 0.18951600
0.62329000 2.17727000
0.24086100 -1.64056900
5 0 13
103109.50000000 -0.00002900
15281.01000000 -0.00029200
3441.53900000 -0.00104400
967.09480000 -0.00751700
314.03530000 -0.01256100
113.44230000 -0.10250600
44.64473000 -0.05882600
18.94287000 -0.83565900
8.53274300 0.38381600
3.91940100 2.92381600
1.56815700 -5.17447100
0.62329000 4.40949800
0.24086100 -1.80936600
6 1 8
245.33030000 0.00099100
56.91901000 0.00831300
17.60457000 0.04085100
6.27499500 0.13569100
2.44703000 0.28104800
0.99506000 0.36052900
0.40397300 0.31431000
0.15481000 0.13271700
7 1 8
245.33030000 -0.00134100
56.91901000 -0.01163800
17.60457000 -0.05609200
6.27499500 -0.20863000
2.44703000 -0.53262900
0.99506000 -0.13704600
0.40397300 0.59899600
0.15481000 0.37547100
8 1 8
245.33030000 0.00195100
56.91901000 0.02398500
17.60457000 0.09417800
6.27499500 0.54687700
2.44703000 0.39519000
0.99506000 -1.26972500
0.40397300 0.17996600
0.15481000 0.64457700
9 1 8
245.33030000 -0.00352900
56.91901000 -0.03653000
17.60457000 -0.21464900
6.27499500 -1.03030700
2.44703000 1.59245500
0.99506000 -0.32108700
0.40397300 -1.09656600
0.15481000 1.00241400
10 2 6
16.01000000 -0.01062600
6.40000000 -0.05541800
2.56000000 -0.35409800
1.02000000 -0.54532900
0.41000000 -0.20701900
0.16000000 -0.02004000
11 2 6
16.01000000 -0.00918400
6.40000000 -0.21105600
2.56000000 -0.77665300
1.02000000 0.32750200
0.41000000 0.59585300
0.16000000 0.04726100
12 2 6
16.01000000 0.00953700
6.40000000 -0.74895300
2.56000000 -0.05093700
1.02000000 1.19300800
0.41000000 -1.02669000
0.16000000 -0.07327100
13 3 4
7.68000000 0.02792900
3.07000000 0.35229600
1.23000000 0.60197900
0.49000000 0.20475600
14 3 4
7.68000000 0.17026700
3.07000000 0.82259700
1.23000000 -0.36536000
0.49000000 -0.55648300
15 4 2
3.69000000 0.24225000
1.48000000 0.48480000

O-NEON NE (NASA_AMES_ANO) BASIS TYPE: 1
# 
15
1 0 13
166165.10000000 -0.00004700
23107.52000000 -0.00040100
5060.15400000 -0.00219300
1384.61200000 -0.00958800
436.51260000 -0.03507400
153.47150000 -0.10465200
59.38909000 -0.23771500
24.86197000 -0.36960300
11.01570000 -0.30617600
4.96517500 -0.08418100
1.93650300 -0.00372600
0.76572800 -0.00090600
0.29553800 -0.00009700
2 0 13
166165.10000000 0.00001100
23107.52000000 0.00009400
5060.15400000 0.00051800
1384.61200000 0.00226600
436.51260000 0.00845400
153.47150000 0.02604900
59.38909000 0.06529600
24.86197000 0.12233800
11.01570000 0.15817700
4.96517500 0.00680500
1.93650300 -0.38402600
0.76572800 -0.53645300
0.29553800 -0.21530100
3 0 13
166165.10000000 0.00001400
23107.52000000 0.00011800
5060.15400000 0.00066400
1384.61200000 0.00281900
436.51260000 0.01098000
153.47150000 0.03245700
59.38909000 0.08938000
24.86197000 0.15565000
11.01570000 0.29400900
4.96517500 -0.20560400
1.93650300 -1.35846100
0.76572800 0.53844400
0.29553800 0.77958700
4 0 13
166165.10000000 0.00002000
23107.52000000 0.00014500
5060.15400000 0.00098600
1384.61200000 0.00325700
436.51260000 0.01742500
153.47150000 0.03476900
59.38909000 0.16861800
24.86197000 0.12107900
11.01570000 0.89268700
4.96517500 -2.26643300
1.93650300 0.50349900
0.76572800 1.90004800
0.29553800 -1.55756100
5 0 13
166165.10000000 0.00002000
23107.52000000 0.00023300
5060.15400000 0.00077300
1384.61200000 0.00636800
436.51260000 0.01025000
153.47150000 0.09265100
59.38909000 0.04637500
24.86197000 0.80935400
11.01570000 -0.35181300
4.96517500 -2.76027200
1.93650300 4.99642100
0.76572800 -4.43391400
0.29553800 1.88172700
6 1 8
234.94500000 0.00158300
55.07739000 0.01257600
17.38955000 0.05699800
6.38953700 0.16817600
2.54208200 0.30721800
1.03376400 0.35932000
0.41878800 0.27778200
0.16462700 0.09594000
7 1 8
234.94500000 0.00221200
55.07739000 0.01857400
17.38955000 0.08148300
6.38953700 0.29386000
2.54208200 0.54076900
1.03376400 -0.09521000
0.41878800 -0.60727600
0.16462700 -0.24687100
8 1 8
234.94500000 0.00342600
55.07739000 0.03650900
17.38955000 0.14499300
6.38953700 0.73906600
2.54208200 -0.12185400
1.03376400 -1.20390800
0.41878800 0.63711900
0.16462700 0.37050600
9 1 8
234.94500000 0.00779300
55.07739000 0.04078200
17.38955000 0.43918600
6.38953700 0.77326300
2.54208200 -2.13961200
1.03376400 1.67382600
0.41878800 -0.07881900
0.16462700 -0.59694500
10 2 6
19.76000000 0.01191400
7.91000000 0.06179800
3.16000000 0.37085200
1.26000000 0.53747300
0.51000000 0.19184200
0.20000000 0.02001700
11 2 6
19.76000000 0.01158000
7.91000000 0.23459700
3.16000000 0.75975200
1.26000000 -0.36305200
0.51000000 -0.57492400
0.20000000 -0.04929100
12 2 6
19.76000000 -0.00390300
7.91000000 0.78608500
3.16000000 -0.04090800
1.26000000 -1.13302000
0.51000000 1.02838700
0.20000000 0.06237800
13 3 4
9.49000000 0.02666000
3.79000000 0.38775800
1.52000000 0.60859300
0.61000000 0.14900200
14 3 4
9.49000000 -0.20820600
3.79000000 -0.79761700
1.52000000 0.43645300
0.61000000 0.52192500
15 4 2
4.55000000 -0.25148000
1.82000000 -0.47740100

O-ALUMINUM AL (NASA_AMES_ANO) BASIS TYPE: 1
# 
17
1 0 20
446287.30000000 -0.00002200
192715.40000000 -0.00000800
83218.17000000 -0.00009900
35935.19000000 -0.00020200
15517.50000000 -0.00065500
6700.75400000 -0.00179800
2893.51300000 -0.00513400
1249.47400000 -0.01438400
539.54680000 -0.03904200
232.98660000 -0.10022800
100.60810000 -0.22214900
43.44448000 -0.37088400
18.76016000 -0.31935900
8.10099300 -0.07586200
3.49816400 -0.00245500
1.51057400 -0.00088600
0.65229500 -0.00003900
0.28167300 0.00001800
0.12163200 -0.00001100
0.05252300 0.00000500
2 0 20
446287.30000000 0.00000600
192715.40000000 0.00000200
83218.17000000 0.00002600
35935.19000000 0.00005300
15517.50000000 0.00017100
6700.75400000 0.00046800
2893.51300000 0.00134200
1249.47400000 0.00378900
539.54680000 0.01046700
232.98660000 0.02794700
100.60810000 0.06761300
43.44448000 0.13805300
18.76016000 0.17863900
8.10099300 -0.00287500
3.49816400 -0.41752100
1.51057400 -0.55315400
0.65229500 -0.15529300
0.28167300 0.00283700
0.12163200 -0.00227200
0.05252300 0.00047600
3 0 19
446287.30000000 0.00000100
83218.17000000 0.00000600
35935.19000000 0.00001200
15517.50000000 0.00004000
6700.75400000 0.00010800
2893.51300000 0.00031300
1249.47400000 0.00087700
539.54680000 0.00244600
232.98660000 0.00650200
100.60810000 0.01594700
43.44448000 0.03283000
18.76016000 0.04448900
8.10099300 -0.00211800
3.49816400 -0.11907500
1.51057400 -0.24352700
0.65229500 -0.18415800
0.28167300 0.29909100
0.12163200 0.63751600
0.05252300 0.28228000
4 0 20
446287.30000000 0.00000200
192715.40000000 0.00000100
83218.17000000 0.00000800
35935.19000000 0.00001600
15517.50000000 0.00005400
6700.75400000 0.00014300
2893.51300000 0.00042400
1249.47400000 0.00116400
539.54680000 0.00330800
232.98660000 0.00866100
100.60810000 0.02164300
43.44448000 0.04393400
18.76016000 0.06202800
8.10099300 -0.00790700
3.49816400 -0.17253100
1.51057400 -0.39065800
0.65229500 -0.31681800
0.28167300 1.81097800
0.12163200 -0.19642400
0.05252300 -1.09635800
5 0 19
446287.30000000 -0.00000300
83218.17000000 -0.00001500
35935.19000000 -0.00001100
15517.50000000 -0.00010200
6700.75400000 -0.00012800
2893.51300000 -0.00075700
1249.47400000 -0.00118000
539.54680000 -0.00563300
232.98660000 -0.00936400
100.60810000 -0.03678500
43.44448000 -0.04506400
18.76016000 -0.12955600
8.10099300 0.12469500
3.49816400 0.03175200
1.51057400 1.35129000
0.65229500 -1.81282900
0.28167300 -1.25139900
0.12163200 3.69323500
0.05252300 -2.20892600
6 0 19
446287.30000000 0.00000400
83218.17000000 0.00002200
35935.19000000 0.00002300
15517.50000000 0.00014500
6700.75400000 0.00023400
2893.51300000 0.00108600
1249.47400000 0.00206500
539.54680000 0.00814800
232.98660000 0.01649500
100.60810000 0.05441800
43.44448000 0.08275200
18.76016000 0.19071900
8.10099300 -0.22690800
3.49816400 -0.31681000
1.51057400 -1.83045000
0.65229500 6.10971800
0.28167300 -7.93283000
0.12163200 5.94053000
0.05252300 -2.20540200
7 1 13
1086.69700000 -0.00026500
439.52740000 -0.00078200
177.77200000 -0.00413000
71.90196000 -0.01700600
29.08159000 -0.06366600
11.76239000 -0.18708000
4.75743500 -0.36080600
1.92420000 -0.40521800
0.77826500 -0.17952300
0.31477800 -0.00903500
0.12731600 -0.00353400
0.05149400 0.00130600
0.02082700 -0.00048800
8 1 13
1086.69700000 -0.00005000
439.52740000 -0.00014900
177.77200000 -0.00077700
71.90196000 -0.00323700
29.08159000 -0.01218400
11.76239000 -0.03670400
4.75743500 -0.07179500
1.92420000 -0.08749300
0.77826500 -0.03059100
0.31477800 0.22943400
0.12731600 0.50167000
0.05149400 0.36808400
0.02082700 0.05248200
9 1 13
1086.69700000 -0.00006300
439.52740000 -0.00017000
177.77200000 -0.00098200
71.90196000 -0.00383200
29.08159000 -0.01499700
11.76239000 -0.04349300
4.75743500 -0.09143000
1.92420000 -0.10740800
0.77826500 -0.13706600
0.31477800 0.81786600
0.12731600 0.38848300
0.05149400 -0.94985700
0.02082700 -0.14691300
10 1 13
1086.69700000 -0.00003500
439.52740000 -0.00053200
177.77200000 -0.00055800
71.90196000 -0.00845900
29.08159000 -0.01426700
11.76239000 -0.08806000
4.75743500 -0.08357200
1.92420000 -0.35654400
0.77826500 0.34558100
0.31477800 1.44286000
0.12731600 -2.24061900
0.05149400 0.98372400
0.02082700 0.23980900
11 1 13
1086.69700000 -0.00002300
439.52740000 -0.00122800
177.77200000 -0.00040400
71.90196000 -0.01859200
29.08159000 -0.02267200
11.76239000 -0.19610100
4.75743500 -0.12868900
1.92420000 -0.76144900
0.77826500 2.64035200
0.31477800 -2.78669900
0.12731600 1.46881100
0.05149400 0.00261200
0.02082700 -0.51080500
12 2 6
3.07000000 0.01269500
1.23000000 0.00783000
0.49000000 0.17393900
0.20000000 0.59214500
0.08000000 0.35237200
0.03000000 0.01701900
13 2 6
3.07000000 0.02820500
1.23000000 -0.13344300
0.49000000 0.73980300
0.20000000 0.32958200
0.08000000 -0.93902700
0.03000000 -0.05344900
14 2 6
3.07000000 0.08199800
1.23000000 0.12205400
0.49000000 -1.55521200
0.20000000 1.95296500
0.08000000 -0.93219000
0.03000000 -0.18925700
15 3 4
1.58000000 0.02101300
0.63000000 -0.14268600
0.25000000 -0.68598800
0.10000000 -0.31853400
16 3 4
1.58000000 -0.14964200
0.63000000 0.77827800
0.25000000 0.22763800
0.10000000 -0.86412700
17 4 2
1.06000000 -0.08473700
0.42000000 -0.23214000

O-PHOSPHOROUS P (NASA_AMES_ANO) BASIS TYPE: 1
# 
17
1 0 18
1948462.00000000 0.00000600
291808.80000000 0.00004600
66414.49000000 0.00023900
18812.82000000 0.00101100
6137.67700000 0.00366700
2215.79200000 0.01182700
864.22400000 0.03420300
358.39630000 0.08756500
156.15840000 0.18940500
70.83940000 0.31550000
33.20326000 0.33246200
15.77306000 0.15893600
6.64118400 0.01767900
3.06750100 -0.00062500
1.41621500 0.00072600
0.47081100 -0.00022400
0.21157900 0.00010600
0.08877700 -0.00003300
2 0 18
1948462.00000000 0.00000200
291808.80000000 0.00001200
66414.49000000 0.00006500
18812.82000000 0.00027400
6137.67700000 0.00100100
2215.79200000 0.00323900
864.22400000 0.00955500
358.39630000 0.02524900
156.15840000 0.05936700
70.83940000 0.11523800
33.20326000 0.16962000
15.77306000 0.09843900
6.64118400 -0.24416300
3.06750100 -0.56456300
1.41621500 -0.33472000
0.47081100 -0.02348000
0.21157900 0.00423900
0.08877700 -0.00117900
3 0 17
291808.80000000 0.00000300
66414.49000000 0.00001800
18812.82000000 0.00007600
6137.67700000 0.00027700
2215.79200000 0.00089200
864.22400000 0.00264800
358.39630000 0.00697800
156.15840000 0.01664400
70.83940000 0.03245600
33.20326000 0.04999900
15.77306000 0.02893300
6.64118400 -0.08004300
3.06750100 -0.25494100
1.41621500 -0.27555000
0.47081100 0.32550400
0.21157900 0.64616800
0.08877700 0.24719400
4 0 18
1948462.00000000 -0.00000100
291808.80000000 -0.00000400
66414.49000000 -0.00002300
18812.82000000 -0.00009400
6137.67700000 -0.00035300
2215.79200000 -0.00110900
864.22400000 -0.00339700
358.39630000 -0.00863400
156.15840000 -0.02164200
70.83940000 -0.03986200
33.20326000 -0.06830500
15.77306000 -0.02962000
6.64118400 0.11050900
3.06750100 0.38169000
1.41621500 0.40864700
0.47081100 -1.87257400
0.21157900 0.36405900
0.08877700 1.04306100
5 0 18
1948462.00000000 -0.00000100
291808.80000000 -0.00000500
66414.49000000 -0.00003300
18812.82000000 -0.00010700
6137.67700000 -0.00054200
2215.79200000 -0.00115100
864.22400000 -0.00557200
358.39630000 -0.00784400
156.15840000 -0.03940800
70.83940000 -0.02441500
33.20326000 -0.16283400
15.77306000 0.10576600
6.64118400 -0.16206600
3.06750100 1.49169600
1.41621500 -1.19009700
0.47081100 -2.22314300
0.21157900 4.24084100
0.08877700 -2.32733900
6 0 18
1948462.00000000 -0.00000100
291808.80000000 -0.00000900
66414.49000000 -0.00006300
18812.82000000 -0.00018900
6137.67700000 -0.00104300
2215.79200000 -0.00197400
864.22400000 -0.01092000
358.39630000 -0.01297800
156.15840000 -0.08020400
70.83940000 -0.03408700
33.20326000 -0.36511300
15.77306000 0.33884200
6.64118400 -0.11314600
3.06750100 2.95941600
1.41621500 -5.51337800
0.47081100 6.18016500
0.21157900 -5.09654000
0.08877700 1.83026100
7 1 13
2956.26200000 0.00011000
700.28480000 0.00096900
227.31390000 0.00539900
86.56184000 0.02217100
36.33386000 0.07071100
16.29347000 0.17153500
7.57896600 0.30022500
3.57885900 0.36061700
1.69804200 0.23564000
0.76335800 0.04838000
0.34211900 0.00007200
0.14862000 0.00099300
0.06234500 -0.00018700
8 1 13
2956.26200000 0.00002600
700.28480000 0.00023300
227.31390000 0.00130100
86.56184000 0.00538000
36.33386000 0.01740700
16.29347000 0.04330100
7.57896600 0.07745800
3.57885900 0.09834500
1.69804200 0.06070300
0.76335800 -0.14189000
0.34211900 -0.42221900
0.14862000 -0.44160500
0.06234500 -0.15329700
9 1 13
2956.26200000 -0.00003500
700.28480000 -0.00028900
227.31390000 -0.00171400
86.56184000 -0.00666700
36.33386000 -0.02297900
16.29347000 -0.05336100
7.57896600 -0.10791500
3.57885900 -0.10799800
1.69804200 -0.16715400
0.76335800 0.52824800
0.34211900 0.79493300
0.14862000 -0.71429300
0.06234500 -0.49072600
10 1 13
2956.26200000 -0.00005400
700.28480000 -0.00051500
227.31390000 -0.00269900
86.56184000 -0.01208600
36.33386000 -0.03619200
16.29347000 -0.10255400
7.57896600 -0.17158700
3.57885900 -0.21174100
1.69804200 -0.04255700
0.76335800 1.81946200
0.34211900 -1.68520000
0.14862000 -0.22803100
0.06234500 0.84354400
11 1 13
2956.26200000 0.00005700
700.28480000 0.00122600
227.31390000 0.00290700
86.56184000 0.02958400
36.33386000 0.03970200
16.29347000 0.28307600
7.57896600 0.05199400
3.57885900 0.88756900
1.69804200 -2.51796500
0.76335800 1.66961200
0.34211900 0.56800200
0.14862000 -1.78105000
0.06234500 1.16143600
12 2 6
4.60000000 -0.01987600
1.84000000 -0.01784100
0.74000000 -0.32657100
0.29000000 -0.60841800
0.12000000 -0.17889500
0.04700000 -0.01069400
13 2 6
4.60000000 0.00635400
1.84000000 0.09555300
0.74000000 -1.00981000
0.29000000 0.26989900
0.12000000 0.73561500
0.04700000 -0.02701200
14 2 6
4.60000000 0.18522000
1.84000000 -0.37442000
0.74000000 -0.87925500
0.29000000 1.89453900
0.12000000 -1.43757600
0.04700000 0.11468800
15 3 4
2.21000000 0.02286700
0.88000000 -0.31525600
0.35000000 -0.69573600
0.14000000 -0.13644600
16 3 4
2.21000000 -0.11528200
0.88000000 1.09176400
0.35000000 -0.49025900
0.14000000 -0.50432300
17 4 2
1.06000000 -0.08473700
0.42000000 -0.23214000

O-TITANIUM TI (NASA_AMES_ANO) BASIS TYPE: 1
# 
19
1 0 20
5309148.10000000 0.00000400
794951.65000000 0.00003400
180907.56000000 0.00018000
51241.93300000 0.00075900
16717.44900000 0.00275700
6035.26590000 0.00892500
2353.85710000 0.02606200
976.14646000 0.06819000
425.43563000 0.15434900
193.04677000 0.28028100
90.43936900 0.34839800
43.02071300 0.22170600
19.19055500 0.04002100
9.42571640 -0.00213800
4.60524340 0.00172100
2.03783430 -0.00080200
0.98003180 0.00035700
0.44562540 -0.00014600
0.10641700 0.00005500
0.05257050 -0.00004800
2 0 20
5309148.10000000 -0.00000100
794951.65000000 -0.00001000
180907.56000000 -0.00005300
51241.93300000 -0.00022400
16717.44900000 -0.00081800
6035.26590000 -0.00265900
2353.85710000 -0.00787900
976.14646000 -0.02122200
425.43563000 -0.05142200
193.04677000 -0.10670100
90.43936900 -0.17468200
43.02071300 -0.15604000
19.19055500 0.12930300
9.42571640 0.53846200
4.60524340 0.43572600
2.03783430 0.06812100
0.98003180 -0.00244300
0.44562540 0.00196600
0.10641700 -0.00044000
0.05257050 0.00039200
3 0 19
794951.65000000 0.00000400
180907.56000000 0.00001800
51241.93300000 0.00007800
16717.44900000 0.00028400
6035.26590000 0.00092300
2353.85710000 0.00274200
976.14646000 0.00740000
425.43563000 0.01811900
193.04677000 0.03810300
90.43936900 0.06487900
43.02071300 0.06067100
19.19055500 -0.05524900
9.42571640 -0.31260300
4.60524340 -0.40165600
2.03783430 0.17168700
0.98003180 0.68949300
0.44562540 0.39421500
0.10641700 0.02570100
0.05257050 -0.00982900
4 0 19
794951.65000000 -0.00000100
180907.56000000 -0.00000500
51241.93300000 -0.00002000
16717.44900000 -0.00007200
6035.26590000 -0.00023300
2353.85710000 -0.00069400
976.14646000 -0.00187000
425.43563000 -0.00458600
193.04677000 -0.00964100
90.43936900 -0.01647700
43.02071300 -0.01543600
19.19055500 0.01406000
9.42571640 0.08368100
4.60524340 0.11248200
2.03783430 -0.05895900
0.98003180 -0.25197700
0.44562540 -0.28092400
0.10641700 0.34555400
0.05257050 0.61913000
5 0 20
5309148.10000000 -0.00001100
794951.65000000 0.00008700
180907.56000000 -0.00005500
51241.93300000 -0.00001500
16717.44900000 -0.00013800
6035.26590000 -0.00038900
2353.85710000 -0.00126100
976.14646000 -0.00310600
425.43563000 -0.00850100
193.04677000 -0.01542000
90.43936900 -0.03245400
43.02071300 -0.01889500
19.19055500 0.00354200
9.42571640 0.20033100
4.60524340 0.11920400
2.03783430 0.05796600
0.98003180 -1.02382200
0.44562540 0.27351900
0.10641700 2.04785500
0.05257050 -1.19140500
6 0 20
5309148.10000000 -0.00002700
794951.65000000 0.00014300
180907.56000000 -0.00046700
51241.93300000 0.00183900
16717.44900000 -0.00156300
6035.26590000 0.00004400
2353.85710000 -0.00225000
976.14646000 -0.00466300
425.43563000 -0.01318900
193.04677000 -0.02338000
90.43936900 -0.05175700
43.02071300 -0.02510400
19.19055500 -0.00792400
9.42571640 0.36059400
4.60524340 0.16409100
2.03783430 0.02393600
0.98003180 -2.35640300
0.44562540 2.68461800
0.10641700 -0.03312000
0.05257050 -2.36623900
7 0 1
0.02435680 1.00000000
8 1 15
7999.80450000 0.00008800
1894.45150000 0.00077700
615.18748000 0.00440400
234.92741000 0.01866400
99.21375300 0.06207000
44.91614000 0.15907700
21.24971700 0.29696400
10.33045800 0.36881300
5.10497990 0.23482900
2.44069040 0.04934700
1.15120500 0.00098700
0.52955560 0.00080400
0.22119000 -0.00022000
0.08800000 0.00010200
0.03500000 -0.00005200
9 1 15
7999.80450000 -0.00002900
1894.45150000 -0.00026000
615.18748000 -0.00147300
234.92741000 -0.00631600
99.21375300 -0.02133800
44.91614000 -0.05677100
21.24971700 -0.10979400
10.33045800 -0.14716700
5.10497990 -0.05506300
2.44069040 0.24495800
1.15120500 0.47224500
0.52955560 0.36051200
0.22119000 0.08112800
0.08800000 -0.00150900
0.03500000 0.00216300
10 1 15
7999.80450000 0.00000900
1894.45150000 0.00008000
615.18748000 0.00046300
234.92741000 0.00195700
99.21375300 0.00672200
44.91614000 0.01764200
21.24971700 0.03495300
10.33045800 0.04581900
5.10497990 0.01807700
2.44069040 -0.09521700
1.15120500 -0.17326800
0.52955560 -0.18842200
0.22119000 0.24079200
0.08800000 0.71343500
0.03500000 0.20695000
11 1 15
7999.80450000 -0.00027100
1894.45150000 0.00024100
615.18748000 0.00094100
234.92741000 0.00363400
99.21375300 0.01313000
44.91614000 0.03430200
21.24971700 0.06654400
10.33045800 0.09716300
5.10497990 0.02781600
2.44069040 -0.18187800
1.15120500 -0.59225400
0.52955560 0.12635000
0.22119000 1.29723300
0.08800000 -0.55877200
0.03500000 -0.52350500
12 1 15
7999.80450000 -0.00092700
1894.45150000 0.00418300
615.18748000 -0.01419800
234.92741000 0.01543000
99.21375300 0.00582400
44.91614000 0.04682300
21.24971700 0.04862900
10.33045800 0.16615100
5.10497990 -0.04410200
2.44069040 -0.19606300
1.15120500 -1.01831700
0.52955560 1.72135600
0.22119000 -0.28412400
0.08800000 -1.36924900
0.03500000 1.30064200
13 1 1
0.01400000 1.00000000
14 2 9
89.56920100 0.00185100
26.58435600 0.01385400
9.77103230 0.05477200
3.96193290 0.14875300
1.68926890 0.26607800
0.71567060 0.32610100
0.29381060 0.31270200
0.11083050 0.22315900
0.04400000 0.08821900
15 2 9
89.56920100 -0.00168300
26.58435600 -0.01268900
9.77103230 -0.05037500
3.96193290 -0.13902900
1.68926890 -0.23553300
0.71567060 -0.24368700
0.29381060 0.02962900
0.11083050 0.44675900
0.04400000 0.43363800
16 2 9
89.56920100 0.00253700
26.58435600 0.01821700
9.77103230 0.07538400
3.96193290 0.20777100
1.68926890 0.30216400
0.71567060 0.09036100
0.29381060 -0.59527000
0.11083050 -0.36238700
0.04400000 0.61029700
17 2 1
0.01800000 1.00000000
18 3 6
5.43500000 0.02288900
2.17400000 0.09134400
0.87000000 0.27210400
0.34800000 0.47156400
0.13900000 0.36914300
0.05600000 0.10581900
19 3 6
5.43500000 -0.06835400
2.17400000 -0.27251600
0.87000000 -0.52888000
0.34800000 -0.06238900
0.13900000 0.54159900
0.05600000 0.26537500

O-IRON FE (NASA_AMES_ANO) BASIS TYPE: 1
# 
22
1 0 19
4316265.30000000 0.00000900
646342.42000000 0.00006700
147089.73000000 0.00035400
41661.52200000 0.00149400
13590.76500000 0.00541100
4905.75000000 0.01735300
1912.74580000 0.04954000
792.60434000 0.12303500
344.80648000 0.24929300
155.89989000 0.35857200
72.23090800 0.27747900
32.72506500 0.06719300
15.66762200 -0.00115600
7.50348280 0.00193200
3.31222330 -0.00089200
1.55847120 0.00038600
0.68391370 -0.00015100
0.14675670 0.00005600
0.07058340 -0.00004400
2 0 19
4316265.30000000 0.00000300
646342.42000000 0.00002000
147089.73000000 0.00010800
41661.52200000 0.00045400
13590.76500000 0.00165000
4905.75000000 0.00534200
1912.74580000 0.01561900
792.60434000 0.04088900
344.80648000 0.09291100
155.89989000 0.16894600
72.23090800 0.19100100
32.72506500 -0.04400200
15.66762200 -0.51548300
7.50348280 -0.50517300
3.31222330 -0.09229900
1.55847120 0.00240900
0.68391370 -0.00226200
0.14675670 0.00046800
0.07058340 -0.00041800
3 0 19
4316265.30000000 0.00000100
646342.42000000 0.00000800
147089.73000000 0.00004000
41661.52200000 0.00016700
13590.76500000 0.00060800
4905.75000000 0.00197400
1912.74580000 0.00578000
792.60434000 0.01525200
344.80648000 0.03505600
155.89989000 0.06588300
72.23090800 0.07815600
32.72506500 -0.01891200
15.66762200 -0.30321600
7.50348280 -0.45764200
3.31222330 0.12842100
1.55847120 0.71739300
0.68391370 0.40355300
0.14675670 0.02314500
0.07058340 -0.00550600
4 0 18
646342.42000000 -0.00000200
147089.73000000 -0.00000900
41661.52200000 -0.00003900
13590.76500000 -0.00014200
4905.75000000 -0.00046000
1912.74580000 -0.00134600
792.60434000 -0.00356100
344.80648000 -0.00817900
155.89989000 -0.01548400
72.23090800 -0.01837200
32.72506500 0.00426400
15.66762200 0.07562800
7.50348280 0.11887300
3.31222330 -0.04198600
1.55847120 -0.24751200
0.68391370 -0.24921000
0.14675670 0.34050100
0.07058340 0.56415100
5 0 18
646342.42000000 -0.00000400
147089.73000000 -0.00001900
41661.52200000 -0.00008200
13590.76500000 -0.00028100
4905.75000000 -0.00098100
1912.74580000 -0.00262600
792.60434000 -0.00774300
344.80648000 -0.01549400
155.89989000 -0.03541900
72.23090800 -0.02922100
32.72506500 -0.01339900
15.66762200 0.21198800
7.50348280 0.16914300
3.31222330 0.07420200
1.55847120 -1.17762700
0.68391370 0.47271400
0.14675670 1.99691900
0.07058340 -1.42793000
6 0 19
4316265.30000000 -0.00000100
646342.42000000 -0.00000600
147089.73000000 -0.00003200
41661.52200000 -0.00013800
13590.76500000 -0.00048300
4905.75000000 -0.00164500
1912.74580000 -0.00454500
792.60434000 -0.01290500
344.80648000 -0.02721100
155.89989000 -0.05843500
72.23090800 -0.05598700
32.72506500 -0.00979300
15.66762200 0.35241100
7.50348280 0.45508800
3.31222330 -0.44621800
1.55847120 -2.17065600
0.68391370 2.99603100
0.14675670 -1.56907700
0.07058340 -0.19781300
7 0 1
0.03144890 1.00000000
8 1 14
7721.48860000 0.00017700
1829.12580000 0.00155100
593.62795000 0.00864000
226.20536000 0.03548600
95.26145400 0.11081900
42.85920300 0.25156900
20.04971300 0.38167800
9.62088520 0.30988400
4.54137050 0.08780600
2.11350010 0.00372300
0.94720080 0.00151400
0.39124280 -0.00028500
0.15648000 0.00021200
0.06259200 -0.00009500
9 1 14
7721.48860000 0.00006400
1829.12580000 0.00056000
593.62795000 0.00314300
226.20536000 0.01306100
95.26145400 0.04211300
42.85920300 0.09949300
20.04971300 0.16132600
9.62088520 0.11461900
4.54137050 -0.18126600
2.11350010 -0.47535800
0.94720080 -0.40814600
0.39124280 -0.10415400
0.15648000 0.00109400
0.06259200 -0.00273300
10 1 14
7721.48860000 0.00002100
1829.12580000 0.00018500
593.62795000 0.00103000
226.20536000 0.00431600
95.26145400 0.01385100
42.85920300 0.03317300
20.04971300 0.05372900
9.62088520 0.03939800
4.54137050 -0.07746900
2.11350010 -0.20036900
0.94720080 -0.19156800
0.39124280 0.20775300
0.15648000 0.68683300
0.06259200 0.25894700
11 1 14
7721.48860000 0.00004400
1829.12580000 0.00037800
593.62795000 0.00215200
226.20536000 0.00884400
95.26145400 0.02901900
42.85920300 0.06778100
20.04971300 0.11576200
9.62088520 0.08823500
4.54137050 -0.19468000
2.11350010 -0.64732800
0.94720080 0.14405900
0.39124280 1.22237700
0.15648000 -0.44549100
0.06259200 -0.55779100
12 1 14
7721.48860000 -0.00005600
1829.12580000 -0.00051200
593.62795000 -0.00278300
226.20536000 -0.01202000
95.26145400 -0.03731000
42.85920300 -0.09334300
20.04971300 -0.14637800
9.62088520 -0.20230100
4.54137050 0.60337800
2.11350010 0.92749700
0.94720080 -2.11527700
0.39124280 0.96412200
0.15648000 0.77169100
0.06259200 -1.04072300
13 1 1
0.02503700 1.00000000
14 2 10
217.36883000 -0.00091600
64.99975500 -0.00781400
24.77313700 -0.03537400
10.43614000 -0.10769900
4.67965330 -0.22522100
2.12562250 -0.31689900
0.94524210 -0.32036400
0.40268530 -0.24689900
0.15665100 -0.11607400
0.06266000 -0.01485300
15 2 10
217.36883000 -0.00100100
64.99975500 -0.00854600
24.77313700 -0.03909100
10.43614000 -0.12162600
4.67965330 -0.25567500
2.12562250 -0.28371400
0.94524210 -0.02276300
0.40268530 0.41836900
0.15665100 0.47251400
0.06266000 0.11398500
16 2 10
217.36883000 -0.00148400
64.99975500 -0.01290500
24.77313700 -0.05927100
10.43614000 -0.19560800
4.67965330 -0.38106100
2.12562250 -0.12378300
0.94524210 0.63689900
0.40268530 0.33680100
0.15665100 -0.60031800
0.06266000 -0.26385200
17 2 10
217.36883000 -0.00197900
64.99975500 -0.01750700
24.77313700 -0.08074700
10.43614000 -0.29347600
4.67965330 -0.50129100
2.12562250 0.70400800
0.94524210 0.55890800
0.40268530 -1.14564900
0.15665100 0.30974900
0.06266000 0.46195300
18 3 6
16.99720000 0.01327300
6.79890000 0.07945500
2.71960000 0.29060300
1.08780000 0.46604500
0.43510000 0.35516300
0.17410000 0.12591000
19 3 6
16.99720000 0.02768200
6.79890000 0.18919300
2.71960000 0.52249700
1.08780000 0.15059900
0.43510000 -0.52695400
0.17410000 -0.37350000
20 3 6
16.99720000 -0.04342000
6.79890000 -0.40868800
2.71960000 -0.45547200
1.08780000 0.82529900
0.43510000 0.04396800
0.17410000 -0.68458600
21 4 4
8.15900000 0.00836600
3.26300000 0.05811000
1.30500000 0.10772000
0.52200000 0.08387600
22 4 4
8.15900000 0.03873100
3.26300000 0.12781800
1.30500000 0.02059900
0.52200000 -0.15293100

O-NICKEL NI (NASA_AMES_ANO) BASIS TYPE: 1
# 
19
1 0 19
5048010.40000000 0.00000900
755918.10000000 0.00006700
172026.25000000 0.00035100
48724.57200000 0.00148000
15894.89200000 0.00536100
5737.46850000 0.01719900
2237.05130000 0.04912800
927.03020000 0.12216900
403.34615000 0.24811200
182.42816000 0.35826900
84.58917100 0.27910300
38.42293100 0.06828400
18.46879100 -0.00118300
8.86819030 0.00191400
3.91886970 -0.00087900
1.83985250 0.00037700
0.80466260 -0.00014500
0.16984630 0.00005100
0.07936990 -0.00004000
2 0 19
5048010.40000000 -0.00000300
755918.10000000 -0.00002000
172026.25000000 -0.00010800
48724.57200000 -0.00045400
15894.89200000 -0.00165100
5737.46850000 -0.00534600
2237.05130000 -0.01564200
927.03020000 -0.04100100
403.34615000 -0.09339700
182.42816000 -0.17041100
84.58917100 -0.19375300
38.42293100 0.04361400
18.46879100 0.51949200
8.86819030 0.50372700
3.91886970 0.09129500
1.83985250 -0.00222500
0.80466260 0.00222600
0.16984630 -0.00042900
0.07936990 0.00036300
3 0 19
5048010.40000000 0.00000100
755918.10000000 0.00000700
172026.25000000 0.00003800
48724.57200000 0.00016100
15894.89200000 0.00058700
5737.46850000 0.00190400
2237.05130000 0.00558000
927.03020000 0.01475300
403.34615000 0.03403600
182.42816000 0.06434700
84.58917100 0.07711200
38.42293100 -0.01851200
18.46879100 -0.30442000
8.86819030 -0.45125600
3.91886970 0.14849400
1.83985250 0.71338600
0.80466260 0.39793600
0.16984630 0.02312300
0.07936990 -0.00930000
4 0 18
755918.10000000 -0.00000200
172026.25000000 -0.00000900
48724.57200000 -0.00003700
15894.89200000 -0.00013400
5737.46850000 -0.00043400
2237.05130000 -0.00127100
927.03020000 -0.00336800
403.34615000 -0.00775400
182.42816000 -0.01475000
84.58917100 -0.01761100
38.42293100 0.00399200
18.46879100 0.07307400
8.86819030 0.11116700
3.91886970 -0.04405100
1.83985250 -0.23242100
0.80466260 -0.22763800
0.16984630 0.31142100
0.07936990 0.54689700
5 0 19
5048010.40000000 0.00002400
755918.10000000 -0.00001300
172026.25000000 -0.00001200
48724.57200000 -0.00007400
15894.89200000 -0.00023700
5737.46850000 -0.00085300
2237.05130000 -0.00225500
927.03020000 -0.00664600
403.34615000 -0.01357600
182.42816000 -0.03009800
84.58917100 -0.02688300
38.42293100 -0.00858900
18.46879100 0.17589100
8.86819030 0.15967800
3.91886970 0.02503700
1.83985250 -0.90786000
0.80466260 0.26558700
0.16984630 1.61224900
0.07936990 -0.61124300
6 0 19
5048010.40000000 -0.00003300
755918.10000000 0.00025700
172026.25000000 -0.00017400
48724.57200000 -0.00005400
15894.89200000 -0.00051100
5737.46850000 -0.00140300
2237.05130000 -0.00436500
927.03020000 -0.01148700
403.34615000 -0.02544600
182.42816000 -0.05330400
84.58917100 -0.05173200
38.42293100 -0.01127300
18.46879100 0.31983800
8.86819030 0.39508500
3.91886970 -0.25472700
1.83985250 -2.12656500
0.80466260 2.51575800
0.16984630 -0.21259900
0.07936990 -1.72915400
7 0 1
0.03470020 1.00000000
8 1 14
9148.79580000 0.00017400
2167.17060000 0.00152700
703.38566000 0.00852200
268.13423000 0.03514200
113.00781000 0.11027100
50.91339500 0.25173700
23.87740200 0.38250200
11.48923700 0.30888200
5.43688390 0.08716700
2.53383660 0.00394800
1.13530880 0.00159800
0.46789110 -0.00022600
0.18720000 0.00021700
0.07490000 -0.00009000
9 1 14
9148.79580000 -0.00006200
2167.17060000 -0.00054600
703.38566000 -0.00307300
268.13423000 -0.01282700
113.00781000 -0.04161400
50.91339500 -0.09913400
23.87740200 -0.16134000
11.48923700 -0.11079300
5.43688390 0.18946500
2.53383660 0.47535000
1.13530880 0.40149700
0.46789110 0.10557200
0.18720000 -0.00037800
0.07490000 0.00279600
10 1 14
9148.79580000 0.00003000
2167.17060000 0.00020300
703.38566000 0.00133800
268.13423000 0.00512700
113.00781000 0.01738800
50.91339500 0.04091500
23.87740200 0.06801800
11.48923700 0.04773300
5.43688390 -0.10384600
2.53383660 -0.27162600
1.13530880 -0.14975400
0.46789110 0.31790600
0.18720000 0.61633900
0.07490000 0.22764800
11 1 14
9148.79580000 -0.00066300
2167.17060000 0.00079600
703.38566000 0.00177600
268.13423000 0.01082100
113.00781000 0.02906200
50.91339500 0.07699400
23.87740200 0.12273100
11.48923700 0.10481000
5.43688390 -0.25975900
2.53383660 -0.68969800
1.13530880 0.36884200
0.46789110 1.06548800
0.18720000 -0.53448100
0.07490000 -0.50112000
12 1 14
9148.79580000 0.00127700
2167.17060000 -0.00655000
703.38566000 0.00638600
268.13423000 0.01214800
113.00781000 0.03968300
50.91339500 0.10718500
23.87740200 0.14423000
11.48923700 0.25900200
5.43688390 -0.87239000
2.53383660 -0.55781100
1.13530880 2.02832000
0.46789110 -1.23579800
0.18720000 -0.47656700
0.07490000 0.89679400
13 1 1
0.02990000 1.00000000
14 2 10
258.86666000 0.00094600
77.49604100 0.00811900
29.58971800 0.03704400
12.51527500 0.11243600
5.62446750 0.22963600
2.55130290 0.31349000
1.12805970 0.30928100
0.47537300 0.24452900
0.18212780 0.13214900
0.07290000 0.03388800
15 2 10
258.86666000 -0.00096000
77.49604100 -0.00827600
29.58971800 -0.03805300
12.51527500 -0.11804400
5.62446750 -0.24187800
2.55130290 -0.25746800
1.12805970 -0.03537700
0.47537300 0.33063400
0.18212780 0.46444500
0.07290000 0.24491200
16 2 10
258.86666000 -0.00134700
77.49604100 -0.01197000
29.58971800 -0.05501300
12.51527500 -0.17808900
5.62446750 -0.35378200
2.55130290 -0.15469500
1.12805970 0.50643500
0.47537300 0.44804400
0.18212780 -0.36294300
0.07290000 -0.47517700
17 2 10
258.86666000 0.00200000
77.49604100 0.01678900
29.58971800 0.07743600
12.51527500 0.28253100
5.62446750 0.47987500
2.55130290 -0.55220800
1.12805970 -0.64412800
0.47537300 0.83202800
0.18212780 0.22473900
0.07290000 -0.68185000
18 3 6
19.76420000 0.01711200
7.90570000 0.09820300
3.16220000 0.33737900
1.26490000 0.47579700
0.50600000 0.30432400
0.20240000 0.09537100
19 3 6
19.76420000 0.03464300
7.90570000 0.25150000
3.16220000 0.55664100
1.26490000 -0.03285500
0.50600000 -0.54521000
0.20240000 -0.27656100

