O-O_16 O_16 (13S) BASIS TYPE: 2
# (1S)-[1S]
13
1 0 1
385582.04082031 1.00000000
2 0 1
830711.32458428 1.00000000
3 0 1
1789713.29506022 1.00000000
4 0 1
3855820.40803194 1.00000000
5 0 1
8307113.24547396 1.00000000
6 0 1
17897132.94980758 1.00000000
7 0 1
38558204.07860748 1.00000000
8 0 1
83071132.45105146 1.00000000
9 0 1
178971329.49012998 1.00000000
10 0 1
385582040.76895607 1.00000000
11 0 1
830711324.47363317 1.00000000
12 0 1
1789713294.82184124 1.00000000
13 0 1
3855820407.51837254 1.00000000

O-U- U- (13S) BASIS TYPE: 2
# (1S)-[1S]
13
1 0 1
7448.24345703 1.00000000
2 0 1
16046.75408339 1.00000000
3 0 1
34571.68365916 1.00000000
4 0 1
74482.43456701 1.00000000
5 0 1
160467.54082681 1.00000000
6 0 1
345716.83657628 1.00000000
7 0 1
744824.34563699 1.00000000
8 0 1
1604675.40819688 1.00000000
9 0 1
3457168.36560926 1.00000000
10 0 1
7448243.45603920 1.00000000
11 0 1
16046754.08125635 1.00000000
12 0 1
34571683.65455776 1.00000000
13 0 1
74482434.55708522 1.00000000

