O-HYDROGEN H_1 (DZSPH) BASIS TYPE: 2
#
11
1 0 1
5.973 1.0
2 0 1
10.645 1.0
3 0 1
17.943 1.0
4 0 1
28.95 1.0
5 1 1
7.604 1.0
6 1 1
14.701 1.0
7 1 1
23.308 1.0
8 2 1
9.011 1.0
9 2 1
19.787 1.0
10 3 1
10.914 1.0
11 3 1
20.985 1.0

O-HYDROGEN H-A_1 (DZSPH) BASIS TYPE: 2
#
11
1 0 1
5.973 1.0
2 0 1
10.645 1.0
3 0 1
17.943 1.0
4 0 1
28.95 1.0
5 1 1
7.604 1.0
6 1 1
14.701 1.0
7 1 1
23.308 1.0
8 2 1
9.011 1.0
9 2 1
19.787 1.0
10 3 1
10.914 1.0
11 3 1
20.985 1.0

O-HYDROGEN H-B_1 (DZSPH) BASIS TYPE: 2
#
11
1 0 1
5.973 1.0
2 0 1
10.645 1.0
3 0 1
17.943 1.0
4 0 1
28.95 1.0
5 1 1
7.604 1.0
6 1 1
14.701 1.0
7 1 1
23.308 1.0
8 2 1
9.011 1.0
9 2 1
19.787 1.0
10 3 1
10.914 1.0
11 3 1
20.985 1.0

