O-HYDROGEN H_1 (DZSPH) BASIS TYPE: 2
#
9
1 0 1
1.957 1.0
2 0 1
8.734 1.0
3 0 1
16.01 1.0
4 0 1
31.997 1.0
5 1 1
9.438 1.0
6 1 1
13.795 1.0
7 1 1
24.028 1.0
8 2 1
10.524 1.0
9 2 1
19.016 1.0

O-HYDROGEN H-A_1 (DZSPH) BASIS TYPE: 2
#
9
1 0 1
1.957 1.0
2 0 1
8.734 1.0
3 0 1
16.01 1.0
4 0 1
31.997 1.0
5 1 1
9.438 1.0
6 1 1
13.795 1.0
7 1 1
24.028 1.0
8 2 1
10.524 1.0
9 2 1
19.016 1.0

O-HYDROGEN H-B_1 (DZSPH) BASIS TYPE: 2
#
9
1 0 1
1.957 1.0
2 0 1
8.734 1.0
3 0 1
16.01 1.0
4 0 1
31.997 1.0
5 1 1
9.438 1.0
6 1 1
13.795 1.0
7 1 1
24.028 1.0
8 2 1
10.524 1.0
9 2 1
19.016 1.0

