O-HYDROGEN H_1 (DZSPH) BASIS TYPE: 2
#
15
1 0 1
3.283 1.0
2 0 1
7.613 1.0
3 0 1
16.077 1.0
4 0 1
20.457 1.0
5 0 1
47.011 1.0
6 1 1
3.167 1.0
7 1 1
7.785 1.0
8 1 1
18.985 1.0
9 1 1
29.425 1.0
10 2 1
10.239 1.0
11 2 1
17.298 1.0
12 2 1
20.682 1.0
13 3 1
10.93 1.0
14 3 1
25.972 1.0
15 4 1
10.513 1.0

O-HYDROGEN H-A_1 (DZSPH) BASIS TYPE: 2
#
15
1 0 1
3.283 1.0
2 0 1
7.613 1.0
3 0 1
16.077 1.0
4 0 1
20.457 1.0
5 0 1
47.011 1.0
6 1 1
3.167 1.0
7 1 1
7.785 1.0
8 1 1
18.985 1.0
9 1 1
29.425 1.0
10 2 1
10.239 1.0
11 2 1
17.298 1.0
12 2 1
20.682 1.0
13 3 1
10.93 1.0
14 3 1
25.972 1.0
15 4 1
10.513 1.0

O-HYDROGEN H-B_1 (DZSPH) BASIS TYPE: 2
#
15
1 0 1
3.283 1.0
2 0 1
7.613 1.0
3 0 1
16.077 1.0
4 0 1
20.457 1.0
5 0 1
47.011 1.0
6 1 1
3.167 1.0
7 1 1
7.785 1.0
8 1 1
18.985 1.0
9 1 1
29.425 1.0
10 2 1
10.239 1.0
11 2 1
17.298 1.0
12 2 1
20.682 1.0
13 3 1
10.93 1.0
14 3 1
25.972 1.0
15 4 1
10.513 1.0

