O-HYDROGEN H_1 (DZSPH) BASIS TYPE: 2
#
12
1 0 1
1.908 1.0
2 0 1
9.051 1.0
3 0 1
15.051 1.0
4 0 1
29.766 1.0
5 0 1
40.135 1.0
6 1 1
4.907 1.0
7 1 1
10.088 1.0
8 1 1
15.893 1.0
9 1 1
25.774 1.0
10 2 1
10.352 1.0
11 2 1
18.358 1.0
12 2 1
36.366 1.0

O-HYDROGEN H-A_1 (DZSPH) BASIS TYPE: 2
#
12
1 0 1
1.908 1.0
2 0 1
9.051 1.0
3 0 1
15.051 1.0
4 0 1
29.766 1.0
5 0 1
40.135 1.0
6 1 1
4.907 1.0
7 1 1
10.088 1.0
8 1 1
15.893 1.0
9 1 1
25.774 1.0
10 2 1
10.352 1.0
11 2 1
18.358 1.0
12 2 1
36.366 1.0

O-HYDROGEN H-B_1 (DZSPH) BASIS TYPE: 2
#
12
1 0 1
1.908 1.0
2 0 1
9.051 1.0
3 0 1
15.051 1.0
4 0 1
29.766 1.0
5 0 1
40.135 1.0
6 1 1
4.907 1.0
7 1 1
10.088 1.0
8 1 1
15.893 1.0
9 1 1
25.774 1.0
10 2 1
10.352 1.0
11 2 1
18.358 1.0
12 2 1
36.366 1.0

