O-HYDROGEN H_1 (DZSPH) BASIS TYPE: 2
#
14
1 0 1
4.189 1.0
2 0 1
6.231 1.0
3 0 1
14.624 1.0
4 0 1
20.481 1.0
5 0 1
48.509 1.0
6 1 1
2.349 1.0
7 1 1
7.597 1.0
8 1 1
18.521 1.0
9 1 1
30.596 1.0
10 2 1
8.971 1.0
11 2 1
17.956 1.0
12 2 1
21.299 1.0
13 3 1
10.321 1.0
14 3 1
26.91 1.0

O-HYDROGEN H-A_1 (DZSPH) BASIS TYPE: 2
#
14
1 0 1
4.189 1.0
2 0 1
6.231 1.0
3 0 1
14.624 1.0
4 0 1
20.481 1.0
5 0 1
48.509 1.0
6 1 1
2.349 1.0
7 1 1
7.597 1.0
8 1 1
18.521 1.0
9 1 1
30.596 1.0
10 2 1
8.971 1.0
11 2 1
17.956 1.0
12 2 1
21.299 1.0
13 3 1
10.321 1.0
14 3 1
26.91 1.0

O-HYDROGEN H-B_1 (DZSPH) BASIS TYPE: 2
#
14
1 0 1
4.189 1.0
2 0 1
6.231 1.0
3 0 1
14.624 1.0
4 0 1
20.481 1.0
5 0 1
48.509 1.0
6 1 1
2.349 1.0
7 1 1
7.597 1.0
8 1 1
18.521 1.0
9 1 1
30.596 1.0
10 2 1
8.971 1.0
11 2 1
17.956 1.0
12 2 1
21.299 1.0
13 3 1
10.321 1.0
14 3 1
26.91 1.0

