O-HYDROGEN H_1 (DZSPH) BASIS TYPE: 2
#
20
1 0 1
2.016 1.0
2 0 1
3.049 1.0
3 0 1
6.35 1.0
4 0 1
8.91 1.0
5 0 1
19.5 1.0
6 0 1
29.296 1.0
7 1 1
2.638 1.0
8 1 1
3.716 1.0
9 1 1
5.978 1.0
10 1 1
16.252 1.0
11 1 1
25.114 1.0
12 2 1
2.205 1.0
13 2 1
3.654 1.0
14 2 1
9.104 1.0
15 2 1
24.039 1.0
16 3 1
3.845 1.0
17 3 1
9.921 1.0
18 3 1
22.57 1.0
19 4 1
10.062 1.0
20 4 1
24.267 1.0

O-HYDROGEN H-A_1 (DZSPH) BASIS TYPE: 2
#
20
1 0 1
2.016 1.0
2 0 1
3.049 1.0
3 0 1
6.35 1.0
4 0 1
8.91 1.0
5 0 1
19.5 1.0
6 0 1
29.296 1.0
7 1 1
2.638 1.0
8 1 1
3.716 1.0
9 1 1
5.978 1.0
10 1 1
16.252 1.0
11 1 1
25.114 1.0
12 2 1
2.205 1.0
13 2 1
3.654 1.0
14 2 1
9.104 1.0
15 2 1
24.039 1.0
16 3 1
3.845 1.0
17 3 1
9.921 1.0
18 3 1
22.57 1.0
19 4 1
10.062 1.0
20 4 1
24.267 1.0

O-HYDROGEN H-B_1 (DZSPH) BASIS TYPE: 2
#
20
1 0 1
2.016 1.0
2 0 1
3.049 1.0
3 0 1
6.35 1.0
4 0 1
8.91 1.0
5 0 1
19.5 1.0
6 0 1
29.296 1.0
7 1 1
2.638 1.0
8 1 1
3.716 1.0
9 1 1
5.978 1.0
10 1 1
16.252 1.0
11 1 1
25.114 1.0
12 2 1
2.205 1.0
13 2 1
3.654 1.0
14 2 1
9.104 1.0
15 2 1
24.039 1.0
16 3 1
3.845 1.0
17 3 1
9.921 1.0
18 3 1
22.57 1.0
19 4 1
10.062 1.0
20 4 1
24.267 1.0

