O-HYDROGEN H_1 (DZSPH) BASIS TYPE: 2
#
21
1 0 1
1.386 1.0
2 0 1
3.249 1.0
3 0 1
9.562 1.0
4 0 1
12.485 1.0
5 0 1
21.429 1.0
6 0 1
36.931 1.0
7 1 1
1.399 1.0
8 1 1
4.24 1.0
9 1 1
9.93 1.0
10 1 1
18.376 1.0
11 1 1
24.119 1.0
12 2 1
2.607 1.0
13 2 1
5.141 1.0
14 2 1
7.75 1.0
15 2 1
20.768 1.0
16 3 1
0.509 1.0
17 3 1
9.129 1.0
18 3 1
26.408 1.0
19 4 1
9.445 1.0
20 4 1
28.407 1.0
21 5 1
10.193 1.0

O-HYDROGEN H-A_1 (DZSPH) BASIS TYPE: 2
#
21
1 0 1
1.386 1.0
2 0 1
3.249 1.0
3 0 1
9.562 1.0
4 0 1
12.485 1.0
5 0 1
21.429 1.0
6 0 1
36.931 1.0
7 1 1
1.399 1.0
8 1 1
4.24 1.0
9 1 1
9.93 1.0
10 1 1
18.376 1.0
11 1 1
24.119 1.0
12 2 1
2.607 1.0
13 2 1
5.141 1.0
14 2 1
7.75 1.0
15 2 1
20.768 1.0
16 3 1
0.509 1.0
17 3 1
9.129 1.0
18 3 1
26.408 1.0
19 4 1
9.445 1.0
20 4 1
28.407 1.0
21 5 1
10.193 1.0

O-HYDROGEN H-B_1 (DZSPH) BASIS TYPE: 2
#
21
1 0 1
1.386 1.0
2 0 1
3.249 1.0
3 0 1
9.562 1.0
4 0 1
12.485 1.0
5 0 1
21.429 1.0
6 0 1
36.931 1.0
7 1 1
1.399 1.0
8 1 1
4.24 1.0
9 1 1
9.93 1.0
10 1 1
18.376 1.0
11 1 1
24.119 1.0
12 2 1
2.607 1.0
13 2 1
5.141 1.0
14 2 1
7.75 1.0
15 2 1
20.768 1.0
16 3 1
0.509 1.0
17 3 1
9.129 1.0
18 3 1
26.408 1.0
19 4 1
9.445 1.0
20 4 1
28.407 1.0
21 5 1
10.193 1.0

