O-HYDROGEN H_1 (DZSPH) BASIS TYPE: 2
#
18
1 0 1
2.812 1.0
2 0 1
5.703 1.0
3 0 1
10.202 1.0
4 0 1
15.45 1.0
5 0 1
29.135 1.0
6 0 1
39.753 1.0
7 1 1
1.417 1.0
8 1 1
6.884 1.0
9 1 1
10.45 1.0
10 1 1
16.187 1.0
11 1 1
26.447 1.0
12 2 1
4.483 1.0
13 2 1
9.87 1.0
14 2 1
18.313 1.0
15 2 1
25.347 1.0
16 3 1
6.001 1.0
17 3 1
10.322 1.0
18 3 1
24.409 1.0

O-HYDROGEN H-A_1 (DZSPH) BASIS TYPE: 2
#
18
1 0 1
2.812 1.0
2 0 1
5.703 1.0
3 0 1
10.202 1.0
4 0 1
15.45 1.0
5 0 1
29.135 1.0
6 0 1
39.753 1.0
7 1 1
1.417 1.0
8 1 1
6.884 1.0
9 1 1
10.45 1.0
10 1 1
16.187 1.0
11 1 1
26.447 1.0
12 2 1
4.483 1.0
13 2 1
9.87 1.0
14 2 1
18.313 1.0
15 2 1
25.347 1.0
16 3 1
6.001 1.0
17 3 1
10.322 1.0
18 3 1
24.409 1.0

O-HYDROGEN H-B_1 (DZSPH) BASIS TYPE: 2
#
18
1 0 1
2.812 1.0
2 0 1
5.703 1.0
3 0 1
10.202 1.0
4 0 1
15.45 1.0
5 0 1
29.135 1.0
6 0 1
39.753 1.0
7 1 1
1.417 1.0
8 1 1
6.884 1.0
9 1 1
10.45 1.0
10 1 1
16.187 1.0
11 1 1
26.447 1.0
12 2 1
4.483 1.0
13 2 1
9.87 1.0
14 2 1
18.313 1.0
15 2 1
25.347 1.0
16 3 1
6.001 1.0
17 3 1
10.322 1.0
18 3 1
24.409 1.0

