O-HYDROGEN H_1 (DZSPH) BASIS TYPE: 2
#
15
1 0 1
2.513 1.0
2 0 1
4.84 1.0
3 0 1
9.088 1.0
4 0 1
16.231 1.0
5 0 1
31.11 1.0
6 0 1
38.754 1.0
7 1 1
2.174 1.0
8 1 1
5.897 1.0
9 1 1
9.996 1.0
10 1 1
16.347 1.0
11 1 1
25.716 1.0
12 2 1
2.93 1.0
13 2 1
11.015 1.0
14 2 1
17.256 1.0
15 2 1
25.541 1.0

O-HYDROGEN H-A_1 (DZSPH) BASIS TYPE: 2
#
15
1 0 1
2.513 1.0
2 0 1
4.84 1.0
3 0 1
9.088 1.0
4 0 1
16.231 1.0
5 0 1
31.11 1.0
6 0 1
38.754 1.0
7 1 1
2.174 1.0
8 1 1
5.897 1.0
9 1 1
9.996 1.0
10 1 1
16.347 1.0
11 1 1
25.716 1.0
12 2 1
2.93 1.0
13 2 1
11.015 1.0
14 2 1
17.256 1.0
15 2 1
25.541 1.0

O-HYDROGEN H-B_1 (DZSPH) BASIS TYPE: 2
#
15
1 0 1
2.513 1.0
2 0 1
4.84 1.0
3 0 1
9.088 1.0
4 0 1
16.231 1.0
5 0 1
31.11 1.0
6 0 1
38.754 1.0
7 1 1
2.174 1.0
8 1 1
5.897 1.0
9 1 1
9.996 1.0
10 1 1
16.347 1.0
11 1 1
25.716 1.0
12 2 1
2.93 1.0
13 2 1
11.015 1.0
14 2 1
17.256 1.0
15 2 1
25.541 1.0

