  pc-0  EMSL  Basis Set Exchange Library   7/22/12 8:58 PM 
 Elements                             References 
 H C N O F: Frank Jensen, Polarization consistent basis sets: Principles, J. Chem. Phys. 115, 9113 (2001). 
 H C N O F: Frank Jensen, Polarization consistent basis sets. II. Estimating the Kohn-Sham basis set limit, J. Chem. Phys. 116, 7372 (2002). 
 Si P S Cl: Frank Jensen, Trygve Helgaker, Polarization consistent basis sets. V. The elements Si-Cl, J. Chem. Phys. 121, 3463 (2004). 
 He Li Be B Ne Na Mg Al Ar: Frank Jensen, Polarization consistent basis sets. VI. The elements He, Li, Be, B, Ne, Na, Mg, Al, Ar, J. Phys. Chem. A 111 (44), 11198 -11204, 2007 
  
O-HYDROGEN H (PC-0) BASIS TYPE: 1
# 
2
1 0 2
4.34480000 0.07929900
0.66049000 0.42422000
2 0 1
0.13669000 1.00000000

O-HELIUM HE (PC-0) BASIS TYPE: 1
# 
2
1 0 2
13.21000000 0.04350600
1.94340000 0.21166000
2 0 1
0.35443000 1.00000000

O-LITHIUM LI (PC-0) BASIS TYPE: 1
# 
4
1 0 3
97.58500000 0.02235800
14.75500000 0.14499000
3.22330000 0.34594000
2 0 3
14.75500000 0.00518750
3.22330000 0.16698000
0.78789000 0.72566000
3 0 1
0.05100900 1.00000000
4 1 1
0.33000000 1.00000000

O-BERYLLIUM BE (PC-0) BASIS TYPE: 1
# 
4
1 0 3
187.54000000 0.01037300
28.34500000 0.07200700
6.26140000 0.13085000
2 0 3
28.34500000 -0.00205070
6.26140000 0.11312000
1.58370000 0.30800000
3 0 1
0.10858000 1.00000000
4 1 1
0.43000000 1.00000000

O-BORON B (PC-0) BASIS TYPE: 1
# 
5
1 0 3
303.73000000 0.02012100
45.89400000 0.14410000
10.20500000 0.21961000
2 0 3
45.89400000 -0.00738180
10.20500000 0.26153000
2.63480000 0.59363000
3 0 1
0.19380000 1.00000000
4 1 2
2.79040000 0.10986000
0.54195000 0.46846000
5 1 1
0.11876000 1.00000000

O-CARBON C (PC-0) BASIS TYPE: 1
# 
5
1 0 3
446.51000000 0.01978800
67.46200000 0.14534000
15.06700000 0.18529000
2 0 3
67.46200000 -0.00999100
15.06700000 0.28519000
3.93880000 0.56687000
3 0 1
0.29991000 1.00000000
4 1 2
4.36770000 0.11671000
0.86982000 0.47558000
5 1 1
0.18893000 1.00000000

O-NITROGEN N (PC-0) BASIS TYPE: 1
# 
5
1 0 3
615.85000000 0.01958800
93.04400000 0.14695000
20.84800000 0.15560000
2 0 3
93.04400000 -0.01205900
20.84800000 0.30199000
5.49590000 0.54090000
3 0 1
0.42624000 1.00000000
4 1 2
6.26800000 0.12134000
1.26900000 0.48013000
5 1 1
0.27390000 1.00000000

O-OXYGEN O (PC-0) BASIS TYPE: 1
# 
5
1 0 3
812.12000000 0.01945000
122.69000000 0.14774000
27.56100000 0.13593000
2 0 3
122.69000000 -0.01318900
27.56100000 0.31510000
7.31730000 0.52964000
3 0 1
0.57924000 1.00000000
4 1 2
8.21780000 0.12902000
1.67540000 0.48706000
5 1 1
0.35067000 1.00000000

O-FLUORINE F (PC-0) BASIS TYPE: 1
# 
5
1 0 3
1035.10000000 0.01935100
156.38000000 0.14884000
35.19600000 0.11735000
2 0 3
156.38000000 -0.01433700
35.19600000 0.32551000
9.39210000 0.51681000
3 0 1
0.75342000 1.00000000
4 1 2
10.59900000 0.13273000
2.17330000 0.48938000
5 1 1
0.44871000 1.00000000

O-NEON NE (PC-0) BASIS TYPE: 1
# 
5
1 0 3
1284.50000000 0.09641900
194.05000000 0.75019000
43.74600000 0.49765000
2 0 3
194.05000000 -0.00767080
43.74600000 0.16693000
11.72000000 0.25151000
3 0 1
0.94746000 1.00000000
4 1 2
13.34800000 0.06746700
2.75090000 0.24531000
5 1 1
0.56434000 1.00000000

O-SODIUM NA (PC-0) BASIS TYPE: 1
# 
6
1 0 5
4553.50000000 0.00515830
685.09000000 0.03860000
155.73000000 0.17385000
43.37100000 0.45646000
13.33900000 0.46291000
2 0 5
685.09000000 -0.00031854
155.73000000 -0.00226480
43.37100000 -0.03392300
13.33900000 -0.07630900
2.31060000 0.33727000
3 0 5
155.73000000 -0.00007913
43.37100000 -0.00069906
13.33900000 -0.00320830
2.31060000 0.03005600
0.70669000 0.11224000
4 0 1
0.04594200 1.00000000
5 1 4
37.79300000 0.04649500
8.41340000 0.24311000
2.32100000 0.51738000
0.60658000 0.42598000
6 1 1
0.09500000 1.00000000

O-MAGNESIUM MG (PC-0) BASIS TYPE: 1
# 
6
1 0 5
5520.80000000 0.00252540
830.56000000 0.01893200
188.81000000 0.08556500
52.63800000 0.22776000
16.23300000 0.23565000
2 0 5
830.56000000 -0.00015190
188.81000000 -0.00087484
52.63800000 -0.01460700
16.23300000 -0.03034900
2.92750000 0.10360000
3 0 5
188.81000000 -0.00116040
52.63800000 -0.00988450
16.23300000 -0.04341600
2.92750000 0.31196000
0.94786000 0.72645000
4 0 1
0.07636100 1.00000000
5 1 4
49.45300000 0.02173900
11.11600000 0.11690000
3.12730000 0.25993000
0.85940000 0.21108000
6 1 1
0.16000000 1.00000000

O-ALUMINUM AL (PC-0) BASIS TYPE: 1
# 
7
1 0 5
6587.10000000 0.00495700
990.92000000 0.03722300
225.29000000 0.16875000
62.86600000 0.45505000
19.43200000 0.48010000
2 0 5
990.92000000 -0.00029525
225.29000000 -0.00156740
62.86600000 -0.02743400
19.43200000 -0.05560000
3.62070000 0.15188000
3 0 5
225.29000000 -0.00034383
62.86600000 -0.00293810
19.43200000 -0.01304700
3.62070000 0.08567900
1.22880000 0.18025000
4 0 1
0.12068000 1.00000000
5 1 4
72.36500000 0.03295300
16.54300000 0.18989000
4.82390000 0.47489000
1.43360000 0.48033000
6 1 4
16.54300000 -0.00030607
4.82390000 -0.00812540
1.43360000 0.00582160
0.27689000 0.37831000
7 1 1
0.06985600 1.00000000

O-SILICON SI (PC-0) BASIS TYPE: 1
# 
7
1 0 5
7743.00000000 0.00488250
1164.70000000 0.03674100
264.82000000 0.16695000
73.96800000 0.45657000
22.91200000 0.49043000
2 0 5
1164.70000000 -0.00029111
264.82000000 -0.00141220
73.96800000 -0.02604600
22.91200000 -0.05093300
4.37410000 0.10810000
3 0 5
264.82000000 -0.00044437
73.96800000 -0.00380670
22.91200000 -0.01707800
4.37410000 0.10569000
1.53910000 0.20429000
4 0 1
0.16775000 1.00000000
5 1 4
96.08000000 0.02803500
22.15000000 0.16819000
6.56300000 0.45197000
2.02500000 0.50132000
6 1 4
22.15000000 -0.00072797
6.56300000 -0.00866440
2.02500000 -0.00353440
0.47780000 0.31085000
7 1 1
0.12824000 1.00000000

O-PHOSPHOROUS P (PC-0) BASIS TYPE: 1
# 
7
1 0 5
8990.80000000 0.00482060
1352.40000000 0.03639200
307.50000000 0.16563000
85.94100000 0.46217000
26.67100000 0.50582000
2 0 5
1352.40000000 0.00289000
307.50000000 0.01263800
85.94100000 0.24790000
26.67100000 0.46165000
5.18810000 -0.70180000
3 0 5
307.50000000 -0.00054512
85.94100000 -0.00468380
26.67100000 -0.02116000
5.18810000 0.12534000
1.87780000 0.22427000
4 0 1
0.22010000 1.00000000
5 1 4
111.64000000 0.02866300
25.78400000 0.17265000
7.67250000 0.46181000
2.39960000 0.49174000
6 1 4
25.78400000 -0.00068545
7.67250000 -0.01129600
2.39960000 0.00329620
0.54943000 0.41613000
7 1 1
0.14748000 1.00000000

O-SULFUR S (PC-0) BASIS TYPE: 1
# 
7
1 0 5
10330.00000000 0.00476850
1553.70000000 0.03620900
353.30000000 0.16491000
98.80500000 0.47548000
30.71600000 0.53319000
2 0 5
1553.70000000 0.00289030
353.30000000 0.01157500
98.80500000 0.23993000
30.71600000 0.42830000
6.06330000 -0.42063000
3 0 5
353.30000000 -0.00062501
98.80500000 -0.00538810
30.71600000 -0.02452100
6.06330000 0.14132000
2.24750000 0.23948000
4 0 1
0.27853000 1.00000000
5 1 4
129.76000000 0.02870600
30.02500000 0.17420000
8.97330000 0.46709000
2.84400000 0.48571000
6 1 4
30.02500000 -0.00011785
8.97330000 -0.01448300
2.84400000 0.01593900
0.63361000 0.48257000
7 1 1
0.16955000 1.00000000

O-CHLORINE CL (PC-0) BASIS TYPE: 1
# 
7
1 0 5
11759.00000000 0.00472480
1768.60000000 0.03654600
402.19000000 0.16597000
112.54000000 0.52530000
35.03900000 0.61955000
2 0 5
1768.60000000 0.00290530
402.19000000 0.01066400
112.54000000 0.23406000
35.03900000 0.39915000
6.99560000 -0.17937000
3 0 5
402.19000000 -0.00069197
112.54000000 -0.00597600
35.03900000 -0.02739400
6.99560000 0.15516000
2.64550000 0.25028000
4 0 1
0.34157000 1.00000000
5 1 4
150.66000000 0.02829900
34.93300000 0.17336000
10.49200000 0.46812000
3.37260000 0.48321000
6 1 4
34.93300000 0.00013598
10.49200000 -0.01661100
3.37260000 0.02235100
0.75989000 0.51192000
7 1 1
0.20289000 1.00000000

O-ARGON AR (PC-0) BASIS TYPE: 1
# 
7
1 0 5
13277.00000000 0.02344000
1996.90000000 0.15225000
454.12000000 0.72536000
127.14000000 0.33180000
39.63700000 -0.63751000
2 0 5
1996.90000000 0.00146890
454.12000000 0.00492820
127.14000000 0.11458000
39.63700000 0.18548000
7.98170000 0.02189400
3 0 5
454.12000000 -0.00037469
127.14000000 -0.00324620
39.63700000 -0.01496800
7.98170000 0.08393600
3.07060000 0.12891000
4 0 1
0.40908000 1.00000000
5 1 4
173.23000000 0.01395500
40.23900000 0.08622600
12.13900000 0.23423000
3.95270000 0.24062000
6 1 4
40.23900000 0.00013131
12.13900000 -0.00914820
3.95270000 0.01328000
0.90626000 0.26503000
7 1 1
0.24252000 1.00000000

