  pc-1  EMSL  Basis Set Exchange Library   7/22/12 8:58 PM 
 Elements                             References 
 H C N O F: Frank Jensen, Polarization consistent basis sets: Principles, J. Chem. Phys. 115, 9113 (2001). 
 H C N O F: Frank Jensen, Polarization consistent basis sets. II. Estimating the Kohn-Sham basis set limit, J. Chem. Phys. 116, 7372 (2002). 
 Si P S Cl: Frank Jensen, Trygve Helgaker, Polarization consistent basis sets. V. The elements Si-Cl, J. Chem. Phys. 121, 3463 (2004). 
 He Li Be B Ne Na Mg Al Ar: Frank Jensen, Polarization consistent basis sets. VI. The elements He, Li, Be, B, Ne, Na, Mg, Al, Ar, J. Phys. Chem. A 111 (44), 11198 -11204, 2007 
  
O-HYDROGEN H (PC-1) BASIS TYPE: 1
# 
3
1 0 3
12.25200000 0.02282200
1.86870000 0.15564000
0.41821000 0.48898000
2 0 1
0.10610000 1.00000000
3 1 1
1.00000000 1.00000000

O-HYDROGEN E+ (PC-1) BASIS TYPE: 1
# 
3
1 0 3
12.25200000 0.02282200
1.86870000 0.15564000
0.41821000 0.48898000
2 0 1
0.10610000 1.00000000
3 1 1
1.00000000 1.00000000



O-HELIUM HE (PC-1) BASIS TYPE: 1
# 
3
1 0 3
36.86500000 0.01306200
5.58020000 0.08349100
1.19170000 0.23874000
2 0 1
0.26892000 1.00000000
3 1 1
1.45000000 1.00000000

O-LITHIUM LI (PC-1) BASIS TYPE: 1
# 
5
1 0 5
266.43000000 0.00652680
40.16000000 0.04806500
9.10820000 0.20095000
2.45430000 0.47007000
0.69626000 0.43130000
2 0 5
40.16000000 0.00001102
9.10820000 -0.00268490
2.45430000 -0.01871100
0.69626000 -0.08894800
0.08372600 0.51836000
3 0 1
0.03082700 1.00000000
4 1 2
1.62000000 0.04165510
0.32000000 0.11044500
5 1 1
0.09000000 1.00000000

O-BERYLLIUM BE (PC-1) BASIS TYPE: 1
# 
5
1 0 5
514.90000000 0.00300310
77.55800000 0.02224300
17.60900000 0.09543400
4.80800000 0.23228000
1.40850000 0.22104000
2 0 5
77.55800000 -0.00009600
17.60900000 -0.00121790
4.80800000 -0.01369900
1.40850000 -0.04215900
0.19069000 0.26185000
3 0 1
0.06112500 1.00000000
4 1 2
3.42000000 0.04935190
0.68000000 0.18982100
5 1 1
0.19000000 1.00000000

O-BORON B (PC-1) BASIS TYPE: 1
# 
6
1 0 5
843.98000000 0.00573610
127.08000000 0.04262500
28.86200000 0.18576000
7.92970000 0.46258000
2.36370000 0.44646000
2 0 5
127.08000000 -0.00023303
28.86200000 -0.00254790
7.92970000 -0.03092800
2.36370000 -0.08695600
0.34670000 0.53062000
3 0 1
0.10595000 1.00000000
4 1 3
5.81280000 0.04308400
1.20020000 0.22295000
0.32686000 0.50977000
5 1 1
0.08626400 1.00000000
6 2 1
0.70000000 1.00000000

O-CARBON C (PC-1) BASIS TYPE: 1
# 
6
1 0 5
1252.60000000 0.00557360
188.57000000 0.04149600
42.83900000 0.18263000
11.81800000 0.46129000
3.55670000 0.44931000
2 0 5
188.57000000 -0.00027440
42.83900000 -0.00255830
11.81800000 -0.03337500
3.55670000 -0.08730500
0.54258000 0.53415000
3 0 1
0.16058000 1.00000000
4 1 3
9.14260000 0.04449900
1.92980000 0.23108000
0.52522000 0.51227000
5 1 1
0.13608000 1.00000000
6 2 1
0.80000000 1.00000000

O-NITROGEN N (PC-1) BASIS TYPE: 1
# 
6
1 0 5
1742.20000000 0.00546030
262.21000000 0.04070600
59.58500000 0.18038000
16.48900000 0.46009000
4.99450000 0.45173000
2 0 5
262.21000000 -0.00030104
59.58500000 -0.00255110
16.48900000 -0.03490000
4.99450000 -0.08742900
0.78673000 0.52660000
3 0 1
0.22837000 1.00000000
4 1 3
13.13200000 0.04551500
2.81080000 0.23740000
0.76351000 0.51392000
5 1 1
0.19560000 1.00000000
6 2 1
0.90000000 1.00000000

O-OXYGEN O (PC-1) BASIS TYPE: 1
# 
6
1 0 5
2306.70000000 0.00539400
347.15000000 0.04024800
78.89000000 0.17921000
21.87600000 0.45978000
6.66460000 0.45234000
2 0 5
347.15000000 -0.00031692
78.89000000 -0.00259440
21.87600000 -0.03624100
6.66460000 -0.08779000
1.06690000 0.53320000
3 0 1
0.30700000 1.00000000
4 1 3
17.02200000 0.04891900
3.68380000 0.24962000
0.99234000 0.51347000
5 1 1
0.24487000 1.00000000
6 2 1
1.00000000 1.00000000

O-FLUORINE F (PC-1) BASIS TYPE: 1
# 
6
1 0 5
2954.60000000 0.00533370
444.62000000 0.03982700
101.05000000 0.17802000
28.06800000 0.45917000
8.58370000 0.45352000
2 0 5
444.62000000 -0.00032962
101.05000000 -0.00260830
28.06800000 -0.03715000
8.58370000 -0.08817800
1.39860000 0.53135000
3 0 1
0.39969000 1.00000000
4 1 3
21.88300000 0.05024400
4.77690000 0.25424000
1.28230000 0.51220000
5 1 1
0.31127000 1.00000000
6 2 1
1.10000000 1.00000000

O-NEON NE (PC-1) BASIS TYPE: 1
# 
6
1 0 5
3680.10000000 0.00264540
553.75000000 0.01976300
125.87000000 0.08859000
35.01300000 0.22936000
10.73900000 0.22717000
2 0 5
553.75000000 -0.00017209
125.87000000 -0.00130160
35.01300000 -0.01898000
10.73900000 -0.04400800
1.76930000 0.26525000
3 0 1
0.50149000 1.00000000
4 1 3
27.50200000 0.02547700
6.03970000 0.12855000
1.61900000 0.25586000
5 1 1
0.38970000 1.00000000
6 2 1
1.20000000 1.00000000

O-SODIUM NA (PC-1) BASIS TYPE: 1
# 
6
1 0 8
23207.00000000 0.00068100
3481.60000000 0.00525120
792.72000000 0.02684500
224.59000000 0.10188000
73.08800000 0.27784000
26.19000000 0.44489000
9.86610000 0.28206000
2.21550000 0.02068500
2 0 8
3481.60000000 -0.00002932
792.72000000 -0.00003220
224.59000000 -0.00214850
73.08800000 -0.00931570
26.19000000 -0.06707100
9.86610000 -0.05678900
2.21550000 0.53608000
0.68590000 0.59788000
3 0 8
792.72000000 -0.00000132
224.59000000 -0.00001438
73.08800000 -0.00013687
26.19000000 -0.00048799
9.86610000 -0.00028773
2.21550000 -0.01017800
0.68590000 -0.11118000
0.07033700 0.59314000
4 0 1
0.02607500 1.00000000
5 1 6
135.55000000 0.00617590
31.56200000 0.04531500
9.67740000 0.17332000
3.36910000 0.36867000
1.17030000 0.43998000
0.37651000 0.22613000
6 1 1
0.07500000 1.00000000

O-MAGNESIUM MG (PC-1) BASIS TYPE: 1
# 
6
1 0 8
28706.00000000 0.00032513
4306.60000000 0.00250760
980.54000000 0.01283700
277.76000000 0.04896400
90.38600000 0.13517000
32.37400000 0.22193000
12.17700000 0.14657000
2.81660000 0.01198000
2 0 8
4306.60000000 -0.00001306
980.54000000 -0.00001798
277.76000000 -0.00100360
90.38600000 -0.00468190
32.37400000 -0.03305100
12.17700000 -0.03271800
2.81660000 0.26039000
0.92173000 0.30808000
3 0 8
980.54000000 0.00000116
277.76000000 0.00001351
90.38600000 0.00013542
32.37400000 0.00075360
12.17700000 0.00150980
2.81660000 -0.01906800
0.92173000 -0.07524100
0.12709000 0.27161000
4 0 1
0.04608000 1.00000000
5 1 6
177.60000000 0.00282590
41.44200000 0.02110300
12.81800000 0.08266600
4.51740000 0.18285000
1.61280000 0.22357000
0.54531000 0.10869000
6 1 1
0.13500000 1.00000000

O-ALUMINUM AL (PC-1) BASIS TYPE: 1
# 
8
1 0 8
34702.00000000 0.00062778
5205.90000000 0.00484320
1185.20000000 0.02481700
335.70000000 0.09502800
109.23000000 0.26474000
39.12000000 0.44274000
14.70900000 0.30134000
3.48960000 0.02681700
2 0 8
5205.90000000 -0.00002388
1185.20000000 -0.00003937
335.70000000 -0.00191680
109.23000000 -0.00943620
39.12000000 -0.06573900
14.70900000 -0.07223200
3.48960000 0.50924000
1.19360000 0.62972000
3 0 8
1185.20000000 0.00000451
335.70000000 0.00005323
109.23000000 0.00053333
39.12000000 0.00287540
14.70900000 0.00567340
3.48960000 -0.05813300
1.19360000 -0.18753000
0.19585000 0.58570000
4 0 1
0.07143900 1.00000000
5 1 6
254.36000000 0.00429030
59.51400000 0.03305500
18.70800000 0.13486000
6.73620000 0.32836000
2.50450000 0.44798000
0.90820000 0.27040000
6 1 6
59.51400000 0.00010756
18.70800000 -0.00081981
6.73620000 -0.00142160
2.50450000 -0.01493000
0.90820000 0.04377900
0.20909000 0.49039000
7 1 1
0.05699000 1.00000000
8 2 1
0.40000000 1.00000000

O-SILICON SI (PC-1) BASIS TYPE: 1
# 
8
1 0 8
41263.00000000 0.00060948
6189.60000000 0.00470400
1408.70000000 0.02413600
398.77000000 0.09276200
129.69000000 0.26047000
46.42500000 0.44181000
17.45500000 0.30755000
4.22220000 0.02919700
2 0 8
6189.60000000 -0.00002246
1408.70000000 -0.00004176
398.77000000 -0.00185700
129.69000000 -0.00951130
46.42500000 -0.06580000
17.45500000 -0.07754600
4.22220000 0.50303000
1.49330000 0.63824000
3 0 8
1408.70000000 0.00000603
398.77000000 0.00007428
129.69000000 0.00074023
46.42500000 0.00401070
17.45500000 0.00801370
4.22220000 -0.07409100
1.49330000 -0.21382000
0.27174000 0.61263000
4 0 1
0.09850200 1.00000000
5 1 6
310.73000000 0.00411980
72.82300000 0.03198100
22.98500000 0.13224000
8.32130000 0.32779000
3.13530000 0.45107000
1.16930000 0.26345000
6 1 6
72.82300000 0.00012637
22.98500000 -0.00102520
8.32130000 -0.00213370
3.13530000 -0.01877400
1.16930000 0.05752800
0.29281000 0.53571000
7 1 1
0.08270400 1.00000000
8 2 1
0.45000000 1.00000000

O-PHOSPHOROUS P (PC-1) BASIS TYPE: 1
# 
8
1 0 8
48073.00000000 0.00059919
7211.40000000 0.00462410
1641.70000000 0.02372400
464.92000000 0.09130300
151.28000000 0.25750000
54.18900000 0.44080000
20.39700000 0.31175000
5.02410000 0.03111800
2 0 8
7211.40000000 -0.00002131
1641.70000000 -0.00004422
464.92000000 -0.00182210
151.28000000 -0.00963660
54.18900000 -0.06607200
20.39700000 -0.08182400
5.02410000 0.49850000
1.82460000 0.64492000
3 0 8
1641.70000000 0.00000713
464.92000000 0.00008450
151.28000000 0.00085919
54.18900000 0.00464780
20.39700000 0.00958110
5.02410000 -0.08406600
1.82460000 -0.23124000
0.35871000 0.62350000
4 0 1
0.12887000 1.00000000
5 1 6
366.24000000 0.00409770
85.93100000 0.03195600
27.17200000 0.13326000
9.86850000 0.33228000
3.75330000 0.45335000
1.43020000 0.25058000
6 1 6
85.93100000 0.00012506
27.17200000 -0.00121660
9.86850000 -0.00318130
3.75330000 -0.02147500
1.43020000 0.06999100
0.38653000 0.56081000
7 1 1
0.11146000 1.00000000
8 2 1
0.50000000 1.00000000

O-SULFUR S (PC-1) BASIS TYPE: 1
# 
8
1 0 8
55510.00000000 0.00058899
8326.70000000 0.00454600
1895.60000000 0.02333500
536.77000000 0.08996500
174.67000000 0.25486000
62.57800000 0.43998000
23.57300000 0.31549000
5.89080000 0.03282600
2 0 8
8326.70000000 -0.00002048
1895.60000000 -0.00004543
536.77000000 -0.00179370
174.67000000 -0.00972520
62.57800000 -0.06639900
23.57300000 -0.08550200
5.89080000 0.49588000
2.18520000 0.64988000
3 0 8
1895.60000000 0.00000835
536.77000000 0.00009831
174.67000000 0.00100400
62.57800000 0.00544090
23.57300000 0.01140000
5.89080000 -0.09513400
2.18520000 -0.24735000
0.45282000 0.63973000
4 0 1
0.16202000 1.00000000
5 1 6
395.45000000 0.00462660
92.83400000 0.03589800
29.26600000 0.14854000
10.59500000 0.35878000
4.02720000 0.45417000
1.54840000 0.20545000
6 1 6
92.83400000 0.00010934
29.26600000 -0.00163580
10.59500000 -0.00506320
4.02720000 -0.02396000
1.54840000 0.10388000
0.46134000 0.58063000
7 1 1
0.13131000 1.00000000
8 2 1
0.55000000 1.00000000

O-CHLORINE CL (PC-1) BASIS TYPE: 1
# 
8
1 0 8
63474.00000000 0.00058028
9521.30000000 0.00447920
2167.40000000 0.02300000
613.74000000 0.08881500
199.72000000 0.25258000
71.56400000 0.43921000
26.97900000 0.31868000
6.82600000 0.03434800
2 0 8
9521.30000000 -0.00001982
2167.40000000 -0.00004720
613.74000000 -0.00177130
199.72000000 -0.00980680
71.56400000 -0.06671900
26.97900000 -0.08871100
6.82600000 0.49396000
2.57670000 0.65392000
3 0 8
2167.40000000 0.00000906
613.74000000 0.00010695
199.72000000 0.00109810
71.56400000 0.00598980
26.97900000 0.01276200
6.82600000 -0.10307000
2.57670000 -0.25941000
0.55752000 0.64899000
4 0 1
0.19825000 1.00000000
5 1 6
413.12000000 0.00542510
97.05400000 0.04164400
30.48200000 0.16990000
10.96200000 0.39275000
4.12760000 0.45045000
1.53380000 0.15308000
6 1 6
97.05400000 -0.00000174
30.48200000 -0.00214410
10.96200000 -0.00912980
4.12760000 -0.01990600
1.53380000 0.15582000
0.51439000 0.58772000
7 1 1
0.15026000 1.00000000
8 2 1
0.60000000 1.00000000

O-ARGON AR (PC-1) BASIS TYPE: 1
# 
8
1 0 8
71956.00000000 0.00028643
10793.00000000 0.00221120
2457.00000000 0.01135800
695.72000000 0.04391600
226.40000000 0.12531000
81.13800000 0.21927000
30.61200000 0.16071000
7.82910000 0.01784900
2 0 8
10793.00000000 -0.00000961
2457.00000000 -0.00002414
695.72000000 -0.00087570
226.40000000 -0.00493760
81.13800000 -0.03351200
30.61200000 -0.04576400
7.82910000 0.24633000
2.99870000 0.32863000
3 0 8
2457.00000000 0.00000479
695.72000000 0.00005758
226.40000000 0.00058972
81.13800000 0.00323990
30.61200000 0.00698140
7.82910000 -0.05491800
2.99870000 -0.13472000
0.67242000 0.32734000
4 0 1
0.23719000 1.00000000
5 1 6
446.27000000 0.00296130
104.94000000 0.02259100
32.93100000 0.09152400
11.80900000 0.20642000
4.43040000 0.22195000
1.57510000 0.06276500
6 1 6
104.94000000 -0.00006082
32.93100000 -0.00126610
11.80900000 -0.00645890
4.43040000 -0.00651050
1.57510000 0.10436000
0.56412000 0.29184000
7 1 1
0.17015000 1.00000000
8 2 1
0.65000000 1.00000000

