  pc-2  EMSL  Basis Set Exchange Library   7/22/12 8:59 PM 
 Elements                             References 
 H C N O F: Frank Jensen, Polarization consistent basis sets: Principles, J. Chem. Phys. 115, 9113 (2001). 
 H C N O F: Frank Jensen, Polarization consistent basis sets. II. Estimating the Kohn-Sham basis set limit, J. Chem. Phys. 116, 7372 (2002). 
 Si P S Cl: Frank Jensen, Trygve Helgaker, Polarization consistent basis sets. V. The elements Si-Cl, J. Chem. Phys. 121, 3463 (2004). 
 He Li Be B Ne Na Mg Al Ar: Frank Jensen, Polarization consistent basis sets. VI. The elements He, Li, Be, B, Ne, Na, Mg, Al, Ar, J. Phys. Chem. A 111 (44), 11198 -11204, 2007 
  
O-HYDROGEN H (PC-2) BASIS TYPE: 1
# 
6
1 0 4
75.42300000 0.00240650
11.35000000 0.01848700
2.59930000 0.08974200
0.73513000 0.28111000
2 0 1
0.23167000 1.00000000
3 0 1
0.07414700 1.00000000
4 1 1
1.60000000 1.00000000
5 1 1
0.45000000 1.00000000
6 2 1
1.25000000 1.00000000

O-HELIUM HE (PC-2) BASIS TYPE: 1
# 
6
1 0 4
221.77000000 0.00144090
33.37500000 0.01089400
7.61140000 0.05018900
2.10890000 0.14290000
2 0 1
0.62878000 1.00000000
3 0 1
0.18469000 1.00000000
4 1 1
2.40000000 1.00000000
5 1 1
0.68000000 1.00000000
6 2 1
1.80000000 1.00000000

O-LITHIUM LI (PC-2) BASIS TYPE: 1
# 
7
1 0 7
1502.50000000 0.00076137
225.51000000 0.00587120
51.37500000 0.02974300
14.54700000 0.10959000
4.66450000 0.28000000
1.60080000 0.44163000
0.55262000 0.29922000
2 0 7
225.51000000 0.00002104
51.37500000 -0.00012177
14.54700000 -0.00010088
4.66450000 -0.00844260
1.60080000 -0.02439400
0.55262000 -0.09071800
0.10366000 0.30659000
3 0 1
0.04744200 1.00000000
4 0 1
0.01979000 1.00000000
5 1 3
5.30000000 0.00554503
1.15000000 0.05509120
0.29000000 0.08756150
6 1 1
0.09000000 1.00000000
7 2 1
0.26000000 1.00000000

O-BERYLLIUM BE (PC-2) BASIS TYPE: 1
# 
7
1 0 7
3067.30000000 0.00032683
460.24000000 0.00252340
104.80000000 0.01286700
29.65700000 0.04860700
9.53650000 0.13111000
3.31060000 0.22124000
1.18040000 0.16345000
2 0 7
460.24000000 0.00000139
104.80000000 -0.00003643
29.65700000 -0.00033196
9.53650000 -0.00366180
3.31060000 -0.01754000
1.18040000 -0.04090500
0.26871000 0.11357000
3 0 1
0.11774000 1.00000000
4 0 1
0.04468500 1.00000000
5 1 3
8.24000000 0.01114710
1.79000000 0.08054940
0.45000000 0.25574400
6 1 1
0.14000000 1.00000000
7 2 1
0.39000000 1.00000000

O-BORON B (PC-2) BASIS TYPE: 1
# 
10
1 0 7
5220.40000000 0.00059530
783.19000000 0.00459910
178.31000000 0.02353000
50.46900000 0.09001500
16.28500000 0.24988000
5.68850000 0.44237000
2.04950000 0.34536000
2 0 7
783.19000000 0.00000166
178.31000000 -0.00006852
50.46900000 -0.00068751
16.28500000 -0.00736900
5.68850000 -0.03709800
2.04950000 -0.08698600
0.51473000 0.21361000
3 0 1
0.21556000 1.00000000
4 0 1
0.07745700 1.00000000
5 1 4
21.81000000 0.00588410
4.89300000 0.04179800
1.39760000 0.15567000
0.47747000 0.35997000
6 1 1
0.16419000 1.00000000
7 1 1
0.05400400 1.00000000
8 2 1
1.05000000 1.00000000
9 2 1
0.35000000 1.00000000
10 3 1
0.87000000 1.00000000

O-CARBON C (PC-2) BASIS TYPE: 1
# 
10
1 0 7
7857.10000000 0.00056825
1178.70000000 0.00439150
268.32000000 0.02250400
75.94800000 0.08665300
24.55900000 0.24405000
8.62120000 0.44148000
3.12780000 0.35332000
2 0 7
1178.70000000 -0.00000059
268.32000000 -0.00006275
75.94800000 -0.00075773
24.55900000 -0.00733080
8.62120000 -0.03893200
3.12780000 -0.08890800
0.82202000 0.21689000
3 0 1
0.33017000 1.00000000
4 0 1
0.11463000 1.00000000
5 1 4
33.77500000 0.00602940
7.67660000 0.04322800
2.23570000 0.16301000
0.76447000 0.36504000
6 1 1
0.26232000 1.00000000
7 1 1
0.08463800 1.00000000
8 2 1
1.40000000 1.00000000
9 2 1
0.45000000 1.00000000
10 3 1
0.95000000 1.00000000

O-NITROGEN N (PC-2) BASIS TYPE: 1
# 
10
1 0 7
11101.00000000 0.00054570
1665.30000000 0.00421810
379.08000000 0.02164500
107.30000000 0.08377600
34.74700000 0.23881000
12.24900000 0.43994000
4.47430000 0.36364000
2 0 7
1665.30000000 -0.00000150
379.08000000 -0.00005875
107.30000000 -0.00077453
34.74700000 -0.00721610
12.24900000 -0.03933800
4.47430000 -0.09061100
1.24040000 0.19882000
3 0 1
0.48743000 1.00000000
4 0 1
0.16484000 1.00000000
5 1 4
47.93400000 0.00617060
10.99900000 0.04426000
3.24720000 0.16825000
1.11140000 0.36848000
6 1 1
0.37988000 1.00000000
7 1 1
0.12068000 1.00000000
8 2 1
1.80000000 1.00000000
9 2 1
0.55000000 1.00000000
10 3 1
1.02000000 1.00000000

O-OXYGEN O (PC-2) BASIS TYPE: 1
# 
10
1 0 7
14782.00000000 0.00053519
2217.30000000 0.00413750
504.74000000 0.02124500
142.87000000 0.08245300
46.30000000 0.23671000
16.33700000 0.44039000
5.98280000 0.36465000
2 0 7
2217.30000000 -0.00000193
504.74000000 -0.00005796
142.87000000 -0.00079494
46.30000000 -0.00731250
16.33700000 -0.04057400
5.98280000 -0.09159400
1.67180000 0.20940000
3 0 1
0.64662000 1.00000000
4 0 1
0.21669000 1.00000000
5 1 4
60.42400000 0.00689490
13.93500000 0.04900500
4.15310000 0.18255000
1.41580000 0.37633000
6 1 1
0.47549000 1.00000000
7 1 1
0.14529000 1.00000000
8 2 1
2.20000000 1.00000000
9 2 1
0.65000000 1.00000000
10 3 1
1.10000000 1.00000000

O-FLUORINE F (PC-2) BASIS TYPE: 1
# 
10
1 0 7
19127.00000000 0.00052250
2868.90000000 0.00404000
653.04000000 0.02075900
184.85000000 0.08080000
59.94900000 0.23362000
21.19000000 0.43965000
7.78460000 0.37041000
2 0 7
2868.90000000 -0.00000226
653.04000000 -0.00005664
184.85000000 -0.00079782
59.94900000 -0.00727130
21.19000000 -0.04083100
7.78460000 -0.09293100
2.23050000 0.20228000
3 0 1
0.85409000 1.00000000
4 0 1
0.28336000 1.00000000
5 1 4
77.63900000 0.00703130
17.96500000 0.05013700
5.40050000 0.18553000
1.84230000 0.37546000
6 1 1
0.61532000 1.00000000
7 1 1
0.18489000 1.00000000
8 2 1
2.80000000 1.00000000
9 2 1
0.80000000 1.00000000
10 3 1
1.20000000 1.00000000

O-NEON NE (PC-2) BASIS TYPE: 1
# 
10
1 0 7
23880.00000000 0.00025835
3581.70000000 0.00199770
815.27000000 0.01026900
230.77000000 0.04003600
74.88400000 0.11619000
26.51800000 0.21959000
9.76920000 0.18608000
2 0 7
3581.70000000 -0.00000765
815.27000000 -0.00013638
230.77000000 -0.00206690
74.88400000 -0.01814000
26.51800000 -0.10379000
9.76920000 -0.23283000
2.83050000 0.50798000
3 0 1
1.07400000 1.00000000
4 0 1
0.35400000 1.00000000
5 1 4
97.10600000 0.00356680
22.54300000 0.02546700
6.81730000 0.09401600
2.32630000 0.18796000
6 1 1
0.77425000 1.00000000
7 1 1
0.23026000 1.00000000
8 2 1
3.00000000 1.00000000
9 2 1
0.85000000 1.00000000
10 3 1
1.30000000 1.00000000

O-SODIUM NA (PC-2) BASIS TYPE: 1
# 
9
1 0 9
64474.00000000 0.00019020
9667.50000000 0.00147490
2200.80000000 0.00767780
623.26000000 0.03133300
203.12000000 0.10269000
72.94400000 0.25598000
28.02600000 0.41517000
11.05500000 0.30473000
3.54900000 0.04114600
2 0 8
2200.80000000 -0.00001388
623.26000000 -0.00014242
203.12000000 -0.00181590
72.94400000 -0.01209300
28.02600000 -0.05682300
11.05500000 -0.10110000
3.54900000 0.22498000
1.40820000 0.51711000
3 0 9
2200.80000000 0.00000450
623.26000000 0.00005447
203.12000000 0.00061058
72.94400000 0.00417240
28.02600000 0.01823100
11.05500000 0.02901700
3.54900000 -0.05293200
1.40820000 0.16965000
0.51148000 0.88478000
4 0 1
0.06953400 1.00000000
5 0 1
0.02512000 1.00000000
6 1 7
230.53000000 0.00254200
54.20100000 0.01976800
17.40200000 0.08348000
6.31520000 0.23282000
2.40840000 0.38216000
0.90249000 0.37985000
0.31450000 0.16287000
7 1 1
0.12100000 1.00000000
8 1 1
0.03900000 1.00000000
9 2 1
0.24000000 1.00000000

O-MAGNESIUM MG (PC-2) BASIS TYPE: 1
# 
9
1 0 9
81017.00000000 0.00008905
12143.00000000 0.00069088
2763.80000000 0.00359990
782.58000000 0.01472100
255.03000000 0.04857200
91.62300000 0.12279000
35.24500000 0.20506000
13.96000000 0.15913000
4.74220000 0.02509900
2 0 9
12143.00000000 -0.00000052
2763.80000000 -0.00000408
782.58000000 -0.00008248
255.03000000 -0.00070727
91.62300000 -0.00549130
35.24500000 -0.02385900
13.96000000 -0.04982700
4.74220000 0.08349700
1.92840000 0.19563000
3 0 9
2763.80000000 -0.00001191
782.58000000 -0.00014781
255.03000000 -0.00168720
91.62300000 -0.01186400
35.24500000 -0.05598300
13.96000000 -0.11311000
4.74220000 0.18789000
1.92840000 0.71752000
0.72424000 0.53956000
4 0 1
0.12353000 1.00000000
5 0 1
0.04303200 1.00000000
6 1 7
309.05000000 0.00111300
72.89400000 0.00875690
23.49400000 0.03825400
8.56190000 0.11095000
3.30680000 0.19174000
1.26940000 0.19457000
0.46106000 0.07820400
7 1 1
0.17700000 1.00000000
8 1 1
0.05700000 1.00000000
9 2 1
0.30000000 1.00000000

O-ALUMINUM AL (PC-2) BASIS TYPE: 1
# 
12
1 0 9
99741.00000000 0.00016809
14949.00000000 0.00130410
3402.50000000 0.00679790
963.53000000 0.02784000
314.05000000 0.09235800
112.88000000 0.23633000
43.47400000 0.40484000
17.29200000 0.32992000
6.16220000 0.05852100
2 0 9
14949.00000000 -0.00000048
3402.50000000 -0.00000205
963.53000000 -0.00005573
314.05000000 -0.00041853
112.88000000 -0.00348130
43.47400000 -0.01486400
17.29200000 -0.03401200
6.16220000 0.04389600
2.52260000 0.11958000
3 0 9
3402.50000000 -0.00000556
963.53000000 -0.00006905
314.05000000 -0.00079085
112.88000000 -0.00564140
43.47400000 -0.02728800
17.29200000 -0.05953800
6.16220000 0.07239300
2.52260000 0.41226000
0.96874000 0.39165000
4 0 1
0.19251000 1.00000000
5 0 1
0.06781300 1.00000000
6 1 7
579.71000000 0.00105610
137.54000000 0.00863350
44.06700000 0.04322700
16.14800000 0.14168000
6.48880000 0.30352000
2.66320000 0.40389000
1.07920000 0.28642000
7 1 7
137.54000000 0.00002967
44.06700000 -0.00010593
16.14800000 -0.00017370
6.48880000 -0.00443150
2.66320000 -0.00441340
1.07920000 -0.00107230
0.39771000 0.17650000
8 1 1
0.13475000 1.00000000
9 1 1
0.04218500 1.00000000
10 2 1
1.47000000 1.00000000
11 2 1
0.33000000 1.00000000
12 3 1
0.48000000 1.00000000

O-SILICON SI (PC-2) BASIS TYPE: 1
# 
12
1 0 9
120040.00000000 0.00016075
17991.00000000 0.00124720
4094.80000000 0.00650400
1159.60000000 0.02666500
378.00000000 0.08881600
135.93000000 0.22932000
52.41100000 0.40025000
20.92700000 0.33828000
7.71300000 0.06551200
2 0 9
17991.00000000 -0.00000068
4094.80000000 -0.00000211
1159.60000000 -0.00006916
378.00000000 -0.00048080
135.93000000 -0.00416940
52.41100000 -0.01767400
20.92700000 -0.04289100
7.71300000 0.04536800
3.16040000 0.13904000
3 0 9
4094.80000000 -0.00000399
1159.60000000 -0.00005020
378.00000000 -0.00057553
135.93000000 -0.00415240
52.41100000 -0.02043700
20.92700000 -0.04699800
7.71300000 0.04398600
3.16040000 0.33957000
1.23480000 0.35038000
4 0 1
0.26775000 1.00000000
5 0 1
0.09406700 1.00000000
6 1 7
677.13000000 0.00109250
160.67000000 0.00896010
51.58500000 0.04474400
18.94800000 0.14748000
7.61630000 0.31480000
3.13170000 0.41339000
1.27030000 0.26440000
7 1 7
160.67000000 0.00000790
51.58500000 -0.00013613
18.94800000 -0.00090378
7.61630000 -0.00558630
3.13170000 -0.01014100
1.27030000 0.01866100
0.43332000 0.28890000
8 1 1
0.16088000 1.00000000
9 1 1
0.05488300 1.00000000
10 2 1
1.68000000 1.00000000
11 2 1
0.38000000 1.00000000
12 3 1
0.54000000 1.00000000

O-PHOSPHOROUS P (PC-2) BASIS TYPE: 1
# 
12
1 0 9
145680.00000000 0.00015016
21836.00000000 0.00116500
4969.90000000 0.00607980
1407.30000000 0.02496800
458.78000000 0.08363700
165.08000000 0.21863000
63.74400000 0.39234000
25.59800000 0.35038000
9.93070000 0.07728700
2 0 9
21836.00000000 -0.00000105
4969.90000000 -0.00000168
1407.30000000 -0.00008760
458.78000000 -0.00052745
165.08000000 -0.00495750
63.74400000 -0.02053500
25.59800000 -0.05503000
9.93070000 0.04158300
3.96860000 0.17029000
3 0 9
4969.90000000 -0.00000249
1407.30000000 -0.00003095
458.78000000 -0.00035776
165.08000000 -0.00261230
63.74400000 -0.01320400
25.59800000 -0.03284800
9.93070000 0.01818200
3.96860000 0.25722000
1.55650000 0.30682000
4 0 1
0.35404000 1.00000000
5 0 1
0.12394000 1.00000000
6 1 7
826.23000000 0.00102250
196.02000000 0.00844720
62.95100000 0.04266400
23.22200000 0.14239000
9.38850000 0.31059000
3.89970000 0.41672000
1.60480000 0.26618000
7 1 7
196.02000000 0.00000411
62.95100000 -0.00015057
23.22200000 -0.00111410
9.38850000 -0.00649420
3.89970000 -0.01246900
1.60480000 0.02345800
0.56053000 0.32270000
8 1 1
0.21175000 1.00000000
9 1 1
0.07348600 1.00000000
10 2 1
1.89000000 1.00000000
11 2 1
0.43000000 1.00000000
12 3 1
0.60000000 1.00000000

O-SULFUR S (PC-2) BASIS TYPE: 1
# 
12
1 0 9
172030.00000000 0.00014353
25783.00000000 0.00111370
5868.20000000 0.00581430
1661.70000000 0.02390300
541.75000000 0.08035400
195.01000000 0.21175000
75.39600000 0.38664000
30.40700000 0.35747000
12.12100000 0.08613100
2 0 9
25783.00000000 -0.00000119
5868.20000000 -0.00000123
1661.70000000 -0.00009048
541.75000000 -0.00050105
195.01000000 -0.00495100
75.39600000 -0.02025200
30.40700000 -0.05738800
12.12100000 0.03484700
4.77770000 0.16833000
3 0 9
5868.20000000 -0.00000220
1661.70000000 -0.00002837
541.75000000 -0.00032591
195.01000000 -0.00241310
75.39600000 -0.01235200
30.40700000 -0.03211900
12.12100000 0.01161100
4.77770000 0.25542000
1.89060000 0.31384000
4 0 1
0.44686000 1.00000000
5 0 1
0.15621000 1.00000000
6 1 7
968.12000000 0.00100480
229.70000000 0.00833130
73.83300000 0.04226000
27.31200000 0.14206000
11.07400000 0.31256000
4.63070000 0.41933000
1.92990000 0.25924000
7 1 7
229.70000000 -0.00000807
73.83300000 -0.00016943
27.31200000 -0.00152430
11.07400000 -0.00719930
4.63070000 -0.01611300
1.92990000 0.03423400
0.68783000 0.35518000
8 1 1
0.25663000 1.00000000
9 1 1
0.08725100 1.00000000
10 2 1
2.10000000 1.00000000
11 2 1
0.48000000 1.00000000
12 3 1
0.66000000 1.00000000

O-CHLORINE CL (PC-2) BASIS TYPE: 1
# 
12
1 0 9
201150.00000000 0.00013753
30146.00000000 0.00106710
6861.00000000 0.00557370
1942.80000000 0.02293500
633.42000000 0.07735400
228.10000000 0.20534000
88.28800000 0.38093000
35.75000000 0.36361000
14.57100000 0.09518200
2 0 9
30146.00000000 -0.00000134
6861.00000000 -0.00000095
1942.80000000 -0.00009465
633.42000000 -0.00048337
228.10000000 -0.00500090
88.28800000 -0.02023000
35.75000000 -0.06020900
14.57100000 0.02919500
5.65800000 0.16993000
3 0 9
6861.00000000 -0.00000197
1942.80000000 -0.00002487
633.42000000 -0.00028967
228.10000000 -0.00215130
88.28800000 -0.01119500
35.75000000 -0.03018000
14.57100000 0.00594560
5.65800000 0.24702000
2.25540000 0.31412000
4 0 1
0.54947000 1.00000000
5 0 1
0.19126000 1.00000000
6 1 7
1129.90000000 0.00097621
268.06000000 0.00812600
86.22200000 0.04143300
31.97900000 0.14035000
13.00800000 0.31207000
5.47660000 0.42099000
2.30900000 0.25664000
7 1 7
268.06000000 -0.00001160
86.22200000 -0.00018289
31.97900000 -0.00171700
13.00800000 -0.00789740
5.47660000 -0.01823700
2.30900000 0.04003500
0.84601000 0.36717000
8 1 1
0.31659000 1.00000000
9 1 1
0.10716000 1.00000000
10 2 1
2.31000000 1.00000000
11 2 1
0.52000000 1.00000000
12 3 1
0.72000000 1.00000000

O-ARGON AR (PC-2) BASIS TYPE: 1
# 
12
1 0 9
232510.00000000 0.00006626
34844.00000000 0.00051412
7930.30000000 0.00268610
2245.70000000 0.01106200
732.22000000 0.03740800
263.77000000 0.09992800
102.19000000 0.18788000
41.52500000 0.18427000
17.20200000 0.05178200
2 0 9
34844.00000000 -0.00000706
7930.30000000 -0.00000242
2245.70000000 -0.00047564
732.22000000 -0.00227710
263.77000000 -0.02452700
102.19000000 -0.09819400
41.52500000 -0.30459000
17.20200000 0.11940000
6.59670000 0.83173000
3 0 9
7930.30000000 -0.00000094
2245.70000000 -0.00001183
732.22000000 -0.00013817
263.77000000 -0.00103240
102.19000000 -0.00543290
41.52500000 -0.01508500
17.20200000 0.00111200
6.59670000 0.12461000
2.64770000 0.16083000
4 0 1
0.66193000 1.00000000
5 0 1
0.22901000 1.00000000
6 1 7
1297.70000000 0.00047997
307.86000000 0.00400670
99.09600000 0.02049700
36.83700000 0.06981900
15.02700000 0.15625000
6.36620000 0.21099000
2.71100000 0.12665000
7 1 7
307.86000000 -0.00000664
99.09600000 -0.00009881
36.83700000 -0.00093571
15.02700000 -0.00431330
6.36620000 -0.00986480
2.71100000 0.02233400
1.01820000 0.18833000
8 1 1
0.38274000 1.00000000
9 1 1
0.12946000 1.00000000
10 2 1
2.52000000 1.00000000
11 2 1
0.57000000 1.00000000
12 3 1
0.78000000 1.00000000

