  pc-3  EMSL  Basis Set Exchange Library   7/22/12 8:59 PM 
 Elements                             References 
 H C N O F: Frank Jensen, Polarization consistent basis sets: Principles, J. Chem. Phys. 115, 9113 (2001). 
 H C N O F: Frank Jensen, Polarization consistent basis sets. II. Estimating the Kohn-Sham basis set limit, J. Chem. Phys. 116, 7372 (2002). 
 Si P S Cl: Frank Jensen, Trygve Helgaker, Polarization consistent basis sets. V. The elements Si-Cl, J. Chem. Phys. 121, 3463 (2004). 
 He Li Be B Ne Na Mg Al Ar: Frank Jensen, Polarization consistent basis sets. VI. The elements He, Li, Be, B, Ne, Na, Mg, Al, Ar, J. Phys. Chem. A 111 (44), 11198 -11204, 2007 
  
O-HYDROGEN H (PC-3) BASIS TYPE: 1
# 
12
1 0 5
774.69000000 0.00131630
116.16000000 0.01022600
26.44900000 0.05362900
7.50150000 0.22285000
2.45680000 0.75374000
2 0 1
0.88774000 1.00000000
3 0 1
0.34085000 1.00000000
4 0 1
0.13477000 1.00000000
5 0 1
0.05226300 1.00000000
6 1 1
6.50000000 1.00000000
7 1 1
1.55000000 1.00000000
8 1 1
0.55000000 1.00000000
9 1 1
0.20000000 1.00000000
10 2 1
1.95000000 1.00000000
11 2 1
0.65000000 1.00000000
12 3 1
2.20000000 1.00000000

O-HYDROGEN E+ (PC-3) BASIS TYPE: 1
# 
12
1 0 5
774.69000000 0.00131630
116.16000000 0.01022600
26.44900000 0.05362900
7.50150000 0.22285000
2.45680000 0.75374000
2 0 1
0.88774000 1.00000000
3 0 1
0.34085000 1.00000000
4 0 1
0.13477000 1.00000000
5 0 1
0.05226300 1.00000000
6 1 1
6.50000000 1.00000000
7 1 1
1.55000000 1.00000000
8 1 1
0.55000000 1.00000000
9 1 1
0.20000000 1.00000000
10 2 1
1.95000000 1.00000000
11 2 1
0.65000000 1.00000000
12 3 1
2.20000000 1.00000000

O-HELIUM HE (PC-3) BASIS TYPE: 1
# 
12
1 0 5
2167.40000000 0.00084153
324.99000000 0.00652740
73.99400000 0.03399500
20.97500000 0.13811000
6.84520000 0.44195000
2 0 1
2.43940000 1.00000000
3 0 1
0.90251000 1.00000000
4 0 1
0.33313000 1.00000000
5 0 1
0.12413000 1.00000000
6 1 1
10.70000000 1.00000000
7 1 1
2.55000000 1.00000000
8 1 1
0.90000000 1.00000000
9 1 1
0.33000000 1.00000000
10 2 1
3.20000000 1.00000000
11 2 1
1.07000000 1.00000000
12 3 1
3.20000000 1.00000000

O-LITHIUM LI (PC-3) BASIS TYPE: 1
# 
12
1 0 9
13018.00000000 0.00005145
1950.10000000 0.00039716
443.84000000 0.00210140
125.76000000 0.00864300
41.09400000 0.03057700
14.88200000 0.08539700
5.80750000 0.19415000
2.38910000 0.28592000
1.01840000 0.30530000
2 0 9
1950.10000000 0.00000153
443.84000000 -0.00000310
125.76000000 0.00005703
41.09400000 -0.00003847
14.88200000 0.00143160
5.80750000 0.00164970
2.38910000 0.02368500
1.01840000 0.02024700
0.44404000 0.10064000
3 0 1
0.19405000 1.00000000
4 0 1
0.08403900 1.00000000
5 0 1
0.03792100 1.00000000
6 0 1
0.01664000 1.00000000
7 1 4
15.40000000 0.00102953
3.59000000 0.00833218
1.09000000 0.02929890
0.35000000 0.11954800
8 1 1
0.13000000 1.00000000
9 1 1
0.05000000 1.00000000
10 2 1
0.48000000 1.00000000
11 2 1
0.15000000 1.00000000
12 3 1
0.35000000 1.00000000

O-BERYLLIUM BE (PC-3) BASIS TYPE: 1
# 
12
1 0 9
26673.00000000 0.00002197
3996.30000000 0.00016954
909.67000000 0.00089757
257.77000000 0.00369380
84.23400000 0.01314100
30.54500000 0.03717900
12.02000000 0.08599900
5.04950000 0.13048000
2.17190000 0.13871000
2 0 9
3996.30000000 0.00000493
909.67000000 -0.00000913
257.77000000 0.00019440
84.23400000 0.00000956
30.54500000 0.00570280
12.02000000 0.01234400
5.04950000 0.10403000
2.17190000 0.18882000
0.93410000 0.42111000
3 0 1
0.38918000 1.00000000
4 0 1
0.17402000 1.00000000
5 0 1
0.07602800 1.00000000
6 0 1
0.03226500 1.00000000
7 1 4
27.80000000 0.00146992
6.46000000 0.01290300
1.96000000 0.04633670
0.63000000 0.18363000
8 1 1
0.24000000 1.00000000
9 1 1
0.09000000 1.00000000
10 2 1
0.80000000 1.00000000
11 2 1
0.25000000 1.00000000
12 3 1
0.55000000 1.00000000

O-BORON B (PC-3) BASIS TYPE: 1
# 
18
1 0 9
57415.00000000 0.00002984
8601.50000000 0.00023044
1957.80000000 0.00121950
554.61000000 0.00504630
181.05000000 0.01812300
65.49100000 0.05331800
25.59900000 0.13277000
10.53200000 0.23069000
4.44650000 0.25545000
2 0 9
8601.50000000 0.00000428
1957.80000000 -0.00000707
554.61000000 0.00017669
181.05000000 0.00013538
65.49100000 0.00601230
25.59900000 0.01984700
10.53200000 0.14467000
4.44650000 0.39360000
1.88320000 0.80698000
3 0 1
0.69831000 1.00000000
4 0 1
0.34310000 1.00000000
5 0 1
0.14276000 1.00000000
6 0 1
0.05815700 1.00000000
7 1 5
90.11100000 0.00055817
21.16500000 0.00455240
6.56180000 0.02231300
2.56460000 0.05947100
1.05100000 0.16256000
8 1 1
0.45193000 1.00000000
9 1 1
0.19468000 1.00000000
10 1 1
0.08321200 1.00000000
11 1 1
0.03329700 1.00000000
12 2 1
4.00000000 1.00000000
13 2 1
1.05000000 1.00000000
14 2 1
0.40000000 1.00000000
15 2 1
0.15000000 1.00000000
16 3 1
1.20000000 1.00000000
17 3 1
0.52000000 1.00000000
18 4 1
1.30000000 1.00000000

O-CARBON C (PC-3) BASIS TYPE: 1
# 
18
1 0 9
87141.00000000 0.00002818
13052.00000000 0.00021819
2970.60000000 0.00115110
841.46000000 0.00478590
274.59000000 0.01713400
99.21500000 0.05112000
38.69400000 0.12805000
15.91100000 0.22773000
6.76680000 0.24758000
2 0 9
13052.00000000 0.00000259
2970.60000000 -0.00000309
841.46000000 0.00012247
274.59000000 0.00025494
99.21500000 0.00512540
38.69400000 0.02195500
15.91100000 0.14112000
6.76680000 0.41303000
2.89840000 0.82714000
3 0 1
1.12460000 1.00000000
4 0 1
0.51446000 1.00000000
5 0 1
0.21176000 1.00000000
6 0 1
0.08501700 1.00000000
7 1 5
148.24000000 0.00050756
34.91200000 0.00421260
10.89400000 0.02133500
4.19340000 0.06232900
1.71340000 0.16642000
8 1 1
0.73566000 1.00000000
9 1 1
0.31637000 1.00000000
10 1 1
0.13242000 1.00000000
11 1 1
0.05190100 1.00000000
12 2 1
5.20000000 1.00000000
13 2 1
1.35000000 1.00000000
14 2 1
0.52000000 1.00000000
15 2 1
0.20000000 1.00000000
16 3 1
1.50000000 1.00000000
17 3 1
0.65000000 1.00000000
18 4 1
1.40000000 1.00000000

O-NITROGEN N (PC-3) BASIS TYPE: 1
# 
18
1 0 9
124550.00000000 0.00002667
4245.10000000 0.00108930
18656.00000000 0.00020684
1202.10000000 0.00454630
392.14000000 0.01623700
141.58000000 0.04895700
55.13600000 0.12317000
22.64300000 0.22425000
9.65660000 0.23876000
2 0 8
18656.00000000 0.00000141
1202.10000000 0.00008144
392.14000000 0.00032439
141.58000000 0.00436210
55.13600000 0.02283800
22.64300000 0.13462000
9.65660000 0.42501000
4.16850000 0.82517000
3 0 1
1.66780000 1.00000000
4 0 1
0.74574000 1.00000000
5 0 1
0.30516000 1.00000000
6 0 1
0.12089000 1.00000000
7 1 5
218.29000000 0.00048281
51.48800000 0.00404200
16.13000000 0.02094600
6.13070000 0.06475700
2.50520000 0.17042000
8 1 1
1.07300000 1.00000000
9 1 1
0.45838000 1.00000000
10 1 1
0.18948000 1.00000000
11 1 1
0.07335900 1.00000000
12 2 1
6.00000000 1.00000000
13 2 1
1.65000000 1.00000000
14 2 1
0.65000000 1.00000000
15 2 1
0.25000000 1.00000000
16 3 1
1.80000000 1.00000000
17 3 1
0.77000000 1.00000000
18 4 1
1.50000000 1.00000000

O-OXYGEN O (PC-3) BASIS TYPE: 1
# 
18
1 0 9
164030.00000000 0.00002652
5591.00000000 0.00108270
24567.00000000 0.00020571
1583.60000000 0.00451900
516.67000000 0.01613500
186.56000000 0.04871600
72.69600000 0.12268000
29.99200000 0.22189000
12.89900000 0.23904000
2 0 8
24567.00000000 0.00000133
1583.60000000 0.00008025
516.67000000 0.00034512
186.56000000 0.00444840
72.69600000 0.02360100
29.99200000 0.13861000
12.89900000 0.42872000
5.61350000 0.84873000
3 0 1
2.29860000 1.00000000
4 0 1
0.99980000 1.00000000
5 0 1
0.40746000 1.00000000
6 0 1
0.15922000 1.00000000
7 1 5
272.02000000 0.00054941
64.24300000 0.00458340
20.24900000 0.02357300
7.64380000 0.07433800
3.12320000 0.18755000
8 1 1
1.32510000 1.00000000
9 1 1
0.55551000 1.00000000
10 1 1
0.22229000 1.00000000
11 1 1
0.08401000 1.00000000
12 2 1
7.00000000 1.00000000
13 2 1
2.00000000 1.00000000
14 2 1
0.80000000 1.00000000
15 2 1
0.30000000 1.00000000
16 3 1
2.10000000 1.00000000
17 3 1
0.90000000 1.00000000
18 4 1
1.60000000 1.00000000

O-FLUORINE F (PC-3) BASIS TYPE: 1
# 
18
1 0 9
215660.00000000 0.00002538
7350.40000000 0.00103600
32299.00000000 0.00019693
2081.80000000 0.00432940
679.09000000 0.01546200
245.10000000 0.04690300
95.46200000 0.11881000
39.42200000 0.21711000
17.01800000 0.23699000
2 0 8
32299.00000000 0.00000102
2081.80000000 0.00006810
679.09000000 0.00034620
245.10000000 0.00413970
95.46200000 0.02307300
39.42200000 0.13395000
17.01800000 0.42246000
7.45250000 0.85999000
3 0 1
3.13290000 1.00000000
4 0 1
1.33950000 1.00000000
5 0 1
0.54218000 1.00000000
6 0 1
0.20904000 1.00000000
7 1 5
351.22000000 0.00055263
82.97800000 0.00462850
26.26700000 0.02380200
9.93070000 0.07626200
4.06700000 0.18964000
8 1 1
1.72460000 1.00000000
9 1 1
0.71976000 1.00000000
10 1 1
0.28624000 1.00000000
11 1 1
0.10789000 1.00000000
12 2 1
8.40000000 1.00000000
13 2 1
2.60000000 1.00000000
14 2 1
1.00000000 1.00000000
15 2 1
0.35000000 1.00000000
16 3 1
2.60000000 1.00000000
17 3 1
1.05000000 1.00000000
18 4 1
1.70000000 1.00000000

O-NEON NE (PC-3) BASIS TYPE: 1
# 
18
1 0 9
270660.00000000 0.00001247
40541.00000000 0.00009678
9226.50000000 0.00050863
2613.20000000 0.00212860
852.39000000 0.00759220
307.61000000 0.02311600
119.76000000 0.05861400
49.43700000 0.10807000
21.36900000 0.11660000
2 0 8
9226.50000000 0.00000065
2613.20000000 0.00002741
852.39000000 0.00018661
307.61000000 0.00194920
119.76000000 0.01177300
49.43700000 0.06614600
21.36900000 0.21457000
9.39210000 0.42987000
3 0 1
3.98320000 1.00000000
4 0 1
1.68870000 1.00000000
5 0 1
0.68030000 1.00000000
6 0 1
0.26024000 1.00000000
7 1 5
443.45000000 0.00274680
104.82000000 0.02308100
33.25500000 0.11930000
12.54800000 0.38863000
5.14210000 0.95790000
8 1 1
2.17830000 1.00000000
9 1 1
0.90645000 1.00000000
10 1 1
0.35994000 1.00000000
11 1 1
0.13515000 1.00000000
12 2 1
10.00000000 1.00000000
13 2 1
3.00000000 1.00000000
14 2 1
1.15000000 1.00000000
15 2 1
0.40000000 1.00000000
16 3 1
2.80000000 1.00000000
17 3 1
1.15000000 1.00000000
18 4 1
1.80000000 1.00000000

O-SODIUM NA (PC-3) BASIS TYPE: 1
# 
13
1 0 12
421840.00000000 0.00001821
63188.00000000 0.00014153
14381.00000000 0.00074380
4073.70000000 0.00312730
1329.10000000 0.01124900
479.99000000 0.03529200
187.36000000 0.09539000
77.77000000 0.21001000
33.79900000 0.34417000
15.12700000 0.32701000
6.93200000 0.12122000
2.76510000 0.00644090
2 0 10
4073.70000000 -0.00000659
1329.10000000 -0.00001064
479.99000000 -0.00026565
187.36000000 -0.00112860
77.77000000 -0.00804960
33.79900000 -0.02603700
15.12700000 -0.07062200
6.93200000 -0.01221700
2.76510000 0.26047000
1.13970000 0.35925000
3 0 10
1329.10000000 -0.00000126
479.99000000 -0.00001103
187.36000000 -0.00007692
77.77000000 -0.00043274
33.79900000 -0.00169970
15.12700000 -0.00435420
6.93200000 -0.00178400
2.76510000 0.02523700
1.13970000 0.07668600
0.45213000 0.11132000
4 0 1
0.08260300 1.00000000
5 0 1
0.04151000 1.00000000
6 0 1
0.01861800 1.00000000
7 1 9
1156.80000000 0.00015835
274.42000000 0.00137160
89.13900000 0.00740860
33.25900000 0.03121400
13.55700000 0.09092000
5.96240000 0.20137000
2.68240000 0.30732000
1.19710000 0.33347000
0.51789000 0.22947000
8 1 1
0.21331000 1.00000000
9 1 1
0.10000000 1.00000000
10 1 1
0.03700000 1.00000000
11 2 1
0.91000000 1.00000000
12 2 1
0.19000000 1.00000000
13 3 1
0.27000000 1.00000000

O-MAGNESIUM MG (PC-3) BASIS TYPE: 1
# 
13
1 0 12
564790.00000000 0.00000788
84589.00000000 0.00006122
19251.00000000 0.00032179
5452.80000000 0.00135380
1779.10000000 0.00487800
642.58000000 0.01537600
250.92000000 0.04208100
104.19000000 0.09518700
45.27500000 0.16414000
20.31800000 0.17119000
9.33190000 0.07662600
3.69780000 0.00637870
2 0 10
5452.80000000 -0.00000299
1779.10000000 -0.00000639
642.58000000 -0.00013096
250.92000000 -0.00060781
104.19000000 -0.00421360
45.27500000 -0.01490900
20.31800000 -0.04186800
9.33190000 -0.02166700
3.69780000 0.14599000
1.57250000 0.20166000
3 0 10
1779.10000000 0.00000380
642.58000000 0.00003105
250.92000000 0.00022284
104.19000000 0.00120920
45.27500000 0.00476660
20.31800000 0.01026900
9.33190000 0.00471000
3.69780000 -0.01339800
1.57250000 0.23482000
0.64949000 0.48791000
4 0 1
0.15901000 1.00000000
5 0 1
0.07166500 1.00000000
6 0 1
0.02994200 1.00000000
7 1 9
1516.90000000 0.00007161
359.79000000 0.00062314
116.76000000 0.00341360
43.58000000 0.01453100
17.92600000 0.04287000
7.93560000 0.09778900
3.60380000 0.15457000
1.64410000 0.16828000
0.74112000 0.11333000
8 1 1
0.31666000 1.00000000
9 1 1
0.14900000 1.00000000
10 1 1
0.05500000 1.00000000
11 2 1
1.20000000 1.00000000
12 2 1
0.25000000 1.00000000
13 3 1
0.33000000 1.00000000

O-ALUMINUM AL (PC-3) BASIS TYPE: 1
# 
18
1 0 12
721490.00000000 0.00001419
108090.00000000 0.00011026
24605.00000000 0.00057946
6971.40000000 0.00243790
2274.90000000 0.00879450
821.60000000 0.02782100
320.78000000 0.07681600
133.15000000 0.17710000
57.81700000 0.31603000
25.95400000 0.35108000
11.89900000 0.17619000
4.74990000 0.01826800
2 0 10
6971.40000000 -0.00000493
2274.90000000 -0.00000863
821.60000000 -0.00020373
320.78000000 -0.00091455
133.15000000 -0.00657840
57.81700000 -0.02395500
25.95400000 -0.07103100
11.89900000 -0.05045400
4.74990000 0.22311000
2.06880000 0.34708000
3 0 10
2274.90000000 -0.00000016
821.60000000 -0.00000132
320.78000000 -0.00000982
133.15000000 -0.00006244
57.81700000 -0.00030825
25.95400000 -0.00125880
11.89900000 -0.00186120
4.74990000 0.01120900
2.06880000 0.08354100
0.87779000 0.13466000
4 0 1
0.24951000 1.00000000
5 0 1
0.11462000 1.00000000
6 0 1
0.04819300 1.00000000
7 1 9
2019.70000000 0.00012156
478.63000000 0.00106070
155.02000000 0.00593650
57.90400000 0.02538200
24.14000000 0.07618800
10.78900000 0.17997000
4.97300000 0.30275000
2.31610000 0.34478000
1.07910000 0.23763000
8 1 9
478.63000000 0.00005424
155.02000000 -0.00003765
57.90400000 0.00089364
24.14000000 -0.00359030
10.78900000 -0.00368970
4.97300000 -0.05406900
2.31610000 -0.03337300
1.07910000 0.00454730
0.49159000 0.87054000
9 1 1
0.20482000 1.00000000
10 1 1
0.07925600 1.00000000
11 1 1
0.02892800 1.00000000
12 2 1
5.60000000 1.00000000
13 2 1
1.47000000 1.00000000
14 2 1
0.44000000 1.00000000
15 2 1
0.16000000 1.00000000
16 3 1
0.96000000 1.00000000
17 3 1
0.32000000 1.00000000
18 4 1
0.58000000 1.00000000

O-SILICON SI (PC-3) BASIS TYPE: 1
# 
18
1 0 12
877450.00000000 0.00001340
131450.00000000 0.00010407
29929.00000000 0.00054678
8480.20000000 0.00230100
2767.20000000 0.00830540
999.40000000 0.02632200
390.14000000 0.07303300
161.91000000 0.17010000
70.30400000 0.30891000
31.57900000 0.35473000
14.48000000 0.18872000
5.83830000 0.02195300
2 0 10
8480.20000000 -0.00000422
2767.20000000 -0.00000634
999.40000000 -0.00016910
390.14000000 -0.00073715
161.91000000 -0.00544610
70.30400000 -0.02001000
31.57900000 -0.06137300
14.48000000 -0.04900200
5.83830000 0.17627000
2.59460000 0.30080000
3 0 10
2767.20000000 -0.00000118
999.40000000 -0.00001035
390.14000000 -0.00007432
161.91000000 -0.00043713
70.30400000 -0.00193740
31.57900000 -0.00585630
14.48000000 -0.00683610
5.83830000 0.02787000
2.59460000 0.12767000
1.12500000 0.17422000
4 0 1
0.35356000 1.00000000
5 0 1
0.16160000 1.00000000
6 0 1
0.06726100 1.00000000
7 1 9
2303.10000000 0.00013105
545.84000000 0.00114650
177.05000000 0.00636520
66.37700000 0.02719700
27.60100000 0.08192500
12.34300000 0.19147000
5.68940000 0.31583000
2.64060000 0.35183000
1.20940000 0.21292000
8 1 9
545.84000000 0.00000612
177.05000000 -0.00000590
66.37700000 0.00008645
27.60100000 -0.00053049
12.34300000 -0.00089038
5.68940000 -0.00798250
2.64060000 -0.00376310
1.20940000 0.01078700
0.52013000 0.18186000
9 1 1
0.23256000 1.00000000
10 1 1
0.09814100 1.00000000
11 1 1
0.03836000 1.00000000
12 2 1
6.66000000 1.00000000
13 2 1
1.75000000 1.00000000
14 2 1
0.52000000 1.00000000
15 2 1
0.19000000 1.00000000
16 3 1
1.15000000 1.00000000
17 3 1
0.38000000 1.00000000
18 4 1
0.65000000 1.00000000

O-PHOSPHOROUS P (PC-3) BASIS TYPE: 1
# 
18
1 0 12
1063700.00000000 0.00001251
160000.00000000 0.00009667
36513.00000000 0.00050682
10359.00000000 0.00213100
3382.80000000 0.00769250
1222.30000000 0.02442100
477.30000000 0.06812200
198.09000000 0.16069000
85.99400000 0.29867000
38.62700000 0.35878000
17.68800000 0.20616000
7.25510000 0.02738600
2 0 10
10359.00000000 -0.00000345
3382.80000000 -0.00000534
1222.30000000 -0.00013814
477.30000000 -0.00060882
198.09000000 -0.00450640
85.99400000 -0.01707100
38.62700000 -0.05395400
17.68800000 -0.05149400
7.25510000 0.13758000
3.26990000 0.27525000
3 0 10
3382.80000000 -0.00000176
1222.30000000 -0.00001580
477.30000000 -0.00011353
198.09000000 -0.00067329
85.99400000 -0.00303140
38.62700000 -0.00922920
17.68800000 -0.01193600
7.25510000 0.03572500
3.26990000 0.15875000
1.43130000 0.21236000
4 0 1
0.47047000 1.00000000
5 0 1
0.21289000 1.00000000
6 0 1
0.08774200 1.00000000
7 1 9
2762.20000000 0.00012618
654.78000000 0.00110480
212.58000000 0.00614830
79.89500000 0.02630700
33.36600000 0.07986600
14.98600000 0.18840000
6.96800000 0.31362000
3.28180000 0.35326000
1.52470000 0.21366000
8 1 9
654.78000000 0.00000596
212.58000000 -0.00000681
79.89500000 0.00007451
33.36600000 -0.00060664
14.98600000 -0.00126040
6.96800000 -0.00947190
3.28180000 -0.00440140
1.52470000 0.01246600
0.66924000 0.21343000
9 1 1
0.29929000 1.00000000
10 1 1
0.12811000 1.00000000
11 1 1
0.05099200 1.00000000
12 2 1
7.71000000 1.00000000
13 2 1
2.03000000 1.00000000
14 2 1
0.60000000 1.00000000
15 2 1
0.22000000 1.00000000
16 3 1
1.34000000 1.00000000
17 3 1
0.45000000 1.00000000
18 4 1
0.72000000 1.00000000

O-SULFUR S (PC-3) BASIS TYPE: 1
# 
18
1 0 12
1250400.00000000 0.00001202
188080.00000000 0.00009294
42918.00000000 0.00048720
12179.00000000 0.00204790
3978.70000000 0.00738970
1438.10000000 0.02348100
561.67000000 0.06568500
233.11000000 0.15597000
101.22000000 0.29322000
45.49300000 0.36011000
20.84700000 0.21506000
8.64920000 0.03078200
2 0 10
12179.00000000 -0.00000304
3978.70000000 -0.00000465
1438.10000000 -0.00012316
561.67000000 -0.00054723
233.11000000 -0.00407020
101.22000000 -0.01565200
45.49300000 -0.05030900
20.84700000 -0.05151700
8.64920000 0.11823000
3.94560000 0.25628000
3 0 10
3978.70000000 -0.00000231
1438.10000000 -0.00001956
561.67000000 -0.00014386
233.11000000 -0.00084419
101.22000000 -0.00386210
45.49300000 -0.01181300
20.84700000 -0.01611400
8.64920000 0.04149200
3.94560000 0.18517000
1.74720000 0.23963000
4 0 1
0.59953000 1.00000000
5 0 1
0.27127000 1.00000000
6 0 1
0.11080000 1.00000000
7 1 9
3285.80000000 0.00012062
778.93000000 0.00105870
252.76000000 0.00591910
95.10000000 0.02540500
39.82000000 0.07785900
17.92500000 0.18578000
8.36990000 0.31347000
3.96550000 0.35718000
1.85400000 0.21179000
8 1 9
778.93000000 0.00000424
252.76000000 -0.00000743
95.10000000 0.00002773
39.82000000 -0.00065028
17.92500000 -0.00189330
8.36990000 -0.01019100
3.96550000 -0.00762910
1.85400000 0.02103200
0.81971000 0.24347000
9 1 1
0.36117000 1.00000000
10 1 1
0.15097000 1.00000000
11 1 1
0.05962000 1.00000000
12 2 1
8.76000000 1.00000000
13 2 1
2.30000000 1.00000000
14 2 1
0.68000000 1.00000000
15 2 1
0.25000000 1.00000000
16 3 1
1.53000000 1.00000000
17 3 1
0.51000000 1.00000000
18 4 1
0.79000000 1.00000000

O-CHLORINE CL (PC-3) BASIS TYPE: 1
# 
18
1 0 12
1461100.00000000 0.00001153
219590.00000000 0.00008923
50085.00000000 0.00046811
14206.00000000 0.00196920
4638.90000000 0.00711120
1676.30000000 0.02262500
654.51000000 0.06348800
271.53000000 0.15173000
117.87000000 0.28826000
52.98400000 0.36113000
24.29200000 0.22303000
10.18400000 0.03403100
2 0 10
14206.00000000 -0.00000271
4638.90000000 -0.00000432
1676.30000000 -0.00010907
654.51000000 -0.00048853
271.53000000 -0.00363270
117.87000000 -0.01414200
52.98400000 -0.04616700
24.29200000 -0.05010700
10.18400000 0.09999900
4.69280000 0.23750000
3 0 10
4638.90000000 -0.00000287
1676.30000000 -0.00002495
654.51000000 -0.00018272
271.53000000 -0.00108210
117.87000000 -0.00498460
52.98400000 -0.01541400
24.29200000 -0.02177400
10.18400000 0.04888100
4.69280000 0.21808000
2.09740000 0.27412000
4 0 1
0.74867000 1.00000000
5 0 1
0.33613000 1.00000000
6 0 1
0.13573000 1.00000000
7 1 9
3845.70000000 0.00011653
911.23000000 0.00102500
295.64000000 0.00574810
111.40000000 0.02470000
46.76700000 0.07626300
21.10600000 0.18343000
9.90580000 0.31219000
4.73470000 0.35836000
2.23640000 0.21176000
8 1 9
911.23000000 0.00000358
295.64000000 -0.00000778
111.40000000 0.00000677
46.76700000 -0.00069394
21.10600000 -0.00225630
9.90580000 -0.01101800
4.73470000 -0.00936630
2.23640000 0.02517100
1.00710000 0.25574000
9 1 1
0.44369000 1.00000000
10 1 1
0.18488000 1.00000000
11 1 1
0.07326800 1.00000000
12 2 1
9.81000000 1.00000000
13 2 1
2.58000000 1.00000000
14 2 1
0.76000000 1.00000000
15 2 1
0.28000000 1.00000000
16 3 1
1.72000000 1.00000000
17 3 1
0.57000000 1.00000000
18 4 1
0.86000000 1.00000000

O-ARGON AR (PC-3) BASIS TYPE: 1
# 
18
1 0 12
1702200.00000000 0.00000551
254910.00000000 0.00004283
58011.00000000 0.00022523
16431.00000000 0.00094887
5360.50000000 0.00343160
1935.40000000 0.01093900
755.09000000 0.03079100
313.08000000 0.07398700
135.88000000 0.14187000
61.09200000 0.18089000
28.02400000 0.11508000
11.86000000 0.01857900
2 0 10
16431.00000000 -0.00000120
5360.50000000 -0.00000200
1935.40000000 -0.00004943
755.09000000 -0.00022448
313.08000000 -0.00166520
135.88000000 -0.00657890
61.09200000 -0.02173400
28.02400000 -0.02485100
11.86000000 0.04358600
5.51170000 0.11336000
3 0 10
5360.50000000 -0.00000162
1935.40000000 -0.00001423
755.09000000 -0.00010427
313.08000000 -0.00062078
135.88000000 -0.00288130
61.09200000 -0.00902010
28.02400000 -0.01322600
11.86000000 0.02632900
5.51170000 0.12105000
2.48220000 0.15170000
4 0 1
0.91761000 1.00000000
5 0 1
0.40703000 1.00000000
6 0 1
0.16238000 1.00000000
7 1 9
4415.50000000 0.00005728
1046.30000000 0.00050427
339.54000000 0.00283210
128.10000000 0.01218600
53.82300000 0.03792400
24.30700000 0.09176200
11.44000000 0.15656000
5.51320000 0.17875000
2.63310000 0.10447000
8 1 9
1046.30000000 0.00000148
339.54000000 -0.00000423
128.10000000 -0.00000694
53.82300000 -0.00037331
24.30700000 -0.00132140
11.44000000 -0.00599320
5.51320000 -0.00517140
2.63310000 0.01411000
1.21090000 0.13276000
9 1 1
0.53411000 1.00000000
10 1 1
0.22314000 1.00000000
11 1 1
0.08879200 1.00000000
12 2 1
10.86000000 1.00000000
13 2 1
2.86000000 1.00000000
14 2 1
0.84000000 1.00000000
15 2 1
0.31000000 1.00000000
16 3 1
1.91000000 1.00000000
17 3 1
0.63000000 1.00000000
18 4 1
0.93000000 1.00000000

