  pc-4  EMSL  Basis Set Exchange Library   7/22/12 8:59 PM 
 Elements                             References 
 H C N O F: Frank Jensen, Polarization consistent basis sets: Principles, J. Chem. Phys. 115, 9113 (2001). 
 H C N O F: Frank Jensen, Polarization consistent basis sets. II. Estimating the Kohn-Sham basis set limit, J. Chem. Phys. 116, 7372 (2002). 
 Si P S Cl: Frank Jensen, Trygve Helgaker, Polarization consistent basis sets. V. The elements Si-Cl, J. Chem. Phys. 121, 3463 (2004). 
 He Li Be B Ne Na Mg Al Ar: Frank Jensen, Polarization consistent basis sets. VI. The elements He, Li, Be, B, Ne, Na, Mg, Al, Ar, J. Phys. Chem. A 111 (44), 11198 -11204, 2007 
  
O-HYDROGEN H (PC-4) BASIS TYPE: 1
# 
19
1 0 5
3079.70000000 0.00023473
461.52000000 0.00182450
105.06000000 0.00959330
29.76400000 0.04046100
9.71830000 0.14607000
2 0 1
3.51790000 1.00000000
3 0 1
1.37700000 1.00000000
4 0 1
0.56831000 1.00000000
5 0 1
0.24341000 1.00000000
6 0 1
0.10505000 1.00000000
7 0 1
0.04419800 1.00000000
8 1 1
30.00000000 1.00000000
9 1 1
6.60000000 1.00000000
10 1 1
2.10000000 1.00000000
11 1 1
0.95000000 1.00000000
12 1 1
0.45000000 1.00000000
13 1 1
0.15000000 1.00000000
14 2 1
2.10000000 1.00000000
15 2 1
0.70000000 1.00000000
16 2 1
0.30000000 1.00000000
17 3 1
2.50000000 1.00000000
18 3 1
0.90000000 1.00000000
19 4 1
3.20000000 1.00000000

O-HYDROGEN E+ (PC-4) BASIS TYPE: 1
# 
19
1 0 5
3079.70000000 0.00023473
461.52000000 0.00182450
105.06000000 0.00959330
29.76400000 0.04046100
9.71830000 0.14607000
2 0 1
3.51790000 1.00000000
3 0 1
1.37700000 1.00000000
4 0 1
0.56831000 1.00000000
5 0 1
0.24341000 1.00000000
6 0 1
0.10505000 1.00000000
7 0 1
0.04419800 1.00000000
8 1 1
30.00000000 1.00000000
9 1 1
6.60000000 1.00000000
10 1 1
2.10000000 1.00000000
11 1 1
0.95000000 1.00000000
12 1 1
0.45000000 1.00000000
13 1 1
0.15000000 1.00000000
14 2 1
2.10000000 1.00000000
15 2 1
0.70000000 1.00000000
16 2 1
0.30000000 1.00000000
17 3 1
2.50000000 1.00000000
18 3 1
0.90000000 1.00000000
19 4 1
3.20000000 1.00000000



O-HELIUM HE (PC-4) BASIS TYPE: 1
# 
19
1 0 5
8780.20000000 0.00146640
1315.60000000 0.01139500
299.46000000 0.05981900
84.83300000 0.25089000
27.69100000 0.89135000
2 0 1
10.00800000 1.00000000
3 0 1
3.89240000 1.00000000
4 0 1
1.58190000 1.00000000
5 0 1
0.65698000 1.00000000
6 0 1
0.26459000 1.00000000
7 0 1
0.10585000 1.00000000
8 1 1
40.50000000 1.00000000
9 1 1
8.90000000 1.00000000
10 1 1
2.85000000 1.00000000
11 1 1
1.30000000 1.00000000
12 1 1
0.60000000 1.00000000
13 1 1
0.20000000 1.00000000
14 2 1
3.70000000 1.00000000
15 2 1
1.20000000 1.00000000
16 2 1
0.50000000 1.00000000
17 3 1
4.10000000 1.00000000
18 3 1
1.50000000 1.00000000
19 4 1
4.65000000 1.00000000

O-LITHIUM LI (PC-4) BASIS TYPE: 1
# 
18
1 0 12
70681.00000000 0.00000544
13594.00000000 0.00003328
3100.40000000 0.00019175
826.46000000 0.00089686
253.76000000 0.00344770
88.45100000 0.01143500
34.49300000 0.03095700
14.83100000 0.07323700
6.92990000 0.12668000
3.46780000 0.21423000
1.83160000 0.17857000
1.00630000 0.28492000
2 0 12
13594.00000000 -0.00000011
3100.40000000 0.00000017
826.46000000 -0.00000357
253.76000000 0.00000859
88.45100000 -0.00005557
34.49300000 0.00028213
14.83100000 -0.00045594
6.92990000 0.00524910
3.46780000 -0.00487050
1.83160000 0.04683100
1.00630000 -0.03228200
0.56678000 0.10296000
3 0 1
0.32254000 1.00000000
4 0 1
0.18277000 1.00000000
5 0 1
0.10164000 1.00000000
6 0 1
0.05466600 1.00000000
7 0 1
0.02802500 1.00000000
8 0 1
0.01349700 1.00000000
9 1 5
28.50000000 0.00036754
6.64000000 0.00322359
1.92000000 0.01432120
0.77000000 0.03648140
0.32000000 0.07577460
10 1 1
0.15000000 1.00000000
11 1 1
0.06600000 1.00000000
12 1 1
0.02500000 1.00000000
13 2 1
1.75000000 1.00000000
14 2 1
0.30000000 1.00000000
15 2 1
0.11000000 1.00000000
16 3 1
0.50000000 1.00000000
17 3 1
0.20000000 1.00000000
18 4 1
0.55000000 1.00000000

O-BERYLLIUM BE (PC-4) BASIS TYPE: 1
# 
18
1 0 12
139330.00000000 0.00000244
26774.00000000 0.00001494
6112.00000000 0.00008580
1632.90000000 0.00040022
503.03000000 0.00152890
176.03000000 0.00505860
68.93900000 0.01364400
29.76800000 0.03273000
13.96300000 0.05754600
7.00900000 0.10067000
3.70940000 0.08634800
2.03920000 0.12653000
2 0 12
26774.00000000 -0.00000040
6112.00000000 0.00000060
1632.90000000 -0.00001224
503.03000000 0.00003235
176.03000000 -0.00017006
68.93900000 0.00113620
29.76800000 -0.00064192
13.96300000 0.02159000
7.00900000 0.00042561
3.70940000 0.18149000
2.03920000 0.01235200
1.14720000 0.38475000
3 0 1
0.65070000 1.00000000
4 0 1
0.36659000 1.00000000
5 0 1
0.20211000 1.00000000
6 0 1
0.10742000 1.00000000
7 0 1
0.05423100 1.00000000
8 0 1
0.02561900 1.00000000
9 1 5
45.70000000 0.00065877
10.60000000 0.00573382
3.08000000 0.02784590
1.23000000 0.05643490
0.51000000 0.17616700
10 1 1
0.23000000 1.00000000
11 1 1
0.10600000 1.00000000
12 1 1
0.04000000 1.00000000
13 2 1
3.35000000 1.00000000
14 2 1
0.57000000 1.00000000
15 2 1
0.21000000 1.00000000
16 3 1
0.75000000 1.00000000
17 3 1
0.30000000 1.00000000
18 4 1
0.80000000 1.00000000

O-BORON B (PC-4) BASIS TYPE: 1
# 
27
1 0 11
742500.00000000 0.00000122
110930.00000000 0.00000944
25203.00000000 0.00005028
7129.30000000 0.00020962
2324.70000000 0.00077739
839.05000000 0.00247190
327.79000000 0.00746650
136.72000000 0.01909500
60.29400000 0.04670600
27.73100000 0.08501500
12.99200000 0.14297000
2 0 9
7129.30000000 0.00000231
2324.70000000 -0.00000366
839.05000000 0.00004948
327.79000000 0.00001943
136.72000000 0.00110270
60.29400000 0.00268300
27.73100000 0.02218600
12.99200000 0.06084500
6.25510000 0.28114000
3 0 1
3.14720000 1.00000000
4 0 1
1.56270000 1.00000000
5 0 1
0.74066000 1.00000000
6 0 1
0.31290000 1.00000000
7 0 1
0.13142000 1.00000000
8 0 1
0.05470700 1.00000000
9 1 5
227.84000000 0.00112430
53.92200000 0.00973930
17.04800000 0.05453600
6.00200000 0.23171000
2.60660000 0.49931000
10 1 1
1.19620000 1.00000000
11 1 1
0.56967000 1.00000000
12 1 1
0.27377000 1.00000000
13 1 1
0.12880000 1.00000000
14 1 1
0.05965300 1.00000000
15 1 1
0.02619000 1.00000000
16 2 1
5.30000000 1.00000000
17 2 1
1.90000000 1.00000000
18 2 1
0.75000000 1.00000000
19 2 1
0.35000000 1.00000000
20 2 1
0.16000000 1.00000000
21 2 1
0.06000000 1.00000000
22 3 1
1.90000000 1.00000000
23 3 1
0.80000000 1.00000000
24 3 1
0.35000000 1.00000000
25 4 1
1.65000000 1.00000000
26 4 1
0.70000000 1.00000000
