O-P_31 P_31 (13S) BASIS TYPE: 2
# (1S)-[1S]
13
1 0 1
7466889.87529297 1.00000000
2 0 1
16086926.57374095 1.00000000
3 0 1
34658232.66595034 1.00000000
4 0 1
74668898.74961458 1.00000000
5 0 1
160869265.73026729 1.00000000
6 0 1
346582326.64411604 1.00000000
7 0 1
746688987.46299481 1.00000000
8 0 1
1608692657.23125124 1.00000000
9 0 1
3465823266.28728724 1.00000000
10 0 1
7466889874.29843903 1.00000000
11 0 1
16086926571.59829521 1.00000000
12 0 1
34658232661.33413696 1.00000000
13 0 1
74668898739.66928101 1.00000000

O-U- U- (13S) BASIS TYPE: 2
# (1S)-[1S]
13
1 0 1
27118.89621797 1.00000000
2 0 1
58425.89076650 1.00000000
3 0 1
125874.76586150 1.00000000
4 0 1
271188.96216765 1.00000000
5 0 1
584258.90763908 1.00000000
6 0 1
1258747.65855913 1.00000000
7 0 1
2711889.62155607 1.00000000
8 0 1
5842589.07613138 1.00000000
9 0 1
12587476.58503249 1.00000000
10 0 1
27118896.21435672 1.00000000
11 0 1
58425890.75871980 1.00000000
12 0 1
125874765.84473635 1.00000000
13 0 1
271188962.13152719 1.00000000

