O-POSITRON E+ (7S) BASIS TYPE: 3
# (7S)-[7S]
21
1 0 1
.0160464176 1.0
1 0 1
.03889166807801842400 1.0
1 0 1
.09426165288698190767 1.0
1 0 1
.22846176685354913593 1.0
1 0 1
.55372229655707480844 1.0
1 0 1
1.34205554796827906386 1.0
1 0 1
3.25273716632212305481 1.0
1 1 1
.0417201747 1.0
1 1 1
.09408132465023163297 1.0
1 1 1
.21215864294888205000 1.0
1 1 1
.47842959211353322634 1.0
1 1 1
1.07888545773302380715 1.0
1 2 1
.08132631910000000000 1.0
1 2 1
.18086654137639636770 1.0
1 2 1
.40224008846675687407 1.0
1 2 1
.89456616761987470234 1.0
1 3 1
.11769305920000000000 1.0
1 3 1
.28388344087909111648 1.0
1 3 1
.68474563031285723612 1.0
1 4 1
.14190524710000000000 1.0
1 4 1
.38464708869299891265 1.0
