O-POSITRON E+ (6S) BASIS TYPE: 3
# (6S)-[6S]
15
1 0 1
.0170647199 1.0
1 0 1
.04342700594372054646 1.0
1 0 1
.11051484327240200819 1.0
1 0 1
.28124275017604869429 1.0
1 0 1
.71571819842900435836 1.0
1 0 1
1.82138931311760550775 1.0
1 1 1
.0496312946 1.0
1 1 1
.12420746812256471964 1.0
1 1 1
.31084208586043876841 1.0
1 1 1
.77791459565638599923 1.0
1 2 1
.09506480910000000000 1.0
1 2 1
.23367772929933313419 1.0
1 2 1
.57440057669555047908 1.0
1 3 1
.15956751480000000000 1.0
1 3 1
.42730645849992888516 1.0

O-EALONE EA- (6S) BASIS TYPE: 3
# (6S)-[6S]
15
1 0 1
.0170647199 1.0
1 0 1
.04342700594372054646 1.0
1 0 1
.11051484327240200819 1.0
1 0 1
.28124275017604869429 1.0
1 0 1
.71571819842900435836 1.0
1 0 1
1.82138931311760550775 1.0
1 1 1
.0496312946 1.0
1 1 1
.12420746812256471964 1.0
1 1 1
.31084208586043876841 1.0
1 1 1
.77791459565638599923 1.0
1 2 1
.09506480910000000000 1.0
1 2 1
.23367772929933313419 1.0
1 2 1
.57440057669555047908 1.0
1 3 1
.15956751480000000000 1.0
1 3 1
.42730645849992888516 1.0
