O-HYDROGEN H_1 (QZSPDZDH) BASIS TYPE: 2
# 
10
1 0 1
34.63529000 1.00000000
2 0 1
23.53722000 1.00000000
3 0 1
16.15827000 1.00000000
4 0 1
2.88059800 1.00000000
5 1 1
33.60130000 1.00000000
6 1 1
22.91236000 1.00000000
7 1 1
15.80526000 1.00000000
8 1 1
6.89794800 1.00000000
9 2 1
24.44627000 1.00000000
10 2 1
17.12008000 1.00000000

O-HYDROGEN H-A_1 (QZSPDZDH) BASIS TYPE: 2
# 
10
1 0 1
34.63529000 1.00000000
2 0 1
23.53722000 1.00000000
3 0 1
16.15827000 1.00000000
4 0 1
2.88059800 1.00000000
5 1 1
33.60130000 1.00000000
6 1 1
22.91236000 1.00000000
7 1 1
15.80526000 1.00000000
8 1 1
6.89794800 1.00000000
9 2 1
24.44627000 1.00000000
10 2 1
17.12008000 1.00000000

O-HYDROGEN H-B_1 (QZSPDZDH) BASIS TYPE: 2
# 
10
1 0 1
34.63529000 1.00000000
2 0 1
23.53722000 1.00000000
3 0 1
16.15827000 1.00000000
4 0 1
2.88059800 1.00000000
5 1 1
33.60130000 1.00000000
6 1 1
22.91236000 1.00000000
7 1 1
15.80526000 1.00000000
8 1 1
6.89794800 1.00000000
9 2 1
24.44627000 1.00000000
10 2 1
17.12008000 1.00000000

O-HYDROGEN H-C_1 (QZSPDZDH) BASIS TYPE: 2
# 
10
1 0 1
34.63529000 1.00000000
2 0 1
23.53722000 1.00000000
3 0 1
16.15827000 1.00000000
4 0 1
2.88059800 1.00000000
5 1 1
33.60130000 1.00000000
6 1 1
22.91236000 1.00000000
7 1 1
15.80526000 1.00000000
8 1 1
6.89794800 1.00000000
9 2 1
24.44627000 1.00000000
10 2 1
17.12008000 1.00000000

O-HYDROGEN H-D_1 (QZSPDZDH) BASIS TYPE: 2
# 
10
1 0 1
34.63529000 1.00000000
2 0 1
23.53722000 1.00000000
3 0 1
16.15827000 1.00000000
4 0 1
2.88059800 1.00000000
5 1 1
33.60130000 1.00000000
6 1 1
22.91236000 1.00000000
7 1 1
15.80526000 1.00000000
8 1 1
6.89794800 1.00000000
9 2 1
24.44627000 1.00000000
10 2 1
17.12008000 1.00000000

O-HYDROGEN H-E_1 (QZSPDZDH) BASIS TYPE: 2
# 
10
1 0 1
34.63529000 1.00000000
2 0 1
23.53722000 1.00000000
3 0 1
16.15827000 1.00000000
4 0 1
2.88059800 1.00000000
5 1 1
33.60130000 1.00000000
6 1 1
22.91236000 1.00000000
7 1 1
15.80526000 1.00000000
8 1 1
6.89794800 1.00000000
9 2 1
24.44627000 1.00000000
10 2 1
17.12008000 1.00000000

O-HYDROGEN H-F_1 (QZSPDZDH) BASIS TYPE: 2
# 
10
1 0 1
34.63529000 1.00000000
2 0 1
23.53722000 1.00000000
3 0 1
16.15827000 1.00000000
4 0 1
2.88059800 1.00000000
5 1 1
33.60130000 1.00000000
6 1 1
22.91236000 1.00000000
7 1 1
15.80526000 1.00000000
8 1 1
6.89794800 1.00000000
9 2 1
24.44627000 1.00000000
10 2 1
17.12008000 1.00000000

O-HYDROGEN H-G_1 (QZSPDZDH) BASIS TYPE: 2
# 
10
1 0 1
34.63529000 1.00000000
2 0 1
23.53722000 1.00000000
3 0 1
16.15827000 1.00000000
4 0 1
2.88059800 1.00000000
5 1 1
33.60130000 1.00000000
6 1 1
22.91236000 1.00000000
7 1 1
15.80526000 1.00000000
8 1 1
6.89794800 1.00000000
9 2 1
24.44627000 1.00000000
10 2 1
17.12008000 1.00000000

O-HYDROGEN H-H_1 (QZSPDZDH) BASIS TYPE: 2
# 
10
1 0 1
34.63529000 1.00000000
2 0 1
23.53722000 1.00000000
3 0 1
16.15827000 1.00000000
4 0 1
2.88059800 1.00000000
5 1 1
33.60130000 1.00000000
6 1 1
22.91236000 1.00000000
7 1 1
15.80526000 1.00000000
8 1 1
6.89794800 1.00000000
9 2 1
24.44627000 1.00000000
10 2 1
17.12008000 1.00000000

O-HYDROGEN H-I_1 (QZSPDZDH) BASIS TYPE: 2
# 
10
1 0 1
34.63529000 1.00000000
2 0 1
23.53722000 1.00000000
3 0 1
16.15827000 1.00000000
4 0 1
2.88059800 1.00000000
5 1 1
33.60130000 1.00000000
6 1 1
22.91236000 1.00000000
7 1 1
15.80526000 1.00000000
8 1 1
6.89794800 1.00000000
9 2 1
24.44627000 1.00000000
10 2 1
17.12008000 1.00000000

O-HYDROGEN H-J_1 (QZSPDZDH) BASIS TYPE: 2
# 
10
1 0 1
34.63529000 1.00000000
2 0 1
23.53722000 1.00000000
3 0 1
16.15827000 1.00000000
4 0 1
2.88059800 1.00000000
5 1 1
33.60130000 1.00000000
6 1 1
22.91236000 1.00000000
7 1 1
15.80526000 1.00000000
8 1 1
6.89794800 1.00000000
9 2 1
24.44627000 1.00000000
10 2 1
17.12008000 1.00000000

O-HYDROGEN H-K_1 (QZSPDZDH) BASIS TYPE: 2
# 
10
1 0 1
34.63529000 1.00000000
2 0 1
23.53722000 1.00000000
3 0 1
16.15827000 1.00000000
4 0 1
2.88059800 1.00000000
5 1 1
33.60130000 1.00000000
6 1 1
22.91236000 1.00000000
7 1 1
15.80526000 1.00000000
8 1 1
6.89794800 1.00000000
9 2 1
24.44627000 1.00000000
10 2 1
17.12008000 1.00000000

O-HYDROGEN H-L_1 (QZSPDZDH) BASIS TYPE: 2
# 
10
1 0 1
34.63529000 1.00000000
2 0 1
23.53722000 1.00000000
3 0 1
16.15827000 1.00000000
4 0 1
2.88059800 1.00000000
5 1 1
33.60130000 1.00000000
6 1 1
22.91236000 1.00000000
7 1 1
15.80526000 1.00000000
8 1 1
6.89794800 1.00000000
9 2 1
24.44627000 1.00000000
10 2 1
17.12008000 1.00000000

O-HYDROGEN H-M_1 (QZSPDZDH) BASIS TYPE: 2
# 
10
1 0 1
34.63529000 1.00000000
2 0 1
23.53722000 1.00000000
3 0 1
16.15827000 1.00000000
4 0 1
2.88059800 1.00000000
5 1 1
33.60130000 1.00000000
6 1 1
22.91236000 1.00000000
7 1 1
15.80526000 1.00000000
8 1 1
6.89794800 1.00000000
9 2 1
24.44627000 1.00000000
10 2 1
17.12008000 1.00000000

O-HYDROGEN H-N_1 (QZSPDZDH) BASIS TYPE: 2
# 
10
1 0 1
34.63529000 1.00000000
2 0 1
23.53722000 1.00000000
3 0 1
16.15827000 1.00000000
4 0 1
2.88059800 1.00000000
5 1 1
33.60130000 1.00000000
6 1 1
22.91236000 1.00000000
7 1 1
15.80526000 1.00000000
8 1 1
6.89794800 1.00000000
9 2 1
24.44627000 1.00000000
10 2 1
17.12008000 1.00000000

O-HYDROGEN H-O_1 (QZSPDZDH) BASIS TYPE: 2
# 
10
1 0 1
34.63529000 1.00000000
2 0 1
23.53722000 1.00000000
3 0 1
16.15827000 1.00000000
4 0 1
2.88059800 1.00000000
5 1 1
33.60130000 1.00000000
6 1 1
22.91236000 1.00000000
7 1 1
15.80526000 1.00000000
8 1 1
6.89794800 1.00000000
9 2 1
24.44627000 1.00000000
10 2 1
17.12008000 1.00000000

O-HYDROGEN H-P_1 (QZSPDZDH) BASIS TYPE: 2
# 
10
1 0 1
34.63529000 1.00000000
2 0 1
23.53722000 1.00000000
3 0 1
16.15827000 1.00000000
4 0 1
2.88059800 1.00000000
5 1 1
33.60130000 1.00000000
6 1 1
22.91236000 1.00000000
7 1 1
15.80526000 1.00000000
8 1 1
6.89794800 1.00000000
9 2 1
24.44627000 1.00000000
10 2 1
17.12008000 1.00000000

O-HYDROGEN H-Q_1 (QZSPDZDH) BASIS TYPE: 2
# 
10
1 0 1
34.63529000 1.00000000
2 0 1
23.53722000 1.00000000
3 0 1
16.15827000 1.00000000
4 0 1
2.88059800 1.00000000
5 1 1
33.60130000 1.00000000
6 1 1
22.91236000 1.00000000
7 1 1
15.80526000 1.00000000
8 1 1
6.89794800 1.00000000
9 2 1
24.44627000 1.00000000
10 2 1
17.12008000 1.00000000

O-HYDROGEN H-R_1 (QZSPDZDH) BASIS TYPE: 2
# 
10
1 0 1
34.63529000 1.00000000
2 0 1
23.53722000 1.00000000
3 0 1
16.15827000 1.00000000
4 0 1
2.88059800 1.00000000
5 1 1
33.60130000 1.00000000
6 1 1
22.91236000 1.00000000
7 1 1
15.80526000 1.00000000
8 1 1
6.89794800 1.00000000
9 2 1
24.44627000 1.00000000
10 2 1
17.12008000 1.00000000

O-HYDROGEN H-S_1 (QZSPDZDH) BASIS TYPE: 2
# 
10
1 0 1
34.63529000 1.00000000
2 0 1
23.53722000 1.00000000
3 0 1
16.15827000 1.00000000
4 0 1
2.88059800 1.00000000
5 1 1
33.60130000 1.00000000
6 1 1
22.91236000 1.00000000
7 1 1
15.80526000 1.00000000
8 1 1
6.89794800 1.00000000
9 2 1
24.44627000 1.00000000
10 2 1
17.12008000 1.00000000

O-HYDROGEN H-T_1 (QZSPDZDH) BASIS TYPE: 2
# 
10
1 0 1
34.63529000 1.00000000
2 0 1
23.53722000 1.00000000
3 0 1
16.15827000 1.00000000
4 0 1
2.88059800 1.00000000
5 1 1
33.60130000 1.00000000
6 1 1
22.91236000 1.00000000
7 1 1
15.80526000 1.00000000
8 1 1
6.89794800 1.00000000
9 2 1
24.44627000 1.00000000
10 2 1
17.12008000 1.00000000

O-HYDROGEN H-U_1 (QZSPDZDH) BASIS TYPE: 2
# 
10
1 0 1
34.63529000 1.00000000
2 0 1
23.53722000 1.00000000
3 0 1
16.15827000 1.00000000
4 0 1
2.88059800 1.00000000
5 1 1
33.60130000 1.00000000
6 1 1
22.91236000 1.00000000
7 1 1
15.80526000 1.00000000
8 1 1
6.89794800 1.00000000
9 2 1
24.44627000 1.00000000
10 2 1
17.12008000 1.00000000

O-HYDROGEN H-V_1 (QZSPDZDH) BASIS TYPE: 2
# 
10
1 0 1
34.63529000 1.00000000
2 0 1
23.53722000 1.00000000
3 0 1
16.15827000 1.00000000
4 0 1
2.88059800 1.00000000
5 1 1
33.60130000 1.00000000
6 1 1
22.91236000 1.00000000
7 1 1
15.80526000 1.00000000
8 1 1
6.89794800 1.00000000
9 2 1
24.44627000 1.00000000
10 2 1
17.12008000 1.00000000

O-HYDROGEN H-W_1 (QZSPDZDH) BASIS TYPE: 2
# 
10
1 0 1
34.63529000 1.00000000
2 0 1
23.53722000 1.00000000
3 0 1
16.15827000 1.00000000
4 0 1
2.88059800 1.00000000
5 1 1
33.60130000 1.00000000
6 1 1
22.91236000 1.00000000
7 1 1
15.80526000 1.00000000
8 1 1
6.89794800 1.00000000
9 2 1
24.44627000 1.00000000
10 2 1
17.12008000 1.00000000

O-HYDROGEN H-X_1 (QZSPDZDH) BASIS TYPE: 2
# 
10
1 0 1
34.63529000 1.00000000
2 0 1
23.53722000 1.00000000
3 0 1
16.15827000 1.00000000
4 0 1
2.88059800 1.00000000
5 1 1
33.60130000 1.00000000
6 1 1
22.91236000 1.00000000
7 1 1
15.80526000 1.00000000
8 1 1
6.89794800 1.00000000
9 2 1
24.44627000 1.00000000
10 2 1
17.12008000 1.00000000

O-HYDROGEN H-Y_1 (QZSPDZDH) BASIS TYPE: 2
# 
10
1 0 1
34.63529000 1.00000000
2 0 1
23.53722000 1.00000000
3 0 1
16.15827000 1.00000000
4 0 1
2.88059800 1.00000000
5 1 1
33.60130000 1.00000000
6 1 1
22.91236000 1.00000000
7 1 1
15.80526000 1.00000000
8 1 1
6.89794800 1.00000000
9 2 1
24.44627000 1.00000000
10 2 1
17.12008000 1.00000000

O-HYDROGEN H-Z_1 (QZSPDZDH) BASIS TYPE: 2
# 
10
1 0 1
34.63529000 1.00000000
2 0 1
23.53722000 1.00000000
3 0 1
16.15827000 1.00000000
4 0 1
2.88059800 1.00000000
5 1 1
33.60130000 1.00000000
6 1 1
22.91236000 1.00000000
7 1 1
15.80526000 1.00000000
8 1 1
6.89794800 1.00000000
9 2 1
24.44627000 1.00000000
10 2 1
17.12008000 1.00000000

O-HYDROGEN H-AA_1 (QZSPDZDH) BASIS TYPE: 2
# 
10
1 0 1
34.63529000 1.00000000
2 0 1
23.53722000 1.00000000
3 0 1
16.15827000 1.00000000
4 0 1
2.88059800 1.00000000
5 1 1
33.60130000 1.00000000
6 1 1
22.91236000 1.00000000
7 1 1
15.80526000 1.00000000
8 1 1
6.89794800 1.00000000
9 2 1
24.44627000 1.00000000
10 2 1
17.12008000 1.00000000

O-HYDROGEN H-AB_1 (QZSPDZDH) BASIS TYPE: 2
# 
10
1 0 1
34.63529000 1.00000000
2 0 1
23.53722000 1.00000000
3 0 1
16.15827000 1.00000000
4 0 1
2.88059800 1.00000000
5 1 1
33.60130000 1.00000000
6 1 1
22.91236000 1.00000000
7 1 1
15.80526000 1.00000000
8 1 1
6.89794800 1.00000000
9 2 1
24.44627000 1.00000000
10 2 1
17.12008000 1.00000000

O-HYDROGEN H-AC_1 (QZSPDZDH) BASIS TYPE: 2
# 
10
1 0 1
34.63529000 1.00000000
2 0 1
23.53722000 1.00000000
3 0 1
16.15827000 1.00000000
4 0 1
2.88059800 1.00000000
5 1 1
33.60130000 1.00000000
6 1 1
22.91236000 1.00000000
7 1 1
15.80526000 1.00000000
8 1 1
6.89794800 1.00000000
9 2 1
24.44627000 1.00000000
10 2 1
17.12008000 1.00000000

O-HYDROGEN H-AD_1 (QZSPDZDH) BASIS TYPE: 2
# 
10
1 0 1
34.63529000 1.00000000
2 0 1
23.53722000 1.00000000
3 0 1
16.15827000 1.00000000
4 0 1
2.88059800 1.00000000
5 1 1
33.60130000 1.00000000
6 1 1
22.91236000 1.00000000
7 1 1
15.80526000 1.00000000
8 1 1
6.89794800 1.00000000
9 2 1
24.44627000 1.00000000
10 2 1
17.12008000 1.00000000

O-HYDROGEN H-AE_1 (QZSPDZDH) BASIS TYPE: 2
# 
10
1 0 1
34.63529000 1.00000000
2 0 1
23.53722000 1.00000000
3 0 1
16.15827000 1.00000000
4 0 1
2.88059800 1.00000000
5 1 1
33.60130000 1.00000000
6 1 1
22.91236000 1.00000000
7 1 1
15.80526000 1.00000000
8 1 1
6.89794800 1.00000000
9 2 1
24.44627000 1.00000000
10 2 1
17.12008000 1.00000000

O-HYDROGEN H-AF_1 (QZSPDZDH) BASIS TYPE: 2
# 
10
1 0 1
34.63529000 1.00000000
2 0 1
23.53722000 1.00000000
3 0 1
16.15827000 1.00000000
4 0 1
2.88059800 1.00000000
5 1 1
33.60130000 1.00000000
6 1 1
22.91236000 1.00000000
7 1 1
15.80526000 1.00000000
8 1 1
6.89794800 1.00000000
9 2 1
24.44627000 1.00000000
10 2 1
17.12008000 1.00000000

O-HYDROGEN H-AG_1 (QZSPDZDH) BASIS TYPE: 2
# 
10
1 0 1
34.63529000 1.00000000
2 0 1
23.53722000 1.00000000
3 0 1
16.15827000 1.00000000
4 0 1
2.88059800 1.00000000
5 1 1
33.60130000 1.00000000
6 1 1
22.91236000 1.00000000
7 1 1
15.80526000 1.00000000
8 1 1
6.89794800 1.00000000
9 2 1
24.44627000 1.00000000
10 2 1
17.12008000 1.00000000

O-HYDROGEN H-AH_1 (QZSPDZDH) BASIS TYPE: 2
# 
10
1 0 1
34.63529000 1.00000000
2 0 1
23.53722000 1.00000000
3 0 1
16.15827000 1.00000000
4 0 1
2.88059800 1.00000000
5 1 1
33.60130000 1.00000000
6 1 1
22.91236000 1.00000000
7 1 1
15.80526000 1.00000000
8 1 1
6.89794800 1.00000000
9 2 1
24.44627000 1.00000000
10 2 1
17.12008000 1.00000000

O-HYDROGEN H-AI_1 (QZSPDZDH) BASIS TYPE: 2
# 
10
1 0 1
34.63529000 1.00000000
2 0 1
23.53722000 1.00000000
3 0 1
16.15827000 1.00000000
4 0 1
2.88059800 1.00000000
5 1 1
33.60130000 1.00000000
6 1 1
22.91236000 1.00000000
7 1 1
15.80526000 1.00000000
8 1 1
6.89794800 1.00000000
9 2 1
24.44627000 1.00000000
10 2 1
17.12008000 1.00000000

O-HYDROGEN H-AJ_1 (QZSPDZDH) BASIS TYPE: 2
# 
10
1 0 1
34.63529000 1.00000000
2 0 1
23.53722000 1.00000000
3 0 1
16.15827000 1.00000000
4 0 1
2.88059800 1.00000000
5 1 1
33.60130000 1.00000000
6 1 1
22.91236000 1.00000000
7 1 1
15.80526000 1.00000000
8 1 1
6.89794800 1.00000000
9 2 1
24.44627000 1.00000000
10 2 1
17.12008000 1.00000000

O-HYDROGEN H-AK_1 (QZSPDZDH) BASIS TYPE: 2
# 
10
1 0 1
34.63529000 1.00000000
2 0 1
23.53722000 1.00000000
3 0 1
16.15827000 1.00000000
4 0 1
2.88059800 1.00000000
5 1 1
33.60130000 1.00000000
6 1 1
22.91236000 1.00000000
7 1 1
15.80526000 1.00000000
8 1 1
6.89794800 1.00000000
9 2 1
24.44627000 1.00000000
10 2 1
17.12008000 1.00000000

O-HYDROGEN H-AL_1 (QZSPDZDH) BASIS TYPE: 2
# 
10
1 0 1
34.63529000 1.00000000
2 0 1
23.53722000 1.00000000
3 0 1
16.15827000 1.00000000
4 0 1
2.88059800 1.00000000
5 1 1
33.60130000 1.00000000
6 1 1
22.91236000 1.00000000
7 1 1
15.80526000 1.00000000
8 1 1
6.89794800 1.00000000
9 2 1
24.44627000 1.00000000
10 2 1
17.12008000 1.00000000

O-HYDROGEN H-AM_1 (QZSPDZDH) BASIS TYPE: 2
# 
10
1 0 1
34.63529000 1.00000000
2 0 1
23.53722000 1.00000000
3 0 1
16.15827000 1.00000000
4 0 1
2.88059800 1.00000000
5 1 1
33.60130000 1.00000000
6 1 1
22.91236000 1.00000000
7 1 1
15.80526000 1.00000000
8 1 1
6.89794800 1.00000000
9 2 1
24.44627000 1.00000000
10 2 1
17.12008000 1.00000000

O-HYDROGEN H-AN_1 (QZSPDZDH) BASIS TYPE: 2
# 
10
1 0 1
34.63529000 1.00000000
2 0 1
23.53722000 1.00000000
3 0 1
16.15827000 1.00000000
4 0 1
2.88059800 1.00000000
5 1 1
33.60130000 1.00000000
6 1 1
22.91236000 1.00000000
7 1 1
15.80526000 1.00000000
8 1 1
6.89794800 1.00000000
9 2 1
24.44627000 1.00000000
10 2 1
17.12008000 1.00000000

O-HYDROGEN H-AO_1 (QZSPDZDH) BASIS TYPE: 2
# 
10
1 0 1
34.63529000 1.00000000
2 0 1
23.53722000 1.00000000
3 0 1
16.15827000 1.00000000
4 0 1
2.88059800 1.00000000
5 1 1
33.60130000 1.00000000
6 1 1
22.91236000 1.00000000
7 1 1
15.80526000 1.00000000
8 1 1
6.89794800 1.00000000
9 2 1
24.44627000 1.00000000
10 2 1
17.12008000 1.00000000

O-HYDROGEN H-AP_1 (QZSPDZDH) BASIS TYPE: 2
# 
10
1 0 1
34.63529000 1.00000000
2 0 1
23.53722000 1.00000000
3 0 1
16.15827000 1.00000000
4 0 1
2.88059800 1.00000000
5 1 1
33.60130000 1.00000000
6 1 1
22.91236000 1.00000000
7 1 1
15.80526000 1.00000000
8 1 1
6.89794800 1.00000000
9 2 1
24.44627000 1.00000000
10 2 1
17.12008000 1.00000000

O-HYDROGEN H-AQ_1 (QZSPDZDH) BASIS TYPE: 2
# 
10
1 0 1
34.63529000 1.00000000
2 0 1
23.53722000 1.00000000
3 0 1
16.15827000 1.00000000
4 0 1
2.88059800 1.00000000
5 1 1
33.60130000 1.00000000
6 1 1
22.91236000 1.00000000
7 1 1
15.80526000 1.00000000
8 1 1
6.89794800 1.00000000
9 2 1
24.44627000 1.00000000
10 2 1
17.12008000 1.00000000

O-HYDROGEN H-AR_1 (QZSPDZDH) BASIS TYPE: 2
# 
10
1 0 1
34.63529000 1.00000000
2 0 1
23.53722000 1.00000000
3 0 1
16.15827000 1.00000000
4 0 1
2.88059800 1.00000000
5 1 1
33.60130000 1.00000000
6 1 1
22.91236000 1.00000000
7 1 1
15.80526000 1.00000000
8 1 1
6.89794800 1.00000000
9 2 1
24.44627000 1.00000000
10 2 1
17.12008000 1.00000000

O-HYDROGEN H-AS_1 (QZSPDZDH) BASIS TYPE: 2
# 
10
1 0 1
34.63529000 1.00000000
2 0 1
23.53722000 1.00000000
3 0 1
16.15827000 1.00000000
4 0 1
2.88059800 1.00000000
5 1 1
33.60130000 1.00000000
6 1 1
22.91236000 1.00000000
7 1 1
15.80526000 1.00000000
8 1 1
6.89794800 1.00000000
9 2 1
24.44627000 1.00000000
10 2 1
17.12008000 1.00000000

O-HYDROGEN H-AT_1 (QZSPDZDH) BASIS TYPE: 2
# 
10
1 0 1
34.63529000 1.00000000
2 0 1
23.53722000 1.00000000
3 0 1
16.15827000 1.00000000
4 0 1
2.88059800 1.00000000
5 1 1
33.60130000 1.00000000
6 1 1
22.91236000 1.00000000
7 1 1
15.80526000 1.00000000
8 1 1
6.89794800 1.00000000
9 2 1
24.44627000 1.00000000
10 2 1
17.12008000 1.00000000

O-HYDROGEN H-AU_1 (QZSPDZDH) BASIS TYPE: 2
# 
10
1 0 1
34.63529000 1.00000000
2 0 1
23.53722000 1.00000000
3 0 1
16.15827000 1.00000000
4 0 1
2.88059800 1.00000000
5 1 1
33.60130000 1.00000000
6 1 1
22.91236000 1.00000000
7 1 1
15.80526000 1.00000000
8 1 1
6.89794800 1.00000000
9 2 1
24.44627000 1.00000000
10 2 1
17.12008000 1.00000000

O-HYDROGEN H-AV_1 (QZSPDZDH) BASIS TYPE: 2
# 
10
1 0 1
34.63529000 1.00000000
2 0 1
23.53722000 1.00000000
3 0 1
16.15827000 1.00000000
4 0 1
2.88059800 1.00000000
5 1 1
33.60130000 1.00000000
6 1 1
22.91236000 1.00000000
7 1 1
15.80526000 1.00000000
8 1 1
6.89794800 1.00000000
9 2 1
24.44627000 1.00000000
10 2 1
17.12008000 1.00000000

O-HYDROGEN H-AW_1 (QZSPDZDH) BASIS TYPE: 2
# 
10
1 0 1
34.63529000 1.00000000
2 0 1
23.53722000 1.00000000
3 0 1
16.15827000 1.00000000
4 0 1
2.88059800 1.00000000
5 1 1
33.60130000 1.00000000
6 1 1
22.91236000 1.00000000
7 1 1
15.80526000 1.00000000
8 1 1
6.89794800 1.00000000
9 2 1
24.44627000 1.00000000
10 2 1
17.12008000 1.00000000

O-HYDROGEN H-AX_1 (QZSPDZDH) BASIS TYPE: 2
# 
10
1 0 1
34.63529000 1.00000000
2 0 1
23.53722000 1.00000000
3 0 1
16.15827000 1.00000000
4 0 1
2.88059800 1.00000000
5 1 1
33.60130000 1.00000000
6 1 1
22.91236000 1.00000000
7 1 1
15.80526000 1.00000000
8 1 1
6.89794800 1.00000000
9 2 1
24.44627000 1.00000000
10 2 1
17.12008000 1.00000000

O-HYDROGEN H-AY_1 (QZSPDZDH) BASIS TYPE: 2
# 
10
1 0 1
34.63529000 1.00000000
2 0 1
23.53722000 1.00000000
3 0 1
16.15827000 1.00000000
4 0 1
2.88059800 1.00000000
5 1 1
33.60130000 1.00000000
6 1 1
22.91236000 1.00000000
7 1 1
15.80526000 1.00000000
8 1 1
6.89794800 1.00000000
9 2 1
24.44627000 1.00000000
10 2 1
17.12008000 1.00000000

O-HYDROGEN H-AZ_1 (QZSPDZDH) BASIS TYPE: 2
# 
10
1 0 1
34.63529000 1.00000000
2 0 1
23.53722000 1.00000000
3 0 1
16.15827000 1.00000000
4 0 1
2.88059800 1.00000000
5 1 1
33.60130000 1.00000000
6 1 1
22.91236000 1.00000000
7 1 1
15.80526000 1.00000000
8 1 1
6.89794800 1.00000000
9 2 1
24.44627000 1.00000000
10 2 1
17.12008000 1.00000000

O-HYDROGEN H-BA_1 (QZSPDZDH) BASIS TYPE: 2
# 
10
1 0 1
34.63529000 1.00000000
2 0 1
23.53722000 1.00000000
3 0 1
16.15827000 1.00000000
4 0 1
2.88059800 1.00000000
5 1 1
33.60130000 1.00000000
6 1 1
22.91236000 1.00000000
7 1 1
15.80526000 1.00000000
8 1 1
6.89794800 1.00000000
9 2 1
24.44627000 1.00000000
10 2 1
17.12008000 1.00000000

O-HYDROGEN H-BB_1 (QZSPDZDH) BASIS TYPE: 2
# 
10
1 0 1
34.63529000 1.00000000
2 0 1
23.53722000 1.00000000
3 0 1
16.15827000 1.00000000
4 0 1
2.88059800 1.00000000
5 1 1
33.60130000 1.00000000
6 1 1
22.91236000 1.00000000
7 1 1
15.80526000 1.00000000
8 1 1
6.89794800 1.00000000
9 2 1
24.44627000 1.00000000
10 2 1
17.12008000 1.00000000

O-HYDROGEN H-BC_1 (QZSPDZDH) BASIS TYPE: 2
# 
10
1 0 1
34.63529000 1.00000000
2 0 1
23.53722000 1.00000000
3 0 1
16.15827000 1.00000000
4 0 1
2.88059800 1.00000000
5 1 1
33.60130000 1.00000000
6 1 1
22.91236000 1.00000000
7 1 1
15.80526000 1.00000000
8 1 1
6.89794800 1.00000000
9 2 1
24.44627000 1.00000000
10 2 1
17.12008000 1.00000000

O-HYDROGEN H-BD_1 (QZSPDZDH) BASIS TYPE: 2
# 
10
1 0 1
34.63529000 1.00000000
2 0 1
23.53722000 1.00000000
3 0 1
16.15827000 1.00000000
4 0 1
2.88059800 1.00000000
5 1 1
33.60130000 1.00000000
6 1 1
22.91236000 1.00000000
7 1 1
15.80526000 1.00000000
8 1 1
6.89794800 1.00000000
9 2 1
24.44627000 1.00000000
10 2 1
17.12008000 1.00000000

O-HYDROGEN H-BE_1 (QZSPDZDH) BASIS TYPE: 2
# 
10
1 0 1
34.63529000 1.00000000
2 0 1
23.53722000 1.00000000
3 0 1
16.15827000 1.00000000
4 0 1
2.88059800 1.00000000
5 1 1
33.60130000 1.00000000
6 1 1
22.91236000 1.00000000
7 1 1
15.80526000 1.00000000
8 1 1
6.89794800 1.00000000
9 2 1
24.44627000 1.00000000
10 2 1
17.12008000 1.00000000

O-HYDROGEN H-BF_1 (QZSPDZDH) BASIS TYPE: 2
# 
10
1 0 1
34.63529000 1.00000000
2 0 1
23.53722000 1.00000000
3 0 1
16.15827000 1.00000000
4 0 1
2.88059800 1.00000000
5 1 1
33.60130000 1.00000000
6 1 1
22.91236000 1.00000000
7 1 1
15.80526000 1.00000000
8 1 1
6.89794800 1.00000000
9 2 1
24.44627000 1.00000000
10 2 1
17.12008000 1.00000000

O-HYDROGEN H-BG_1 (QZSPDZDH) BASIS TYPE: 2
# 
10
1 0 1
34.63529000 1.00000000
2 0 1
23.53722000 1.00000000
3 0 1
16.15827000 1.00000000
4 0 1
2.88059800 1.00000000
5 1 1
33.60130000 1.00000000
6 1 1
22.91236000 1.00000000
7 1 1
15.80526000 1.00000000
8 1 1
6.89794800 1.00000000
9 2 1
24.44627000 1.00000000
10 2 1
17.12008000 1.00000000

O-HYDROGEN H-BH_1 (QZSPDZDH) BASIS TYPE: 2
# 
10
1 0 1
34.63529000 1.00000000
2 0 1
23.53722000 1.00000000
3 0 1
16.15827000 1.00000000
4 0 1
2.88059800 1.00000000
5 1 1
33.60130000 1.00000000
6 1 1
22.91236000 1.00000000
7 1 1
15.80526000 1.00000000
8 1 1
6.89794800 1.00000000
9 2 1
24.44627000 1.00000000
10 2 1
17.12008000 1.00000000

O-HYDROGEN H-BI_1 (QZSPDZDH) BASIS TYPE: 2
# 
10
1 0 1
34.63529000 1.00000000
2 0 1
23.53722000 1.00000000
3 0 1
16.15827000 1.00000000
4 0 1
2.88059800 1.00000000
5 1 1
33.60130000 1.00000000
6 1 1
22.91236000 1.00000000
7 1 1
15.80526000 1.00000000
8 1 1
6.89794800 1.00000000
9 2 1
24.44627000 1.00000000
10 2 1
17.12008000 1.00000000

O-HYDROGEN H-BJ_1 (QZSPDZDH) BASIS TYPE: 2
# 
10
1 0 1
34.63529000 1.00000000
2 0 1
23.53722000 1.00000000
3 0 1
16.15827000 1.00000000
4 0 1
2.88059800 1.00000000
5 1 1
33.60130000 1.00000000
6 1 1
22.91236000 1.00000000
7 1 1
15.80526000 1.00000000
8 1 1
6.89794800 1.00000000
9 2 1
24.44627000 1.00000000
10 2 1
17.12008000 1.00000000

O-HYDROGEN H-BK_1 (QZSPDZDH) BASIS TYPE: 2
# 
10
1 0 1
34.63529000 1.00000000
2 0 1
23.53722000 1.00000000
3 0 1
16.15827000 1.00000000
4 0 1
2.88059800 1.00000000
5 1 1
33.60130000 1.00000000
6 1 1
22.91236000 1.00000000
7 1 1
15.80526000 1.00000000
8 1 1
6.89794800 1.00000000
9 2 1
24.44627000 1.00000000
10 2 1
17.12008000 1.00000000

O-HYDROGEN H-BL_1 (QZSPDZDH) BASIS TYPE: 2
# 
10
1 0 1
34.63529000 1.00000000
2 0 1
23.53722000 1.00000000
3 0 1
16.15827000 1.00000000
4 0 1
2.88059800 1.00000000
5 1 1
33.60130000 1.00000000
6 1 1
22.91236000 1.00000000
7 1 1
15.80526000 1.00000000
8 1 1
6.89794800 1.00000000
9 2 1
24.44627000 1.00000000
10 2 1
17.12008000 1.00000000

O-HYDROGEN H-BM_1 (QZSPDZDH) BASIS TYPE: 2
# 
10
1 0 1
34.63529000 1.00000000
2 0 1
23.53722000 1.00000000
3 0 1
16.15827000 1.00000000
4 0 1
2.88059800 1.00000000
5 1 1
33.60130000 1.00000000
6 1 1
22.91236000 1.00000000
7 1 1
15.80526000 1.00000000
8 1 1
6.89794800 1.00000000
9 2 1
24.44627000 1.00000000
10 2 1
17.12008000 1.00000000

O-HYDROGEN H-BN_1 (QZSPDZDH) BASIS TYPE: 2
# 
10
1 0 1
34.63529000 1.00000000
2 0 1
23.53722000 1.00000000
3 0 1
16.15827000 1.00000000
4 0 1
2.88059800 1.00000000
5 1 1
33.60130000 1.00000000
6 1 1
22.91236000 1.00000000
7 1 1
15.80526000 1.00000000
8 1 1
6.89794800 1.00000000
9 2 1
24.44627000 1.00000000
10 2 1
17.12008000 1.00000000

O-HYDROGEN H-BO_1 (QZSPDZDH) BASIS TYPE: 2
# 
10
1 0 1
34.63529000 1.00000000
2 0 1
23.53722000 1.00000000
3 0 1
16.15827000 1.00000000
4 0 1
2.88059800 1.00000000
5 1 1
33.60130000 1.00000000
6 1 1
22.91236000 1.00000000
7 1 1
15.80526000 1.00000000
8 1 1
6.89794800 1.00000000
9 2 1
24.44627000 1.00000000
10 2 1
17.12008000 1.00000000

O-HYDROGEN H-BP_1 (QZSPDZDH) BASIS TYPE: 2
# 
10
1 0 1
34.63529000 1.00000000
2 0 1
23.53722000 1.00000000
3 0 1
16.15827000 1.00000000
4 0 1
2.88059800 1.00000000
5 1 1
33.60130000 1.00000000
6 1 1
22.91236000 1.00000000
7 1 1
15.80526000 1.00000000
8 1 1
6.89794800 1.00000000
9 2 1
24.44627000 1.00000000
10 2 1
17.12008000 1.00000000

O-HYDROGEN H-BQ_1 (QZSPDZDH) BASIS TYPE: 2
# 
10
1 0 1
34.63529000 1.00000000
2 0 1
23.53722000 1.00000000
3 0 1
16.15827000 1.00000000
4 0 1
2.88059800 1.00000000
5 1 1
33.60130000 1.00000000
6 1 1
22.91236000 1.00000000
7 1 1
15.80526000 1.00000000
8 1 1
6.89794800 1.00000000
9 2 1
24.44627000 1.00000000
10 2 1
17.12008000 1.00000000

O-HYDROGEN H-BR_1 (QZSPDZDH) BASIS TYPE: 2
# 
10
1 0 1
34.63529000 1.00000000
2 0 1
23.53722000 1.00000000
3 0 1
16.15827000 1.00000000
4 0 1
2.88059800 1.00000000
5 1 1
33.60130000 1.00000000
6 1 1
22.91236000 1.00000000
7 1 1
15.80526000 1.00000000
8 1 1
6.89794800 1.00000000
9 2 1
24.44627000 1.00000000
10 2 1
17.12008000 1.00000000

O-HYDROGEN H-BS_1 (QZSPDZDH) BASIS TYPE: 2
# 
10
1 0 1
34.63529000 1.00000000
2 0 1
23.53722000 1.00000000
3 0 1
16.15827000 1.00000000
4 0 1
2.88059800 1.00000000
5 1 1
33.60130000 1.00000000
6 1 1
22.91236000 1.00000000
7 1 1
15.80526000 1.00000000
8 1 1
6.89794800 1.00000000
9 2 1
24.44627000 1.00000000
10 2 1
17.12008000 1.00000000

O-HYDROGEN H-BT_1 (QZSPDZDH) BASIS TYPE: 2
# 
10
1 0 1
34.63529000 1.00000000
2 0 1
23.53722000 1.00000000
3 0 1
16.15827000 1.00000000
4 0 1
2.88059800 1.00000000
5 1 1
33.60130000 1.00000000
6 1 1
22.91236000 1.00000000
7 1 1
15.80526000 1.00000000
8 1 1
6.89794800 1.00000000
9 2 1
24.44627000 1.00000000
10 2 1
17.12008000 1.00000000

O-HYDROGEN H-BU_1 (QZSPDZDH) BASIS TYPE: 2
# 
10
1 0 1
34.63529000 1.00000000
2 0 1
23.53722000 1.00000000
3 0 1
16.15827000 1.00000000
4 0 1
2.88059800 1.00000000
5 1 1
33.60130000 1.00000000
6 1 1
22.91236000 1.00000000
7 1 1
15.80526000 1.00000000
8 1 1
6.89794800 1.00000000
9 2 1
24.44627000 1.00000000
10 2 1
17.12008000 1.00000000

O-HYDROGEN H-BV_1 (QZSPDZDH) BASIS TYPE: 2
# 
10
1 0 1
34.63529000 1.00000000
2 0 1
23.53722000 1.00000000
3 0 1
16.15827000 1.00000000
4 0 1
2.88059800 1.00000000
5 1 1
33.60130000 1.00000000
6 1 1
22.91236000 1.00000000
7 1 1
15.80526000 1.00000000
8 1 1
6.89794800 1.00000000
9 2 1
24.44627000 1.00000000
10 2 1
17.12008000 1.00000000

O-HYDROGEN H-BW_1 (QZSPDZDH) BASIS TYPE: 2
# 
10
1 0 1
34.63529000 1.00000000
2 0 1
23.53722000 1.00000000
3 0 1
16.15827000 1.00000000
4 0 1
2.88059800 1.00000000
5 1 1
33.60130000 1.00000000
6 1 1
22.91236000 1.00000000
7 1 1
15.80526000 1.00000000
8 1 1
6.89794800 1.00000000
9 2 1
24.44627000 1.00000000
10 2 1
17.12008000 1.00000000

O-HYDROGEN H-BX_1 (QZSPDZDH) BASIS TYPE: 2
# 
10
1 0 1
34.63529000 1.00000000
2 0 1
23.53722000 1.00000000
3 0 1
16.15827000 1.00000000
4 0 1
2.88059800 1.00000000
5 1 1
33.60130000 1.00000000
6 1 1
22.91236000 1.00000000
7 1 1
15.80526000 1.00000000
8 1 1
6.89794800 1.00000000
9 2 1
24.44627000 1.00000000
10 2 1
17.12008000 1.00000000

O-HYDROGEN H-BY_1 (QZSPDZDH) BASIS TYPE: 2
# 
10
1 0 1
34.63529000 1.00000000
2 0 1
23.53722000 1.00000000
3 0 1
16.15827000 1.00000000
4 0 1
2.88059800 1.00000000
5 1 1
33.60130000 1.00000000
6 1 1
22.91236000 1.00000000
7 1 1
15.80526000 1.00000000
8 1 1
6.89794800 1.00000000
9 2 1
24.44627000 1.00000000
10 2 1
17.12008000 1.00000000

O-HYDROGEN H-BZ_1 (QZSPDZDH) BASIS TYPE: 2
# 
10
1 0 1
34.63529000 1.00000000
2 0 1
23.53722000 1.00000000
3 0 1
16.15827000 1.00000000
4 0 1
2.88059800 1.00000000
5 1 1
33.60130000 1.00000000
6 1 1
22.91236000 1.00000000
7 1 1
15.80526000 1.00000000
8 1 1
6.89794800 1.00000000
9 2 1
24.44627000 1.00000000
10 2 1
17.12008000 1.00000000

O-HYDROGEN H-CA_1 (QZSPDZDH) BASIS TYPE: 2
# 
10
1 0 1
34.63529000 1.00000000
2 0 1
23.53722000 1.00000000
3 0 1
16.15827000 1.00000000
4 0 1
2.88059800 1.00000000
5 1 1
33.60130000 1.00000000
6 1 1
22.91236000 1.00000000
7 1 1
15.80526000 1.00000000
8 1 1
6.89794800 1.00000000
9 2 1
24.44627000 1.00000000
10 2 1
17.12008000 1.00000000

O-HYDROGEN H-CB_1 (QZSPDZDH) BASIS TYPE: 2
# 
10
1 0 1
34.63529000 1.00000000
2 0 1
23.53722000 1.00000000
3 0 1
16.15827000 1.00000000
4 0 1
2.88059800 1.00000000
5 1 1
33.60130000 1.00000000
6 1 1
22.91236000 1.00000000
7 1 1
15.80526000 1.00000000
8 1 1
6.89794800 1.00000000
9 2 1
24.44627000 1.00000000
10 2 1
17.12008000 1.00000000

O-HYDROGEN H-CC_1 (QZSPDZDH) BASIS TYPE: 2
# 
10
1 0 1
34.63529000 1.00000000
2 0 1
23.53722000 1.00000000
3 0 1
16.15827000 1.00000000
4 0 1
2.88059800 1.00000000
5 1 1
33.60130000 1.00000000
6 1 1
22.91236000 1.00000000
7 1 1
15.80526000 1.00000000
8 1 1
6.89794800 1.00000000
9 2 1
24.44627000 1.00000000
10 2 1
17.12008000 1.00000000

O-HYDROGEN H-CD_1 (QZSPDZDH) BASIS TYPE: 2
# 
10
1 0 1
34.63529000 1.00000000
2 0 1
23.53722000 1.00000000
3 0 1
16.15827000 1.00000000
4 0 1
2.88059800 1.00000000
5 1 1
33.60130000 1.00000000
6 1 1
22.91236000 1.00000000
7 1 1
15.80526000 1.00000000
8 1 1
6.89794800 1.00000000
9 2 1
24.44627000 1.00000000
10 2 1
17.12008000 1.00000000

O-HYDROGEN H-CE_1 (QZSPDZDH) BASIS TYPE: 2
# 
10
1 0 1
34.63529000 1.00000000
2 0 1
23.53722000 1.00000000
3 0 1
16.15827000 1.00000000
4 0 1
2.88059800 1.00000000
5 1 1
33.60130000 1.00000000
6 1 1
22.91236000 1.00000000
7 1 1
15.80526000 1.00000000
8 1 1
6.89794800 1.00000000
9 2 1
24.44627000 1.00000000
10 2 1
17.12008000 1.00000000

O-HYDROGEN H-CF_1 (QZSPDZDH) BASIS TYPE: 2
# 
10
1 0 1
34.63529000 1.00000000
2 0 1
23.53722000 1.00000000
3 0 1
16.15827000 1.00000000
4 0 1
2.88059800 1.00000000
5 1 1
33.60130000 1.00000000
6 1 1
22.91236000 1.00000000
7 1 1
15.80526000 1.00000000
8 1 1
6.89794800 1.00000000
9 2 1
24.44627000 1.00000000
10 2 1
17.12008000 1.00000000

O-HYDROGEN H-CG_1 (QZSPDZDH) BASIS TYPE: 2
# 
10
1 0 1
34.63529000 1.00000000
2 0 1
23.53722000 1.00000000
3 0 1
16.15827000 1.00000000
4 0 1
2.88059800 1.00000000
5 1 1
33.60130000 1.00000000
6 1 1
22.91236000 1.00000000
7 1 1
15.80526000 1.00000000
8 1 1
6.89794800 1.00000000
9 2 1
24.44627000 1.00000000
10 2 1
17.12008000 1.00000000

O-HYDROGEN H-CH_1 (QZSPDZDH) BASIS TYPE: 2
# 
10
1 0 1
34.63529000 1.00000000
2 0 1
23.53722000 1.00000000
3 0 1
16.15827000 1.00000000
4 0 1
2.88059800 1.00000000
5 1 1
33.60130000 1.00000000
6 1 1
22.91236000 1.00000000
7 1 1
15.80526000 1.00000000
8 1 1
6.89794800 1.00000000
9 2 1
24.44627000 1.00000000
10 2 1
17.12008000 1.00000000

O-HYDROGEN H-CI_1 (QZSPDZDH) BASIS TYPE: 2
# 
10
1 0 1
34.63529000 1.00000000
2 0 1
23.53722000 1.00000000
3 0 1
16.15827000 1.00000000
4 0 1
2.88059800 1.00000000
5 1 1
33.60130000 1.00000000
6 1 1
22.91236000 1.00000000
7 1 1
15.80526000 1.00000000
8 1 1
6.89794800 1.00000000
9 2 1
24.44627000 1.00000000
10 2 1
17.12008000 1.00000000

O-HYDROGEN H-CJ_1 (QZSPDZDH) BASIS TYPE: 2
# 
10
1 0 1
34.63529000 1.00000000
2 0 1
23.53722000 1.00000000
3 0 1
16.15827000 1.00000000
4 0 1
2.88059800 1.00000000
5 1 1
33.60130000 1.00000000
6 1 1
22.91236000 1.00000000
7 1 1
15.80526000 1.00000000
8 1 1
6.89794800 1.00000000
9 2 1
24.44627000 1.00000000
10 2 1
17.12008000 1.00000000

O-HYDROGEN H-CK_1 (QZSPDZDH) BASIS TYPE: 2
# 
10
1 0 1
34.63529000 1.00000000
2 0 1
23.53722000 1.00000000
3 0 1
16.15827000 1.00000000
4 0 1
2.88059800 1.00000000
5 1 1
33.60130000 1.00000000
6 1 1
22.91236000 1.00000000
7 1 1
15.80526000 1.00000000
8 1 1
6.89794800 1.00000000
9 2 1
24.44627000 1.00000000
10 2 1
17.12008000 1.00000000

O-HYDROGEN H-CL_1 (QZSPDZDH) BASIS TYPE: 2
# 
10
1 0 1
34.63529000 1.00000000
2 0 1
23.53722000 1.00000000
3 0 1
16.15827000 1.00000000
4 0 1
2.88059800 1.00000000
5 1 1
33.60130000 1.00000000
6 1 1
22.91236000 1.00000000
7 1 1
15.80526000 1.00000000
8 1 1
6.89794800 1.00000000
9 2 1
24.44627000 1.00000000
10 2 1
17.12008000 1.00000000

O-HYDROGEN H-CM_1 (QZSPDZDH) BASIS TYPE: 2
# 
10
1 0 1
34.63529000 1.00000000
2 0 1
23.53722000 1.00000000
3 0 1
16.15827000 1.00000000
4 0 1
2.88059800 1.00000000
5 1 1
33.60130000 1.00000000
6 1 1
22.91236000 1.00000000
7 1 1
15.80526000 1.00000000
8 1 1
6.89794800 1.00000000
9 2 1
24.44627000 1.00000000
10 2 1
17.12008000 1.00000000

O-HYDROGEN H-CN_1 (QZSPDZDH) BASIS TYPE: 2
# 
10
1 0 1
34.63529000 1.00000000
2 0 1
23.53722000 1.00000000
3 0 1
16.15827000 1.00000000
4 0 1
2.88059800 1.00000000
5 1 1
33.60130000 1.00000000
6 1 1
22.91236000 1.00000000
7 1 1
15.80526000 1.00000000
8 1 1
6.89794800 1.00000000
9 2 1
24.44627000 1.00000000
10 2 1
17.12008000 1.00000000

O-HYDROGEN H-CO_1 (QZSPDZDH) BASIS TYPE: 2
# 
10
1 0 1
34.63529000 1.00000000
2 0 1
23.53722000 1.00000000
3 0 1
16.15827000 1.00000000
4 0 1
2.88059800 1.00000000
5 1 1
33.60130000 1.00000000
6 1 1
22.91236000 1.00000000
7 1 1
15.80526000 1.00000000
8 1 1
6.89794800 1.00000000
9 2 1
24.44627000 1.00000000
10 2 1
17.12008000 1.00000000

O-HYDROGEN H-CP_1 (QZSPDZDH) BASIS TYPE: 2
# 
10
1 0 1
34.63529000 1.00000000
2 0 1
23.53722000 1.00000000
3 0 1
16.15827000 1.00000000
4 0 1
2.88059800 1.00000000
5 1 1
33.60130000 1.00000000
6 1 1
22.91236000 1.00000000
7 1 1
15.80526000 1.00000000
8 1 1
6.89794800 1.00000000
9 2 1
24.44627000 1.00000000
10 2 1
17.12008000 1.00000000

O-HYDROGEN H-CQ_1 (QZSPDZDH) BASIS TYPE: 2
# 
10
1 0 1
34.63529000 1.00000000
2 0 1
23.53722000 1.00000000
3 0 1
16.15827000 1.00000000
4 0 1
2.88059800 1.00000000
5 1 1
33.60130000 1.00000000
6 1 1
22.91236000 1.00000000
7 1 1
15.80526000 1.00000000
8 1 1
6.89794800 1.00000000
9 2 1
24.44627000 1.00000000
10 2 1
17.12008000 1.00000000

O-HYDROGEN H-CR_1 (QZSPDZDH) BASIS TYPE: 2
# 
10
1 0 1
34.63529000 1.00000000
2 0 1
23.53722000 1.00000000
3 0 1
16.15827000 1.00000000
4 0 1
2.88059800 1.00000000
5 1 1
33.60130000 1.00000000
6 1 1
22.91236000 1.00000000
7 1 1
15.80526000 1.00000000
8 1 1
6.89794800 1.00000000
9 2 1
24.44627000 1.00000000
10 2 1
17.12008000 1.00000000

O-HYDROGEN H-CS_1 (QZSPDZDH) BASIS TYPE: 2
# 
10
1 0 1
34.63529000 1.00000000
2 0 1
23.53722000 1.00000000
3 0 1
16.15827000 1.00000000
4 0 1
2.88059800 1.00000000
5 1 1
33.60130000 1.00000000
6 1 1
22.91236000 1.00000000
7 1 1
15.80526000 1.00000000
8 1 1
6.89794800 1.00000000
9 2 1
24.44627000 1.00000000
10 2 1
17.12008000 1.00000000

O-HYDROGEN H-CT_1 (QZSPDZDH) BASIS TYPE: 2
# 
10
1 0 1
34.63529000 1.00000000
2 0 1
23.53722000 1.00000000
3 0 1
16.15827000 1.00000000
4 0 1
2.88059800 1.00000000
5 1 1
33.60130000 1.00000000
6 1 1
22.91236000 1.00000000
7 1 1
15.80526000 1.00000000
8 1 1
6.89794800 1.00000000
9 2 1
24.44627000 1.00000000
10 2 1
17.12008000 1.00000000

O-HYDROGEN H-CU_1 (QZSPDZDH) BASIS TYPE: 2
# 
10
1 0 1
34.63529000 1.00000000
2 0 1
23.53722000 1.00000000
3 0 1
16.15827000 1.00000000
4 0 1
2.88059800 1.00000000
5 1 1
33.60130000 1.00000000
6 1 1
22.91236000 1.00000000
7 1 1
15.80526000 1.00000000
8 1 1
6.89794800 1.00000000
9 2 1
24.44627000 1.00000000
10 2 1
17.12008000 1.00000000

O-HYDROGEN H-CV_1 (QZSPDZDH) BASIS TYPE: 2
# 
10
1 0 1
34.63529000 1.00000000
2 0 1
23.53722000 1.00000000
3 0 1
16.15827000 1.00000000
4 0 1
2.88059800 1.00000000
5 1 1
33.60130000 1.00000000
6 1 1
22.91236000 1.00000000
7 1 1
15.80526000 1.00000000
8 1 1
6.89794800 1.00000000
9 2 1
24.44627000 1.00000000
10 2 1
17.12008000 1.00000000

O-HYDROGEN H-CW_1 (QZSPDZDH) BASIS TYPE: 2
# 
10
1 0 1
34.63529000 1.00000000
2 0 1
23.53722000 1.00000000
3 0 1
16.15827000 1.00000000
4 0 1
2.88059800 1.00000000
5 1 1
33.60130000 1.00000000
6 1 1
22.91236000 1.00000000
7 1 1
15.80526000 1.00000000
8 1 1
6.89794800 1.00000000
9 2 1
24.44627000 1.00000000
10 2 1
17.12008000 1.00000000

O-HYDROGEN H-CX_1 (QZSPDZDH) BASIS TYPE: 2
# 
10
1 0 1
34.63529000 1.00000000
2 0 1
23.53722000 1.00000000
3 0 1
16.15827000 1.00000000
4 0 1
2.88059800 1.00000000
5 1 1
33.60130000 1.00000000
6 1 1
22.91236000 1.00000000
7 1 1
15.80526000 1.00000000
8 1 1
6.89794800 1.00000000
9 2 1
24.44627000 1.00000000
10 2 1
17.12008000 1.00000000

O-HYDROGEN H-CY_1 (QZSPDZDH) BASIS TYPE: 2
# 
10
1 0 1
34.63529000 1.00000000
2 0 1
23.53722000 1.00000000
3 0 1
16.15827000 1.00000000
4 0 1
2.88059800 1.00000000
5 1 1
33.60130000 1.00000000
6 1 1
22.91236000 1.00000000
7 1 1
15.80526000 1.00000000
8 1 1
6.89794800 1.00000000
9 2 1
24.44627000 1.00000000
10 2 1
17.12008000 1.00000000

O-HYDROGEN H-CZ_1 (QZSPDZDH) BASIS TYPE: 2
# 
10
1 0 1
34.63529000 1.00000000
2 0 1
23.53722000 1.00000000
3 0 1
16.15827000 1.00000000
4 0 1
2.88059800 1.00000000
5 1 1
33.60130000 1.00000000
6 1 1
22.91236000 1.00000000
7 1 1
15.80526000 1.00000000
8 1 1
6.89794800 1.00000000
9 2 1
24.44627000 1.00000000
10 2 1
17.12008000 1.00000000

O-HYDROGEN H-DA_1 (QZSPDZDH) BASIS TYPE: 2
# 
10
1 0 1
34.63529000 1.00000000
2 0 1
23.53722000 1.00000000
3 0 1
16.15827000 1.00000000
4 0 1
2.88059800 1.00000000
5 1 1
33.60130000 1.00000000
6 1 1
22.91236000 1.00000000
7 1 1
15.80526000 1.00000000
8 1 1
6.89794800 1.00000000
9 2 1
24.44627000 1.00000000
10 2 1
17.12008000 1.00000000

O-HYDROGEN H-DB_1 (QZSPDZDH) BASIS TYPE: 2
# 
10
1 0 1
34.63529000 1.00000000
2 0 1
23.53722000 1.00000000
3 0 1
16.15827000 1.00000000
4 0 1
2.88059800 1.00000000
5 1 1
33.60130000 1.00000000
6 1 1
22.91236000 1.00000000
7 1 1
15.80526000 1.00000000
8 1 1
6.89794800 1.00000000
9 2 1
24.44627000 1.00000000
10 2 1
17.12008000 1.00000000

O-HYDROGEN H-DC_1 (QZSPDZDH) BASIS TYPE: 2
# 
10
1 0 1
34.63529000 1.00000000
2 0 1
23.53722000 1.00000000
3 0 1
16.15827000 1.00000000
4 0 1
2.88059800 1.00000000
5 1 1
33.60130000 1.00000000
6 1 1
22.91236000 1.00000000
7 1 1
15.80526000 1.00000000
8 1 1
6.89794800 1.00000000
9 2 1
24.44627000 1.00000000
10 2 1
17.12008000 1.00000000

O-HYDROGEN H-DD_1 (QZSPDZDH) BASIS TYPE: 2
# 
10
1 0 1
34.63529000 1.00000000
2 0 1
23.53722000 1.00000000
3 0 1
16.15827000 1.00000000
4 0 1
2.88059800 1.00000000
5 1 1
33.60130000 1.00000000
6 1 1
22.91236000 1.00000000
7 1 1
15.80526000 1.00000000
8 1 1
6.89794800 1.00000000
9 2 1
24.44627000 1.00000000
10 2 1
17.12008000 1.00000000

O-HYDROGEN H-DE_1 (QZSPDZDH) BASIS TYPE: 2
# 
10
1 0 1
34.63529000 1.00000000
2 0 1
23.53722000 1.00000000
3 0 1
16.15827000 1.00000000
4 0 1
2.88059800 1.00000000
5 1 1
33.60130000 1.00000000
6 1 1
22.91236000 1.00000000
7 1 1
15.80526000 1.00000000
8 1 1
6.89794800 1.00000000
9 2 1
24.44627000 1.00000000
10 2 1
17.12008000 1.00000000

O-HYDROGEN H-DF_1 (QZSPDZDH) BASIS TYPE: 2
# 
10
1 0 1
34.63529000 1.00000000
2 0 1
23.53722000 1.00000000
3 0 1
16.15827000 1.00000000
4 0 1
2.88059800 1.00000000
5 1 1
33.60130000 1.00000000
6 1 1
22.91236000 1.00000000
7 1 1
15.80526000 1.00000000
8 1 1
6.89794800 1.00000000
9 2 1
24.44627000 1.00000000
10 2 1
17.12008000 1.00000000

O-HYDROGEN H-DG_1 (QZSPDZDH) BASIS TYPE: 2
# 
10
1 0 1
34.63529000 1.00000000
2 0 1
23.53722000 1.00000000
3 0 1
16.15827000 1.00000000
4 0 1
2.88059800 1.00000000
5 1 1
33.60130000 1.00000000
6 1 1
22.91236000 1.00000000
7 1 1
15.80526000 1.00000000
8 1 1
6.89794800 1.00000000
9 2 1
24.44627000 1.00000000
10 2 1
17.12008000 1.00000000

O-HYDROGEN H-DH_1 (QZSPDZDH) BASIS TYPE: 2
# 
10
1 0 1
34.63529000 1.00000000
2 0 1
23.53722000 1.00000000
3 0 1
16.15827000 1.00000000
4 0 1
2.88059800 1.00000000
5 1 1
33.60130000 1.00000000
6 1 1
22.91236000 1.00000000
7 1 1
15.80526000 1.00000000
8 1 1
6.89794800 1.00000000
9 2 1
24.44627000 1.00000000
10 2 1
17.12008000 1.00000000

O-HYDROGEN H-DI_1 (QZSPDZDH) BASIS TYPE: 2
# 
10
1 0 1
34.63529000 1.00000000
2 0 1
23.53722000 1.00000000
3 0 1
16.15827000 1.00000000
4 0 1
2.88059800 1.00000000
5 1 1
33.60130000 1.00000000
6 1 1
22.91236000 1.00000000
7 1 1
15.80526000 1.00000000
8 1 1
6.89794800 1.00000000
9 2 1
24.44627000 1.00000000
10 2 1
17.12008000 1.00000000

O-HYDROGEN H-DJ_1 (QZSPDZDH) BASIS TYPE: 2
# 
10
1 0 1
34.63529000 1.00000000
2 0 1
23.53722000 1.00000000
3 0 1
16.15827000 1.00000000
4 0 1
2.88059800 1.00000000
5 1 1
33.60130000 1.00000000
6 1 1
22.91236000 1.00000000
7 1 1
15.80526000 1.00000000
8 1 1
6.89794800 1.00000000
9 2 1
24.44627000 1.00000000
10 2 1
17.12008000 1.00000000

O-HYDROGEN H-DK_1 (QZSPDZDH) BASIS TYPE: 2
# 
10
1 0 1
34.63529000 1.00000000
2 0 1
23.53722000 1.00000000
3 0 1
16.15827000 1.00000000
4 0 1
2.88059800 1.00000000
5 1 1
33.60130000 1.00000000
6 1 1
22.91236000 1.00000000
7 1 1
15.80526000 1.00000000
8 1 1
6.89794800 1.00000000
9 2 1
24.44627000 1.00000000
10 2 1
17.12008000 1.00000000

O-HYDROGEN H-DL_1 (QZSPDZDH) BASIS TYPE: 2
# 
10
1 0 1
34.63529000 1.00000000
2 0 1
23.53722000 1.00000000
3 0 1
16.15827000 1.00000000
4 0 1
2.88059800 1.00000000
5 1 1
33.60130000 1.00000000
6 1 1
22.91236000 1.00000000
7 1 1
15.80526000 1.00000000
8 1 1
6.89794800 1.00000000
9 2 1
24.44627000 1.00000000
10 2 1
17.12008000 1.00000000

O-HYDROGEN H-DM_1 (QZSPDZDH) BASIS TYPE: 2
# 
10
1 0 1
34.63529000 1.00000000
2 0 1
23.53722000 1.00000000
3 0 1
16.15827000 1.00000000
4 0 1
2.88059800 1.00000000
5 1 1
33.60130000 1.00000000
6 1 1
22.91236000 1.00000000
7 1 1
15.80526000 1.00000000
8 1 1
6.89794800 1.00000000
9 2 1
24.44627000 1.00000000
10 2 1
17.12008000 1.00000000

O-HYDROGEN H-DN_1 (QZSPDZDH) BASIS TYPE: 2
# 
10
1 0 1
34.63529000 1.00000000
2 0 1
23.53722000 1.00000000
3 0 1
16.15827000 1.00000000
4 0 1
2.88059800 1.00000000
5 1 1
33.60130000 1.00000000
6 1 1
22.91236000 1.00000000
7 1 1
15.80526000 1.00000000
8 1 1
6.89794800 1.00000000
9 2 1
24.44627000 1.00000000
10 2 1
17.12008000 1.00000000

O-HYDROGEN H-DO_1 (QZSPDZDH) BASIS TYPE: 2
# 
10
1 0 1
34.63529000 1.00000000
2 0 1
23.53722000 1.00000000
3 0 1
16.15827000 1.00000000
4 0 1
2.88059800 1.00000000
5 1 1
33.60130000 1.00000000
6 1 1
22.91236000 1.00000000
7 1 1
15.80526000 1.00000000
8 1 1
6.89794800 1.00000000
9 2 1
24.44627000 1.00000000
10 2 1
17.12008000 1.00000000

O-HYDROGEN H-DP_1 (QZSPDZDH) BASIS TYPE: 2
# 
10
1 0 1
34.63529000 1.00000000
2 0 1
23.53722000 1.00000000
3 0 1
16.15827000 1.00000000
4 0 1
2.88059800 1.00000000
5 1 1
33.60130000 1.00000000
6 1 1
22.91236000 1.00000000
7 1 1
15.80526000 1.00000000
8 1 1
6.89794800 1.00000000
9 2 1
24.44627000 1.00000000
10 2 1
17.12008000 1.00000000

O-HYDROGEN H-DQ_1 (QZSPDZDH) BASIS TYPE: 2
# 
10
1 0 1
34.63529000 1.00000000
2 0 1
23.53722000 1.00000000
3 0 1
16.15827000 1.00000000
4 0 1
2.88059800 1.00000000
5 1 1
33.60130000 1.00000000
6 1 1
22.91236000 1.00000000
7 1 1
15.80526000 1.00000000
8 1 1
6.89794800 1.00000000
9 2 1
24.44627000 1.00000000
10 2 1
17.12008000 1.00000000

O-HYDROGEN H-DR_1 (QZSPDZDH) BASIS TYPE: 2
# 
10
1 0 1
34.63529000 1.00000000
2 0 1
23.53722000 1.00000000
3 0 1
16.15827000 1.00000000
4 0 1
2.88059800 1.00000000
5 1 1
33.60130000 1.00000000
6 1 1
22.91236000 1.00000000
7 1 1
15.80526000 1.00000000
8 1 1
6.89794800 1.00000000
9 2 1
24.44627000 1.00000000
10 2 1
17.12008000 1.00000000

O-HYDROGEN H-DS_1 (QZSPDZDH) BASIS TYPE: 2
# 
10
1 0 1
34.63529000 1.00000000
2 0 1
23.53722000 1.00000000
3 0 1
16.15827000 1.00000000
4 0 1
2.88059800 1.00000000
5 1 1
33.60130000 1.00000000
6 1 1
22.91236000 1.00000000
7 1 1
15.80526000 1.00000000
8 1 1
6.89794800 1.00000000
9 2 1
24.44627000 1.00000000
10 2 1
17.12008000 1.00000000

O-HYDROGEN H-DT_1 (QZSPDZDH) BASIS TYPE: 2
# 
10
1 0 1
34.63529000 1.00000000
2 0 1
23.53722000 1.00000000
3 0 1
16.15827000 1.00000000
4 0 1
2.88059800 1.00000000
5 1 1
33.60130000 1.00000000
6 1 1
22.91236000 1.00000000
7 1 1
15.80526000 1.00000000
8 1 1
6.89794800 1.00000000
9 2 1
24.44627000 1.00000000
10 2 1
17.12008000 1.00000000

O-HYDROGEN H-DU_1 (QZSPDZDH) BASIS TYPE: 2
# 
10
1 0 1
34.63529000 1.00000000
2 0 1
23.53722000 1.00000000
3 0 1
16.15827000 1.00000000
4 0 1
2.88059800 1.00000000
5 1 1
33.60130000 1.00000000
6 1 1
22.91236000 1.00000000
7 1 1
15.80526000 1.00000000
8 1 1
6.89794800 1.00000000
9 2 1
24.44627000 1.00000000
10 2 1
17.12008000 1.00000000

O-HYDROGEN H-DV_1 (QZSPDZDH) BASIS TYPE: 2
# 
10
1 0 1
34.63529000 1.00000000
2 0 1
23.53722000 1.00000000
3 0 1
16.15827000 1.00000000
4 0 1
2.88059800 1.00000000
5 1 1
33.60130000 1.00000000
6 1 1
22.91236000 1.00000000
7 1 1
15.80526000 1.00000000
8 1 1
6.89794800 1.00000000
9 2 1
24.44627000 1.00000000
10 2 1
17.12008000 1.00000000

O-HYDROGEN H-DW_1 (QZSPDZDH) BASIS TYPE: 2
# 
10
1 0 1
34.63529000 1.00000000
2 0 1
23.53722000 1.00000000
3 0 1
16.15827000 1.00000000
4 0 1
2.88059800 1.00000000
5 1 1
33.60130000 1.00000000
6 1 1
22.91236000 1.00000000
7 1 1
15.80526000 1.00000000
8 1 1
6.89794800 1.00000000
9 2 1
24.44627000 1.00000000
10 2 1
17.12008000 1.00000000

O-HYDROGEN H-DX_1 (QZSPDZDH) BASIS TYPE: 2
# 
10
1 0 1
34.63529000 1.00000000
2 0 1
23.53722000 1.00000000
3 0 1
16.15827000 1.00000000
4 0 1
2.88059800 1.00000000
5 1 1
33.60130000 1.00000000
6 1 1
22.91236000 1.00000000
7 1 1
15.80526000 1.00000000
8 1 1
6.89794800 1.00000000
9 2 1
24.44627000 1.00000000
10 2 1
17.12008000 1.00000000

O-HYDROGEN H-DY_1 (QZSPDZDH) BASIS TYPE: 2
# 
10
1 0 1
34.63529000 1.00000000
2 0 1
23.53722000 1.00000000
3 0 1
16.15827000 1.00000000
4 0 1
2.88059800 1.00000000
5 1 1
33.60130000 1.00000000
6 1 1
22.91236000 1.00000000
7 1 1
15.80526000 1.00000000
8 1 1
6.89794800 1.00000000
9 2 1
24.44627000 1.00000000
10 2 1
17.12008000 1.00000000

O-HYDROGEN H-DZ_1 (QZSPDZDH) BASIS TYPE: 2
# 
10
1 0 1
34.63529000 1.00000000
2 0 1
23.53722000 1.00000000
3 0 1
16.15827000 1.00000000
4 0 1
2.88059800 1.00000000
5 1 1
33.60130000 1.00000000
6 1 1
22.91236000 1.00000000
7 1 1
15.80526000 1.00000000
8 1 1
6.89794800 1.00000000
9 2 1
24.44627000 1.00000000
10 2 1
17.12008000 1.00000000

