O-HYDROGEN H_1 (QZSPDZDH) BASIS TYPE: 2
# 
10
1 0 1
34.63529000 1.00000000
2 0 1
23.53722000 1.00000000
3 0 1
16.15827000 1.00000000
4 0 1
2.88059800 1.00000000
5 1 1
33.60130000 1.00000000
6 1 1
22.91236000 1.00000000
7 1 1
15.80526000 1.00000000
8 1 1
6.89794800 1.00000000
9 2 1
23.70662000 1.00000000
10 2 1
16.73036000 1.00000000

O-HYDROGEN H-A_1 (QZSPDZDH) BASIS TYPE: 2
# 
10
1 0 1
34.63529000 1.00000000
2 0 1
23.53722000 1.00000000
3 0 1
16.15827000 1.00000000
4 0 1
2.88059800 1.00000000
5 1 1
33.60130000 1.00000000
6 1 1
22.91236000 1.00000000
7 1 1
15.80526000 1.00000000
8 1 1
6.89794800 1.00000000
9 2 1
23.70662000 1.00000000
10 2 1
16.73036000 1.00000000

O-HYDROGEN H-B_1 (QZSPDZDH) BASIS TYPE: 2
# 
10
1 0 1
34.63529000 1.00000000
2 0 1
23.53722000 1.00000000
3 0 1
16.15827000 1.00000000
4 0 1
2.88059800 1.00000000
5 1 1
33.60130000 1.00000000
6 1 1
22.91236000 1.00000000
7 1 1
15.80526000 1.00000000
8 1 1
6.89794800 1.00000000
9 2 1
23.70662000 1.00000000
10 2 1
16.73036000 1.00000000
