O-POSITRON E+ (sharon) BASIS TYPE: 2
#
8
1 0 1
4.9231  1.0
2 0 1
0.92126 1.0
3 0 1
0.32058 1.0
4 0 1
0.14169  1.0
5 0 1
0.061803  1.0
6 0 1
0.0267577 1.0
7 1 1
0.27492  1.0
8 1 1
0.084534  1.0

O-POSITRON E+A (sharon) BASIS TYPE: 2
#
8
1 0 1
4.9231  1.0
2 0 1
0.92126 1.0
3 0 1
0.32058 1.0
4 0 1
0.14169  1.0
5 0 1
0.061803  1.0
6 0 1
0.0267577 1.0
7 1 1
0.27492  1.0
8 1 1
0.084534  1.0

O-POSITRON E+B (sharon) BASIS TYPE: 2
#
8
1 0 1
4.9231  1.0
2 0 1
0.92126 1.0
3 0 1
0.32058 1.0
4 0 1
0.14169  1.0
5 0 1
0.061803  1.0
6 0 1
0.0267577 1.0
7 1 1
0.27492  1.0
8 1 1
0.084534  1.0
