O-HYDROGEN H (SHARON-E-6S3P1D) BASIS TYPE: 1
#
10
1 0 1 
66.01100 1.0000 
2 0 1
10.00200 1.0000 
3 0 1
2.358500 1.0000 
4 0 1
0.736590 1.0000 
5 0 1
0.268470 1.0000 
6 0 1
0.049378 1.0000 
7 1 1
0.677710 1.0000 
8 1 1
0.199220 1.0000 
9 1 1
0.075304 1.0000 
10 2 1
0.172320 1.0000  

O-HYDROGEN EA- (SHARON-E-6S3P1D) BASIS TYPE: 2
#
10
1 0 1 
66.01100 1.0000 
2 0 1
10.00200 1.0000 
3 0 1
2.358500 1.0000 
4 0 1
0.736590 1.0000 
5 0 1
0.268470 1.0000 
6 0 1
0.049378 1.0000 
7 1 1
0.677710 1.0000 
8 1 1
0.199220 1.0000 
9 1 1
0.075304 1.0000 
10 2 1
0.172320 1.0000  
