O-S_32 S_32 (13S) BASIS TYPE: 2
# (1S)-[1S]
13
1 0 1
8652454.93222656 1.00000000
2 0 1
18641149.05965051 1.00000000
3 0 1
40161138.19557193 1.00000000
4 0 1
86524549.31842417 1.00000000
5 0 1
186411490.58822888 1.00000000
6 0 1
401611381.93788880 1.00000000
7 0 1
865245493.14582705 1.00000000
8 0 1
1864114905.79952693 1.00000000
9 0 1
4016113819.20058346 1.00000000
10 0 1
8652454931.07412529 1.00000000
11 0 1
18641149057.16765213 1.00000000
12 0 1
40161138190.22278595 1.00000000
13 0 1
86524549306.89978027 1.00000000

O-U- U- (13S) BASIS TYPE: 2
# (1S)-[1S]
13
1 0 1
30853.44509453 1.00000000
2 0 1
66471.73241767 1.00000000
3 0 1
143209.00622502 1.00000000
4 0 1
308534.45093162 1.00000000
5 0 1
664717.32414718 1.00000000
6 0 1
1432090.06218665 1.00000000
7 0 1
3085344.50917918 1.00000000
8 0 1
6647173.24117664 1.00000000
9 0 1
14320900.62123069 1.00000000
10 0 1
30853445.09042194 1.00000000
11 0 1
66471732.40881522 1.00000000
12 0 1
143209006.20594877 1.00000000
13 0 1
308534450.89052129 1.00000000

