  STO-2G  EMSL  Basis Set Exchange Library   7/13/12 9:22 PM 
 Elements                             References 
  H - He: W.J. Hehre, R.F. Stewart and J.A. Pople, J. Chem. Phys. 2657 (1969). 
 Li - Ne:  
 Na - Ar: W.J. Hehre, R. Ditchfield, R.F. Stewart, J.A. Pople, J. Chem. Phys. 
  K - Kr: 52, 2769 (1970). 
    
O-HYDROGEN H (STO-2G) BASIS TYPE: 1
# 
1
1 0 2
1.30975638 0.43012850
0.23313597 0.67891353

O-HELIUM HE (STO-2G) BASIS TYPE: 1
# 
1
1 0 2
2.43287900 0.43012800
0.43305100 0.67891400

O-LITHIUM LI (STO-2G) BASIS TYPE: 1
# 
3
1 0 2
6.16384500 0.43012800
1.09716100 0.67891400
2 0 2
0.24591600 0.04947200
0.06237100 0.96378200
3 1 2
0.24591600 0.51154100
0.06237100 0.61282000

O-BERYLLIUM BE (STO-2G) BASIS TYPE: 1
# 
3
1 0 2
11.53566900 0.43012800
2.05334300 0.67891400
2 0 2
0.50816300 0.04947200
0.12888400 0.96378200
3 1 2
0.50816300 0.51154100
0.12888400 0.61282000

O-BORON B (STO-2G) BASIS TYPE: 1
# 
3
1 0 2
18.65687300 0.43012800
3.32091400 0.67891400
2 0 2
0.86455000 0.04947200
0.21927300 0.96378200
3 1 2
0.86455000 0.51154100
0.21927300 0.61282000

O-CARBON C (STO-2G) BASIS TYPE: 1
# 
3
1 0 2
27.38503303 0.43012850
4.87452205 0.67891353
2 0 2
1.13674819 0.04947177
0.28830936 0.96378241
3 1 2
1.13674819 0.51154071
0.28830936 0.61281990

O-NITROGEN N (STO-2G) BASIS TYPE: 1
# 
3
1 0 2
37.89647500 0.43012800
6.74555400 0.67891400
2 0 2
1.46108900 0.04947200
0.37057100 0.96378200
3 1 2
1.46108900 0.51154100
0.37057100 0.61282000

O-OXYGEN O (STO-2G) BASIS TYPE: 1
# 
3
1 0 2
49.98097100 0.43012800
8.89658800 0.67891400
2 0 2
1.94523700 0.04947200
0.49336300 0.96378200
3 1 2
1.94523700 0.51154100
0.49336300 0.61282000

O-FLUORINE F (STO-2G) BASIS TYPE: 1
# 
3
1 0 2
63.73520200 0.43012800
11.34483400 0.67891400
2 0 2
2.49854800 0.04947200
0.63369800 0.96378200
3 1 2
2.49854800 0.51154100
0.63369800 0.61282000

O-NEON NE (STO-2G) BASIS TYPE: 1
# 
3
1 0 2
79.15916800 0.43012800
14.09029200 0.67891400
2 0 2
3.18707600 0.04947200
0.80832700 0.96378200
3 1 2
3.18707600 0.51154100
0.80832700 0.61282000

O-SODIUM NA (STO-2G) BASIS TYPE: 1
# 
5
1 0 2
95.89101600 0.43012800
17.06855200 0.67891400
2 0 2
4.65335200 0.04947200
1.18021300 0.96378200
3 1 2
4.65335200 0.51154100
1.18021300 0.61282000
4 0 2
0.28400500 -0.29839900
0.09743900 1.22798300
5 1 2
0.28400500 0.34804700
0.09743900 0.72225200

O-MAGNESIUM MG (STO-2G) BASIS TYPE: 1
# 
5
1 0 2
114.42318300 0.43012800
20.36726900 0.67891400
2 0 2
5.84435500 0.04947200
1.48228300 0.96378200
3 1 2
5.84435500 0.51154100
1.48228300 0.61282000
4 0 2
0.31781500 -0.29839900
0.10903900 1.22798300
5 1 2
0.31781500 0.34804700
0.10903900 0.72225200

O-ALUMINUM AL (STO-2G) BASIS TYPE: 1
# 
5
1 0 2
134.37746100 0.43012800
23.91912000 0.67891400
2 0 2
7.30433000 0.04947200
1.85257100 0.96378200
3 1 2
7.30433000 0.51154100
1.85257100 0.61282000
4 0 2
0.37478700 -0.29839900
0.12858600 1.22798300
5 1 2
0.37478700 0.34804700
0.12858600 0.72225200

O-SILICON SI (STO-2G) BASIS TYPE: 1
# 
5
1 0 2
155.93469100 0.43012800
27.75629600 0.67891400
2 0 2
8.96399600 0.04947200
2.27350600 0.96378200
3 1 2
8.96399600 0.51154100
2.27350600 0.61282000
4 0 2
0.46603500 -0.29839900
0.15989200 1.22798300
5 1 2
0.46603500 0.34804700
0.15989200 0.72225200

O-PHOSPHOROUS P (STO-2G) BASIS TYPE: 1
# 
5
1 0 2
179.09487400 0.43012800
31.87879700 0.67891400
2 0 2
10.83418900 0.04947200
2.74783700 0.96378200
3 1 2
10.83418900 0.51154100
2.74783700 0.61282000
4 0 2
0.58729100 -0.29839900
0.20149400 1.22798300
5 1 2
0.58729100 0.34804700
0.20149400 0.72225200

O-SULFUR S (STO-2G) BASIS TYPE: 1
# 
5
1 0 2
203.85800900 0.43012800
36.28662300 0.67891400
2 0 2
12.88144300 0.04947200
3.26707400 0.96378200
3 1 2
12.88144300 0.51154100
3.26707400 0.61282000
4 0 2
0.72255300 -0.29839900
0.24790100 1.22798300
5 1 2
0.72255300 0.34804700
0.24790100 0.72225200

O-CHLORINE CL (STO-2G) BASIS TYPE: 1
# 
5
1 0 2
229.94410400 0.43012800
40.92993500 0.67891400
2 0 2
15.05761000 0.04947200
3.81900800 0.96378200
3 1 2
15.05761000 0.51154100
3.81900800 0.61282000
4 0 2
0.88834600 -0.29839900
0.30478300 1.22798300
5 1 2
0.88834600 0.34804700
0.30478300 0.72225200

O-ARGON AR (STO-2G) BASIS TYPE: 1
# 
5
1 0 2
257.89661900 0.43012800
45.90546800 0.67891400
2 0 2
17.45529400 0.04947200
4.42712400 0.96378200
3 1 2
17.45529400 0.51154100
4.42712400 0.61282000
4 0 2
1.05309300 -0.29839900
0.36130600 1.22798300
5 1 2
1.05309300 0.34804700
0.36130600 0.72225200

O-POTASSIUM K (STO-2G) BASIS TYPE: 1
# 
7
1 0 2
295.01214650 0.43012850
52.51201337 0.67891353
2 0 2
20.25259239 0.04947177
5.13659222 0.96378241
3 1 2
20.25259239 0.51154071
5.13659222 0.61281990
4 0 2
1.46696645 -0.29839860
0.50330155 1.22798289
5 1 2
1.46696645 0.34804719
0.50330155 0.72225232
6 0 2
0.25404814 -0.66156030
0.10223982 1.51075413
7 1 2
0.25404814 0.13098905
0.10223982 0.89464313

O-CALCIUM CA (STO-2G) BASIS TYPE: 1
# 
7
1 0 2
326.56717270 0.43012850
58.12879211 0.67891353
2 0 2
23.01915102 0.04947177
5.83826455 0.96378241
3 1 2
23.01915102 0.51154071
5.83826455 0.61281990
4 0 2
1.75746946 -0.29839860
0.60297023 1.22798289
5 1 2
1.75746946 0.34804719
0.60297023 0.72225232
6 0 2
0.22978505 -0.66156030
0.09247532 1.51075413
7 1 2
0.22978505 0.13098905
0.09247532 0.89464313

O-STRONTIUM SR (STO-2G) BASIS TYPE: 1
# 
10
1 0 2
1185.76233000 0.43012850
211.06509700 0.67891353
2 0 2
101.83948210 0.04947177
25.82918184 0.96378241
3 1 2
101.83948210 0.51154071
25.82918184 0.61281990
4 0 2
12.54411156 -0.31217170
3.87973200 1.22539842
5 1 2
12.54411156 0.29400252
3.87973200 0.78004159
6 0 2
1.24056097 -0.66156030
0.49925471 1.51075413
7 1 2
1.24056097 0.13098905
0.49925471 0.89464313
8 0 2
0.26322808 -1.09368979
0.12734352 1.88137466
9 1 2
0.26322808 -0.10474035
0.12734352 1.08762679
10 2 2
12.54411156 0.60060425
3.87973200 0.52920406

