O-HELIUM HE (T-AUG-CC-PVDZ) BASIS TYPE: 1
# 
9
1 0 3
38.36000000 0.02380900
5.77000000 0.15489100
1.24000000 0.46998700
2 0 1
0.29760000 1.00000000
3 0 1
0.07255000 1.00000000
4 0 1
0.01770000 1.00000000
5 0 1 
0.00431826 1.00000000
6 1 1
1.27500000 1.00000000
7 1 1
0.24730000 1.00000000
8 1 1
0.04800000 1.00000000
9 1 1 
0.00931662 1.00000000

O-HELIUM E+ (T-AUG-CC-PVDZ) BASIS TYPE: 1
# 
9
1 0 3
38.36000000 0.02380900
5.77000000 0.15489100
1.24000000 0.46998700
2 0 1
0.29760000 1.00000000
3 0 1
0.07255000 1.00000000
4 0 1
0.01770000 1.00000000
5 0 1 
0.00431826 1.00000000
6 1 1
1.27500000 1.00000000
7 1 1
0.24730000 1.00000000
8 1 1
0.04800000 1.00000000
9 1 1 
0.00931662 1.00000000
