O-ea-
# Add commentary
12
0 0
5300.0326887553 130.8841536577
0.0000 0.0000 0.0000
1 0
2533.9692817099 -312.9958161718
0.0000 0.0000 0.0000
2 0
2263.4515970806 295.4930632158
0.0000 0.0000 0.0000
3 0
411.7453729855 9.5757704201
0.0000 0.0000 0.0000
4 0
294.0596342749 7.6375915079
0.0000 0.0000 0.0000
5 0
65.3513682314 116.2094504154
0.0000 0.0000 0.0000
6 0
64.9336679144 -108.8233109402
0.0000 0.0000 0.0000
7 0
2.5899062328 -15.8982807788
0.0000 0.0000 0.0000
8 0
14.6568504665 3.5492180327
0.0000 0.0000 0.0000
9 0
0.436361309 0.7374879399
0.0000 0.0000 0.0000
10 0
2.6015842048 17.5127075092
0.0000 0.0000 0.0000
11 0
0.0317655057 0.4221392563
0.0000 0.0000 0.0000

O-He_3He_3
# Add commentary
12
0 0
5300.0326887553 523.5366146308
0.0000 0.0000 0.0000
1 0
2533.9692817099 -1251.9832646872
0.0000 0.0000 0.0000
2 0
2263.4515970806 1181.9722528632
0.0000 0.0000 0.0000
3 0
411.7453729855 38.3030816804
0.0000 0.0000 0.0000
4 0
294.0596342749 30.5503660316
0.0000 0.0000 0.0000
5 0
65.3513682314 464.8378016616
0.0000 0.0000 0.0000
6 0
64.9336679144 -435.2932437608
0.0000 0.0000 0.0000
7 0
2.5899062328 -63.5931231152 
0.0000 0.0000 0.0000
8 0
14.6568504665 14.1968721308
0.0000 0.0000 0.0000
9 0
0.436361309 2.9499517596
0.0000 0.0000 0.0000
10 0
2.6015842048 70.0508300368
0.0000 0.0000 0.0000
11 0
0.0317655057 1.6885570252
0.0000 0.0000 0.0000

O-e-e-
# Add commentary
12
0 0
5300.0326887553 130.8841536577
0.0000 0.0000 0.0000
1 0
2533.9692817099 -312.9958161718
0.0000 0.0000 0.0000
2 0
2263.4515970806 295.4930632158
0.0000 0.0000 0.0000
3 0
411.7453729855 9.5757704201
0.0000 0.0000 0.0000
4 0
294.0596342749 7.6375915079
0.0000 0.0000 0.0000
5 0
65.3513682314 116.2094504154
0.0000 0.0000 0.0000
6 0
64.9336679144 -108.8233109402
0.0000 0.0000 0.0000
7 0
2.5899062328 -15.8982807788
0.0000 0.0000 0.0000
8 0
14.6568504665 3.5492180327
0.0000 0.0000 0.0000
9 0
0.436361309 0.7374879399
0.0000 0.0000 0.0000
10 0
2.6015842048 17.5127075092
0.0000 0.0000 0.0000
11 0
0.0317655057 0.4221392563
0.0000 0.0000 0.0000

O-ea-ea-
# Add commentary
12
0 0
5300.0326887553 130.8841536577
0.0000 0.0000 0.0000
1 0
2533.9692817099 -312.9958161718
0.0000 0.0000 0.0000
2 0
2263.4515970806 295.4930632158
0.0000 0.0000 0.0000
3 0
411.7453729855 9.5757704201
0.0000 0.0000 0.0000
4 0
294.0596342749 7.6375915079
0.0000 0.0000 0.0000
5 0
65.3513682314 116.2094504154
0.0000 0.0000 0.0000
6 0
64.9336679144 -108.8233109402
0.0000 0.0000 0.0000
7 0
2.5899062328 -15.8982807788
0.0000 0.0000 0.0000
8 0
14.6568504665 3.5492180327
0.0000 0.0000 0.0000
9 0
0.436361309 0.7374879399
0.0000 0.0000 0.0000
10 0
2.6015842048 17.5127075092
0.0000 0.0000 0.0000
11 0
0.0317655057 0.4221392563
0.0000 0.0000 0.0000

O-ea-eb-
# Add commentary
12
0 0
5300.0326887553 130.8841536577
0.0000 0.0000 0.0000
1 0
2533.9692817099 -312.9958161718
0.0000 0.0000 0.0000
2 0
2263.4515970806 295.4930632158
0.0000 0.0000 0.0000
3 0
411.7453729855 9.5757704201
0.0000 0.0000 0.0000
4 0
294.0596342749 7.6375915079
0.0000 0.0000 0.0000
5 0
65.3513682314 116.2094504154
0.0000 0.0000 0.0000
6 0
64.9336679144 -108.8233109402
0.0000 0.0000 0.0000
7 0
2.5899062328 -15.8982807788
0.0000 0.0000 0.0000
8 0
14.6568504665 3.5492180327
0.0000 0.0000 0.0000
9 0
0.436361309 0.7374879399
0.0000 0.0000 0.0000
10 0
2.6015842048 17.5127075092
0.0000 0.0000 0.0000
11 0
0.0317655057 0.4221392563
0.0000 0.0000 0.0000

O-eb-ea-
# Add commentary
12
0 0
5300.0326887553 130.8841536577
0.0000 0.0000 0.0000
1 0
2533.9692817099 -312.9958161718
0.0000 0.0000 0.0000
2 0
2263.4515970806 295.4930632158
0.0000 0.0000 0.0000
3 0
411.7453729855 9.5757704201
0.0000 0.0000 0.0000
4 0
294.0596342749 7.6375915079
0.0000 0.0000 0.0000
5 0
65.3513682314 116.2094504154
0.0000 0.0000 0.0000
6 0
64.9336679144 -108.8233109402
0.0000 0.0000 0.0000
7 0
2.5899062328 -15.8982807788
0.0000 0.0000 0.0000
8 0
14.6568504665 3.5492180327
0.0000 0.0000 0.0000
9 0
0.436361309 0.7374879399
0.0000 0.0000 0.0000
10 0
2.6015842048 17.5127075092
0.0000 0.0000 0.0000
11 0
0.0317655057 0.4221392563
0.0000 0.0000 0.0000

O-eb-eb-
# Add commentary
12
0 0
5300.0326887553 130.8841536577
0.0000 0.0000 0.0000
1 0
2533.9692817099 -312.9958161718
0.0000 0.0000 0.0000
2 0
2263.4515970806 295.4930632158
0.0000 0.0000 0.0000
3 0
411.7453729855 9.5757704201
0.0000 0.0000 0.0000
4 0
294.0596342749 7.6375915079
0.0000 0.0000 0.0000
5 0
65.3513682314 116.2094504154
0.0000 0.0000 0.0000
6 0
64.9336679144 -108.8233109402
0.0000 0.0000 0.0000
7 0
2.5899062328 -15.8982807788
0.0000 0.0000 0.0000
8 0
14.6568504665 3.5492180327
0.0000 0.0000 0.0000
9 0
0.436361309 0.7374879399
0.0000 0.0000 0.0000
10 0
2.6015842048 17.5127075092
0.0000 0.0000 0.0000
11 0
0.0317655057 0.4221392563
0.0000 0.0000 0.0000

O-He_3ea-
# Add commentary
12
0 0
5300.0326887553 -261.7683073154
0.0000 0.0000 0.0000
1 0
2533.9692817099 625.9916323436
0.0000 0.0000 0.0000
2 0
2263.4515970806 -590.9861264315
0.0000 0.0000 0.0000
3 0
411.7453729855 -19.1515408401
0.0000 0.0000 0.0000
4 0
294.0596342749 -15.2751830158
0.0000 0.0000 0.0000
5 0
65.3513682314 -232.4189008309
0.0000 0.0000 0.0000
6 0
64.9336679144 217.6466218805
0.0000 0.0000 0.0000
7 0
2.5899062328 31.7965615577
0.0000 0.0000 0.0000
8 0
14.6568504665 -7.0984360655
0.0000 0.0000 0.0000
9 0
0.436361309 -1.4749758799
0.0000 0.0000 0.0000
10 0
2.6015842048 -35.0254150184
0.0000 0.0000 0.0000
11 0
0.0317655057 -0.8442785126
0.0000 0.0000 0.0000

O-ea-He_3
# Add commentary
12
0 0
5300.0326887553 -261.7683073154
0.0000 0.0000 0.0000
1 0
2533.9692817099 625.9916323436
0.0000 0.0000 0.0000
2 0
2263.4515970806 -590.9861264315
0.0000 0.0000 0.0000
3 0
411.7453729855 -19.1515408401
0.0000 0.0000 0.0000
4 0
294.0596342749 -15.2751830158
0.0000 0.0000 0.0000
5 0
65.3513682314 -232.4189008309
0.0000 0.0000 0.0000
6 0
64.9336679144 217.6466218805
0.0000 0.0000 0.0000
7 0
2.5899062328 31.7965615577
0.0000 0.0000 0.0000
8 0
14.6568504665 -7.0984360655
0.0000 0.0000 0.0000
9 0
0.436361309 -1.4749758799
0.0000 0.0000 0.0000
10 0
2.6015842048 -35.0254150184
0.0000 0.0000 0.0000
11 0
0.0317655057 -0.8442785126
0.0000 0.0000 0.0000
