O-E+
#
25
1 0
0.00100000 -4.85267703e-04
0.0 0.0 0.0 
2 0
0.00200000 2.44420303e-03
0.0 0.0 0.0 
3 0
0.00400000 -7.54493346e-03
0.0 0.0 0.0 
4 0
0.00800000 1.57739046e-02
0.0 0.0 0.0 
5 0
0.01600000 -3.71036911e-02
0.0 0.0 0.0 
6 0
0.03200000 5.38567936e-02
0.0 0.0 0.0 
7 0
0.06400000 -1.97756340e-01
0.0 0.0 0.0 
8 0
0.12800000 1.52115184e-01
0.0 0.0 0.0 
9 0
0.25600000 -2.23099322e+00
0.0 0.0 0.0 
10 0
0.51200000 7.15444081e+00
0.0 0.0 0.0 
11 0
1.00000000 -1.64610767e+01
0.0 0.0 0.0 
12 0
2.00000000 1.20067456e+02
0.0 0.0 0.0 
13 0
3.00000000 -1.01044421e+03
0.0 0.0 0.0 
14 0
4.00000000 5.91251800e+03
0.0 0.0 0.0 
15 0
5.00000000 -2.28836489e+04
0.0 0.0 0.0 
16 0
6.00000000 5.83202528e+04
0.0 0.0 0.0 
17 0
7.00000000 -9.67337482e+04
0.0 0.0 0.0 
18 0
8.00000000 1.00515602e+05
0.0 0.0 0.0 
19 0
9.00000000 -5.94929325e+04
0.0 0.0 0.0 
20 0
10.00000000 1.53375194e+04
0.0 0.0 0.0 
21 0
20.00000000 -1.08319462e+02
0.0 0.0 0.0 
22 0
30.00000000 5.87242261e+01
0.0 0.0 0.0 
23 0
40.00000000 -3.39818646e+01
0.0 0.0 0.0 
24 0
50.00000000 1.01503525e+01
0.0 0.0 0.0 
25 0
100.00000000 -2.03970193e-01
0.0 0.0 0.0 
