O-E+
#
50
1 0
0.00100000 -4.85267703e-04
0.0 0.0 -2.31832265373 
2 0
0.00200000 2.44420303e-03
0.0 0.0 -2.31832265373 
3 0
0.00400000 -7.54493346e-03
0.0 0.0 -2.31832265373 
4 0
0.00800000 1.57739046e-02
0.0 0.0 -2.31832265373 
5 0
0.01600000 -3.71036911e-02
0.0 0.0 -2.31832265373 
6 0
0.03200000 5.38567936e-02
0.0 0.0 -2.31832265373 
7 0
0.06400000 -1.97756340e-01
0.0 0.0 -2.31832265373 
8 0
0.12800000 1.52115184e-01
0.0 0.0 -2.31832265373 
9 0
0.25600000 -2.23099322e+00
0.0 0.0 -2.31832265373 
10 0
0.51200000 7.15444081e+00
0.0 0.0 -2.31832265373 
11 0
1.00000000 -1.64610767e+01
0.0 0.0 -2.31832265373 
12 0
2.00000000 1.20067456e+02
0.0 0.0 -2.31832265373 
13 0
3.00000000 -1.01044421e+03
0.0 0.0 -2.31832265373 
14 0
4.00000000 5.91251800e+03
0.0 0.0 -2.31832265373 
15 0
5.00000000 -2.28836489e+04
0.0 0.0 -2.31832265373 
16 0
6.00000000 5.83202528e+04
0.0 0.0 -2.31832265373 
17 0
7.00000000 -9.67337482e+04
0.0 0.0 -2.31832265373 
18 0
8.00000000 1.00515602e+05
0.0 0.0 -2.31832265373 
19 0
9.00000000 -5.94929325e+04
0.0 0.0 -2.31832265373 
20 0
10.00000000 1.53375194e+04
0.0 0.0 -2.31832265373 
21 0
20.00000000 -1.08319462e+02
0.0 0.0 -2.31832265373 
22 0
30.00000000 5.87242261e+01
0.0 0.0 -2.31832265373 
23 0
40.00000000 -3.39818646e+01
0.0 0.0 -2.31832265373 
24 0
50.00000000 1.01503525e+01
0.0 0.0 -2.31832265373 
25 0
100.00000000 -2.03970193e-01
0.0 0.0 -2.31832265373 
26 0
0.00100000 -4.85267703e-04
0.0 0.0 2.3183235986 
27 0
0.00200000 2.44420303e-03
0.0 0.0 2.3183235986 
28 0
0.00400000 -7.54493346e-03
0.0 0.0 2.3183235986 
29 0
0.00800000 1.57739046e-02
0.0 0.0 2.3183235986 
30 0
0.01600000 -3.71036911e-02
0.0 0.0 2.3183235986 
31 0
0.03200000 5.38567936e-02
0.0 0.0 2.3183235986 
32 0
0.06400000 -1.97756340e-01
0.0 0.0 2.3183235986 
33 0
0.12800000 1.52115184e-01
0.0 0.0 2.3183235986 
34 0
0.25600000 -2.23099322e+00
0.0 0.0 2.3183235986 
35 0
0.51200000 7.15444081e+00
0.0 0.0 2.3183235986 
36 0
1.00000000 -1.64610767e+01
0.0 0.0 2.3183235986 
37 0
2.00000000 1.20067456e+02
0.0 0.0 2.3183235986 
38 0
3.00000000 -1.01044421e+03
0.0 0.0 2.3183235986 
39 0
4.00000000 5.91251800e+03
0.0 0.0 2.3183235986 
40 0
5.00000000 -2.28836489e+04
0.0 0.0 2.3183235986 
41 0
6.00000000 5.83202528e+04
0.0 0.0 2.3183235986 
42 0
7.00000000 -9.67337482e+04
0.0 0.0 2.3183235986 
43 0
8.00000000 1.00515602e+05
0.0 0.0 2.3183235986 
44 0
9.00000000 -5.94929325e+04
0.0 0.0 2.3183235986 
45 0
10.00000000 1.53375194e+04
0.0 0.0 2.3183235986 
46 0
20.00000000 -1.08319462e+02
0.0 0.0 2.3183235986 
47 0
30.00000000 5.87242261e+01
0.0 0.0 2.3183235986 
48 0
40.00000000 -3.39818646e+01
0.0 0.0 2.3183235986 
49 0
50.00000000 1.01503525e+01
0.0 0.0 2.3183235986 
50 0
100.00000000 -2.03970193e-01
0.0 0.0 2.3183235986 
