O-E+
#
75
1 0
0.00100000 -7.88270890e-05
0 0 0 
2 0
0.00200000 4.13507377e-04
0 0 0 
3 0
0.00400000 -1.23614724e-03
0 0 0 
4 0
0.00800000 2.67037112e-03
0 0 0 
5 0
0.01600000 -5.59693143e-03
0 0 0 
6 0
0.03200000 9.12416539e-03
0 0 0 
7 0
0.06400000 -2.26601449e-02
0 0 0 
8 0
0.12800000 2.32067021e-02
0 0 0 
9 0
0.25600000 -1.46556240e-01
0 0 0 
10 0
0.51200000 -8.45250518e-03
0 0 0 
11 0
1.00000000 1.43223121e+00
0 0 0 
12 0
2.00000000 -1.91733105e+01
0 0 0 
13 0
3.00000000 1.88961273e+02
0 0 0 
14 0
4.00000000 -1.18729049e+03
0 0 0 
15 0
5.00000000 4.78391066e+03
0 0 0 
16 0
6.00000000 -1.25092218e+04
0 0 0 
17 0
7.00000000 2.11184988e+04
0 0 0 
18 0
8.00000000 -2.22264509e+04
0 0 0 
19 0
9.00000000 1.32819474e+04
0 0 0 
20 0
10.00000000 -3.44943804e+03
0 0 0 
21 0
20.00000000 2.49960764e+01
0 0 0 
22 0
30.00000000 -1.35527883e+01
0 0 0 
23 0
40.00000000 7.79488620e+00
0 0 0 
24 0
50.00000000 -2.30868420e+00
0 0 0 
25 0
100.00000000 4.40698839e-02
0 0 0 
26 0
0.00100000 -2.95845238e-04
0 0 2.001 
27 0
0.00200000 1.55769242e-03
0 0 2.001 
28 0
0.00400000 -4.64690436e-03
0 0 2.001 
29 0
0.00800000 1.00783710e-02
0 0 2.001 
30 0
0.01600000 -2.09586075e-02
0 0 2.001 
31 0
0.03200000 3.47232892e-02
0 0 2.001 
32 0
0.06400000 -8.34594913e-02
0 0 2.001 
33 0
0.12800000 9.33174618e-02
0 0 2.001 
34 0
0.25600000 -5.22566368e-01
0 0 2.001 
35 0
0.51200000 7.99949139e-02
0 0 2.001 
36 0
1.00000000 4.26966303e+00
0 0 2.001 
37 0
2.00000000 -5.62707069e+01
0 0 2.001 
38 0
3.00000000 5.41300123e+02
0 0 2.001 
39 0
4.00000000 -3.34051964e+03
0 0 2.001 
40 0
5.00000000 1.32837263e+04
0 0 2.001 
41 0
6.00000000 -3.43925606e+04
0 0 2.001 
42 0
7.00000000 5.76189378e+04
0 0 2.001 
43 0
8.00000000 -6.02731668e+04
0 0 2.001 
44 0
9.00000000 3.58396219e+04
0 0 2.001 
45 0
10.00000000 -9.26974169e+03
0 0 2.001 
46 0
20.00000000 6.58277102e+01
0 0 2.001 
47 0
30.00000000 -3.54193748e+01
0 0 2.001 
48 0
40.00000000 2.02857528e+01
0 0 2.001 
49 0
50.00000000 -5.99147636e+00
0 0 2.001 
50 0
100.00000000 1.13531327e-01
0 0 2.001 
51 0
0.00100000 -2.69414885e-04
0 0 4.13 
52 0
0.00200000 1.42473660e-03
0 0 4.13 
53 0
0.00400000 -4.23234058e-03
0 0 4.13 
54 0
0.00800000 9.20280275e-03
0 0 4.13 
55 0
0.01600000 -1.88367735e-02
0 0 4.13 
56 0
0.03200000 3.14914005e-02
0 0 4.13 
57 0
0.06400000 -7.12276128e-02
0 0 4.13 
58 0
0.12800000 8.17051311e-02
0 0 4.13 
59 0
0.25600000 -4.00161028e-01
0 0 4.13 
60 0
0.51200000 4.90993495e-02
0 0 4.13 
61 0
1.00000000 3.34427427e+00
0 0 4.13 
62 0
2.00000000 -4.53553877e+01
0 0 4.13 
63 0
3.00000000 4.46743588e+02
0 0 4.13 
64 0
4.00000000 -2.80386091e+03
0 0 4.13 
65 0
5.00000000 1.12867183e+04
0 0 4.13 
66 0
6.00000000 -2.94905317e+04
0 0 4.13 
67 0
7.00000000 4.97562433e+04
0 0 4.13 
68 0
8.00000000 -5.23401381e+04
0 0 4.13 
69 0
9.00000000 3.12638496e+04
0 0 4.13 
70 0
10.00000000 -8.11656106e+03
0 0 4.13 
71 0
20.00000000 5.86948044e+01
0 0 4.13 
72 0
30.00000000 -3.17887292e+01
0 0 4.13 
73 0
40.00000000 1.82677664e+01
0 0 4.13 
74 0
50.00000000 -5.40653729e+00
0 0 4.13 
75 0
100.00000000 1.02876596e-01
0 0 4.13 
