O-E-
#
1
1   0
0.0000000 0.00000
0 0 0

O-E+
#
75
1   0
1.00000000e-03 6.97209157e-05
0 0 0 
2   0
2.00000000e-03 -3.66012928e-04
0 0 0 
3   0
4.00000000e-03 9.97054709e-04
0 0 0 
4   0
8.00000000e-03 -2.24184354e-03
0 0 0 
5   0
1.60000000e-02 3.99444994e-03
0 0 0 
6   0
3.20000000e-02 -8.85554034e-03
0 0 0 
7   0
6.40000000e-02 1.15883830e-02
0 0 0 
8   0
1.28000000e-01 -4.74080586e-02
0 0 0 
9   0
2.56000000e-01 2.70865326e-02
0 0 0 
10   0
5.12000000e-01 -5.99739003e-01
0 0 0 
11   0
1.00000000e+00 2.49610247e+00
0 0 0 
12   0
2.00000000e+00 -1.58884408e+01
0 0 0 
13   0
3.00000000e+00 1.02887911e+02
0 0 0 
14   0
4.00000000e+00 -4.84542738e+02
0 0 0 
15   0
5.00000000e+00 1.57719911e+03
0 0 0 
16   0
6.00000000e+00 -3.49342208e+03
0 0 0 
17   0
7.00000000e+00 5.15921270e+03
0 0 0 
18   0
8.00000000e+00 -4.86069701e+03
0 0 0 
19   0
9.00000000e+00 2.64519069e+03
0 0 0 
20   0
1.00000000e+01 -6.33939907e+02
0 0 0 
21   0
2.00000000e+01 2.93543252e+00
0 0 0 
22   0
3.00000000e+01 -1.30589849e+00
0 0 0 
23   0
4.00000000e+01 6.70322962e-01
0 0 0 
24   0
5.00000000e+01 -1.84295507e-01
0 0 0 
25   0
1.00000000e+02 2.97676875e-03
0 0 0 
26   0
1.00000000e-03 2.55075678e-04
0 0 2.001 
27   0
2.00000000e-03 -1.30095556e-03
0 0 2.001 
28   0
4.00000000e-03 3.46458166e-03
0 0 2.001 
29   0
8.00000000e-03 -7.64477787e-03
0 0 2.001 
30   0
1.60000000e-02 1.34993231e-02
0 0 2.001 
31   0
3.20000000e-02 -2.96804389e-02
0 0 2.001 
32   0
6.40000000e-02 3.88851334e-02
0 0 2.001 
33   0
1.28000000e-01 -1.58025160e-01
0 0 2.001 
34   0
2.56000000e-01 9.19817796e-02
0 0 2.001 
35   0
5.12000000e-01 -1.99717985e+00
0 0 2.001 
36   0
1.00000000e+00 8.33796014e+00
0 0 2.001 
37   0
2.00000000e+00 -5.40547221e+01
0 0 2.001 
38   0
3.00000000e+00 3.59604721e+02
0 0 2.001 
39   0
4.00000000e+00 -1.74543394e+03
0 0 2.001 
40   0
5.00000000e+00 5.85709826e+03
0 0 2.001 
41   0
6.00000000e+00 -1.33595935e+04
0 0 2.001 
42   0
7.00000000e+00 2.02839090e+04
0 0 2.001 
43   0
8.00000000e+00 -1.96109522e+04
0 0 2.001 
44   0
9.00000000e+00 1.09319925e+04
0 0 2.001 
45   0
1.00000000e+01 -2.67906055e+03
0 0 2.001 
46   0
2.00000000e+01 1.44775467e+01
0 0 2.001 
47   0
3.00000000e+01 -7.01317611e+00
0 0 2.001 
48   0
4.00000000e+01 3.79828130e+00
0 0 2.001 
49   0
5.00000000e+01 -1.08349457e+00
0 0 2.001 
50   0
1.00000000e+02 1.90914244e-02
0 0 2.001 
51   0
1.00000000e-03 1.80501259e-04
0 0 4.13 
52   0
2.00000000e-03 -1.01070012e-03
0 0 4.13 
53   0
4.00000000e-03 2.92278540e-03
0 0 4.13 
54   0
8.00000000e-03 -6.77859721e-03
0 0 4.13 
55   0
1.60000000e-02 1.25188840e-02
0 0 4.13 
56   0
3.20000000e-02 -2.69140202e-02
0 0 4.13 
57   0
6.40000000e-02 3.76178681e-02
0 0 4.13 
58   0
1.28000000e-01 -1.32267750e-01
0 0 4.13 
59   0
2.56000000e-01 9.19904070e-02
0 0 4.13 
60   0
5.12000000e-01 -1.52967686e+00
0 0 4.13 
61   0
1.00000000e+00 6.30313787e+00
0 0 4.13 
62   0
2.00000000e+00 -4.06916855e+01
0 0 4.13 
63   0
3.00000000e+00 2.68629974e+02
0 0 4.13 
64   0
4.00000000e+00 -1.29029305e+03
0 0 4.13 
65   0
5.00000000e+00 4.28023161e+03
0 0 4.13 
66   0
6.00000000e+00 -9.65046068e+03
0 0 4.13 
67   0
7.00000000e+00 1.44895645e+04
0 0 4.13 
68   0
8.00000000e+00 -1.38618567e+04
0 0 4.13 
69   0
9.00000000e+00 7.65142941e+03
0 0 4.13 
70   0
1.00000000e+01 -1.85801469e+03
0 0 4.13 
71   0
2.00000000e+01 9.43321856e+00
0 0 4.13 
72   0
3.00000000e+01 -4.42115300e+00
0 0 4.13 
73   0
4.00000000e+01 2.34661902e+00
0 0 4.13 
74   0
5.00000000e+01 -6.60364013e-01
0 0 4.13 
75   0
1.00000000e+02 1.12779985e-02
0 0 4.13 

