O-E+
#
75
1 0
0.00100000 4.22613111e-05
0 0 0 
2 0
0.00200000 -2.42148588e-04
0 0 0 
3 0
0.00400000 6.91245640e-04
0 0 0 
4 0
0.00800000 -1.63955608e-03
0 0 0 
5 0
0.01600000 2.87862931e-03
0 0 0 
6 0
0.03200000 -6.73574090e-03
0 0 0 
7 0
0.06400000 7.16829750e-03
0 0 0 
8 0
0.12800000 -3.63825925e-02
0 0 0 
9 0
0.25600000 -1.04743556e-02
0 0 0 
10 0
0.51200000 -3.79803329e-01
0 0 0 
11 0
1.00000000 -3.38181794e-01
0 0 0 
12 0
2.00000000 2.59346460e+01
0 0 0 
13 0
3.00000000 -2.88362643e+02
0 0 0 
14 0
4.00000000 1.83069081e+03
0 0 0 
15 0
5.00000000 -7.30612804e+03
0 0 0 
16 0
6.00000000 1.88648403e+04
0 0 0 
17 0
7.00000000 -3.14721948e+04
0 0 0 
18 0
8.00000000 3.27815290e+04
0 0 0 
19 0
9.00000000 -1.94161630e+04
0 0 0 
20 0
10.00000000 5.00441994e+03
0 0 0 
21 0
20.00000000 -3.48814135e+01
0 0 0 
22 0
30.00000000 1.86413885e+01
0 0 0 
23 0
40.00000000 -1.06418612e+01
0 0 0 
24 0
50.00000000 3.13757521e+00
0 0 0 
25 0
100.00000000 -5.93383626e-02
0 0 0 
26 0
0.00100000 1.83293410e-04
0 0 2.001 
27 0
0.00200000 -1.03651116e-03
0 0 2.001 
28 0
0.00400000 2.97807764e-03
0 0 2.001 
29 0
0.00800000 -6.96766406e-03
0 0 2.001 
30 0
0.01600000 1.25456296e-02
0 0 2.001 
31 0
0.03200000 -2.79102936e-02
0 0 2.001 
32 0
0.06400000 3.41235934e-02
0 0 2.001 
33 0
0.12800000 -1.40836252e-01
0 0 2.001 
34 0
0.25600000 9.93835490e-03
0 0 2.001 
35 0
0.51200000 -1.38677011e+00
0 0 2.001 
36 0
1.00000000 -5.89293976e-01
0 0 2.001 
37 0
2.00000000 7.84718452e+01
0 0 2.001 
38 0
3.00000000 -8.71671251e+02
0 0 2.001 
39 0
4.00000000 5.49269121e+03
0 0 2.001 
40 0
5.00000000 -2.17653940e+04
0 0 2.001 
41 0
6.00000000 5.58634270e+04
0 0 2.001 
42 0
7.00000000 -9.27364319e+04
0 0 2.001 
43 0
8.00000000 9.61990094e+04
0 0 2.001 
44 0
9.00000000 -5.67824593e+04
0 0 2.001 
45 0
10.00000000 1.45929621e+04
0 0 2.001 
46 0
20.00000000 -1.00197403e+02
0 0 2.001 
47 0
30.00000000 5.32274185e+01
0 0 2.001 
48 0
40.00000000 -3.02829549e+01
0 0 2.001 
49 0
50.00000000 8.90787285e+00
0 0 2.001 
50 0
100.00000000 -1.67394333e-01
0 0 2.001 
51 0
0.00100000 1.51270517e-04
0 0 4.13 
52 0
0.00200000 -8.51171414e-04
0 0 4.13 
53 0
0.00400000 2.44664020e-03
0 0 4.13 
54 0
0.00800000 -5.68247548e-03
0 0 4.13 
55 0
0.01600000 1.02425119e-02
0 0 4.13 
56 0
0.03200000 -2.22105040e-02
0 0 4.13 
57 0
0.06400000 2.71240834e-02
0 0 4.13 
58 0
0.12800000 -1.04715854e-01
0 0 4.13 
59 0
0.25600000 -3.06443205e-03
0 0 4.13 
60 0
0.51200000 -9.79478785e-01
0 0 4.13 
61 0
1.00000000 -7.22213121e-01
0 0 4.13 
62 0
2.00000000 6.28978214e+01
0 0 4.13 
63 0
3.00000000 -7.00684367e+02
0 0 4.13 
64 0
4.00000000 4.44724666e+03
0 0 4.13 
65 0
5.00000000 -1.77391566e+04
0 0 4.13 
66 0
6.00000000 4.57793681e+04
0 0 4.13 
67 0
7.00000000 -7.63377524e+04
0 0 4.13 
68 0
8.00000000 7.94810184e+04
0 0 4.13 
69 0
9.00000000 -4.70589689e+04
0 0 4.13 
70 0
10.00000000 1.21254128e+04
0 0 4.13 
71 0
20.00000000 -8.43547195e+01
0 0 4.13 
72 0
30.00000000 4.50323334e+01
0 0 4.13 
73 0
40.00000000 -2.56862540e+01
0 0 4.13 
74 0
50.00000000 7.56762547e+00
0 0 4.13 
75 0
100.00000000 -1.42668760e-01
0 0 4.13 
