O-E+
#
75
1 0
0.00100000 5.54108923e-05
0 0 0 
2 0
0.00200000 -3.13738344e-04
0 0 0 
3 0
0.00400000 9.03928897e-04
0 0 0 
4 0
0.00800000 -2.12495068e-03
0 0 0 
5 0
0.01600000 3.87120833e-03
0 0 0 
6 0
0.03200000 -8.73502326e-03
0 0 0 
7 0
0.06400000 1.14716987e-02
0 0 0 
8 0
0.12800000 -4.72892057e-02
0 0 0 
9 0
0.25600000 2.69478137e-02
0 0 0 
10 0
0.51200000 -5.99521579e-01
0 0 0 
11 0
1.00000000 2.49554308e+00
0 0 0 
12 0
2.00000000 -1.58828536e+01
0 0 0 
13 0
3.00000000 1.02832946e+02
0 0 0 
14 0
4.00000000 -4.84192179e+02
0 0 0 
15 0
5.00000000 1.57576865e+03
0 0 0 
16 0
6.00000000 -3.48964752e+03
0 0 0 
17 0
7.00000000 5.15280072e+03
0 0 0 
18 0
8.00000000 -4.85392124e+03
0 0 0 
19 0
9.00000000 2.64113176e+03
0 0 0 
20 0
10.00000000 -6.32884469e+02
0 0 0 
21 0
20.00000000 2.92792201e+00
0 0 0 
22 0
30.00000000 -1.30197769e+00
0 0 0 
23 0
40.00000000 6.68166968e-01
0 0 0 
24 0
50.00000000 -1.83687718e-01
0 0 0 
25 0
100.00000000 2.96821936e-03
0 0 0 
26 0
0.00100000 1.84736341e-04
0 0 2.001 
27 0
0.00200000 -1.04574455e-03
0 0 2.001 
28 0
0.00400000 3.01338202e-03
0 0 2.001 
29 0
0.00800000 -7.08237544e-03
0 0 2.001 
30 0
0.01600000 1.29097336e-02
0 0 2.001 
31 0
0.03200000 -2.91066842e-02
0 0 2.001 
32 0
0.06400000 3.83326522e-02
0 0 2.001 
33 0
0.12800000 -1.57467059e-01
0 0 2.001 
34 0
0.25600000 9.13399331e-02
0 0 2.001 
35 0
0.51200000 -1.99620055e+00
0 0 2.001 
36 0
1.00000000 8.33554357e+00
0 0 2.001 
37 0
2.00000000 -5.40318302e+01
0 0 2.001 
38 0
3.00000000 3.59385818e+02
0 0 2.001 
39 0
4.00000000 -1.74406041e+03
0 0 2.001 
40 0
5.00000000 5.85154811e+03
0 0 2.001 
41 0
6.00000000 -1.33450341e+04
0 0 2.001 
42 0
7.00000000 2.02592595e+04
0 0 2.001 
43 0
8.00000000 -1.95849474e+04
0 0 2.001 
44 0
9.00000000 1.09164217e+04
0 0 2.001 
45 0
10.00000000 -2.67500990e+03
0 0 2.001 
46 0
20.00000000 1.44479571e+01
0 0 2.001 
47 0
30.00000000 -6.99709167e+00
0 0 2.001 
48 0
40.00000000 3.78902073e+00
0 0 2.001 
49 0
50.00000000 -1.08075065e+00
0 0 2.001 
50 0
100.00000000 1.90390908e-02
0 0 2.001 
51 0
0.00100000 1.80501474e-04
0 0 4.13 
52 0
0.00200000 -1.01070102e-03
0 0 4.13 
53 0
0.00400000 2.92278731e-03
0 0 4.13 
54 0
0.00800000 -6.77860007e-03
0 0 4.13 
55 0
0.01600000 1.25188875e-02
0 0 4.13 
56 0
0.03200000 -2.69140241e-02
0 0 4.13 
57 0
0.06400000 3.76178720e-02
0 0 4.13 
58 0
0.12800000 -1.32267754e-01
0 0 4.13 
59 0
0.25600000 9.19904110e-02
0 0 4.13 
60 0
0.51200000 -1.52967686e+00
0 0 4.13 
61 0
1.00000000 6.30313787e+00
0 0 4.13 
62 0
2.00000000 -4.06916854e+01
0 0 4.13 
63 0
3.00000000 2.68629971e+02
0 0 4.13 
64 0
4.00000000 -1.29029303e+03
0 0 4.13 
65 0
5.00000000 4.28023149e+03
0 0 4.13 
66 0
6.00000000 -9.65046030e+03
0 0 4.13 
67 0
7.00000000 1.44895638e+04
0 0 4.13 
68 0
8.00000000 -1.38618559e+04
0 0 4.13 
69 0
9.00000000 7.65142888e+03
0 0 4.13 
70 0
10.00000000 -1.85801454e+03
0 0 4.13 
71 0
20.00000000 9.43321707e+00
0 0 4.13 
72 0
30.00000000 -4.42115210e+00
0 0 4.13 
73 0
40.00000000 2.34661847e+00
0 0 4.13 
74 0
50.00000000 -6.60363843e-01
0 0 4.13 
75 0
100.00000000 1.12779949e-02
0 0 4.13 
