O-E-
#
1
1   0
0.0000000 0.00000
0 0 0



O-E+
#
75
1 0
0.00100000 0.00005541
0 0 0 
2 0
0.00200000 -0.00031374
0 0 0 
3 0
0.00400000 0.00090393
0 0 0 
4 0
0.00800000 -0.00212495
0 0 0 
5 0
0.01600000 0.00387121
0 0 0 
6 0
0.03200000 -0.00873502
0 0 0 
7 0
0.06400000 0.01147170
0 0 0 
8 0
0.12800000 -0.04728921
0 0 0 
9 0
0.25600000 0.02694781
0 0 0 
10 0
0.51200000 -0.59952158
0 0 0 
11 0
1.00000000 2.49554308
0 0 0 
12 0
2.00000000 -15.88285355
0 0 0 
13 0
3.00000000 102.83294649
0 0 0 
14 0
4.00000000 -484.19217884
0 0 0 
15 0
5.00000000 1575.76864540
0 0 0 
16 0
6.00000000 -3489.64751694
0 0 0 
17 0
7.00000000 5152.80071566
0 0 0 
18 0
8.00000000 -4853.92124356
0 0 0 
19 0
9.00000000 2641.13175938
0 0 0 
20 0
10.00000000 -632.88446880
0 0 0 
21 0
20.00000000 2.92792201
0 0 0 
22 0
30.00000000 -1.30197769
0 0 0 
23 0
40.00000000 0.66816697
0 0 0 
24 0
50.00000000 -0.18368772
0 0 0 
25 0
100.00000000 0.00296822
0 0 0 
26 0
0.00100000 0.00018474
0 0 2.001 
27 0
0.00200000 -0.00104574
0 0 2.001 
28 0
0.00400000 0.00301338
0 0 2.001 
29 0
0.00800000 -0.00708238
0 0 2.001 
30 0
0.01600000 0.01290973
0 0 2.001 
31 0
0.03200000 -0.02910668
0 0 2.001 
32 0
0.06400000 0.03833265
0 0 2.001 
33 0
0.12800000 -0.15746706
0 0 2.001 
34 0
0.25600000 0.09133993
0 0 2.001 
35 0
0.51200000 -1.99620055
0 0 2.001 
36 0
1.00000000 8.33554357
0 0 2.001 
37 0
2.00000000 -54.03183021
0 0 2.001 
38 0
3.00000000 359.38581804
0 0 2.001 
39 0
4.00000000 -1744.06040696
0 0 2.001 
40 0
5.00000000 5851.54811288
0 0 2.001 
41 0
6.00000000 -13345.03412131
0 0 2.001 
42 0
7.00000000 20259.25954358
0 0 2.001 
43 0
8.00000000 -19584.94744113
0 0 2.001 
44 0
9.00000000 10916.42166911
0 0 2.001 
45 0
10.00000000 -2675.00990103
0 0 2.001 
46 0
20.00000000 14.44795708
0 0 2.001 
47 0
30.00000000 -6.99709167
0 0 2.001 
48 0
40.00000000 3.78902073
0 0 2.001 
49 0
50.00000000 -1.08075065
0 0 2.001 
50 0
100.00000000 0.01903909
0 0 2.001 
51 0
0.00100000 0.00018050
0 0 4.13 
52 0
0.00200000 -0.00101070
0 0 4.13 
53 0
0.00400000 0.00292279
0 0 4.13 
54 0
0.00800000 -0.00677860
0 0 4.13 
55 0
0.01600000 0.01251889
0 0 4.13 
56 0
0.03200000 -0.02691402
0 0 4.13 
57 0
0.06400000 0.03761787
0 0 4.13 
58 0
0.12800000 -0.13226775
0 0 4.13 
59 0
0.25600000 0.09199041
0 0 4.13 
60 0
0.51200000 -1.52967686
0 0 4.13 
61 0
1.00000000 6.30313787
0 0 4.13 
62 0
2.00000000 -40.69168538
0 0 4.13 
63 0
3.00000000 268.62997106
0 0 4.13 
64 0
4.00000000 -1290.29303014
0 0 4.13 
65 0
5.00000000 4280.23148591
0 0 4.13 
66 0
6.00000000 -9650.46030330
0 0 4.13 
67 0
7.00000000 14489.56382174
0 0 4.13 
68 0
8.00000000 -13861.85589159
0 0 4.13 
69 0
9.00000000 7651.42887650
0 0 4.13 
70 0
10.00000000 -1858.01454054
0 0 4.13 
71 0
20.00000000 9.43321707
0 0 4.13 
72 0
30.00000000 -4.42115210
0 0 4.13 
73 0
40.00000000 2.34661847
0 0 4.13 
74 0
50.00000000 -0.66036384
0 0 4.13 
75 0
100.00000000 0.01127799
0 0 4.13 
