#X-X 2 particle potential from He2C60-Ih
O-HEA3HEA3
25
0 0
     10.000000000000      16.533492358000
0.0 0.0 0.0
1 0
      7.498942093300      -6.924850494800
0.0 0.0 0.0
2 0
      5.623413251900       5.780268985500
0.0 0.0 0.0
3 0
      4.216965034300       1.957403910100
0.0 0.0 0.0
4 0
      3.162277660200      -5.166130478700
0.0 0.0 0.0
5 0
      2.371373705700      -5.453338614800
0.0 0.0 0.0
6 0
      1.778279410000      14.041332271000
0.0 0.0 0.0
7 0
      1.333521432200      -8.195941750800
0.0 0.0 0.0
8 0
      1.000000000000       2.661365964600
0.0 0.0 0.0
9 0
      0.749894209330       0.363831061610
0.0 0.0 0.0
10 0
      0.562341325190       0.287533316820
0.0 0.0 0.0
11 0
      0.421696503430       0.026387463695
0.0 0.0 0.0
12 0
      0.316227766020       0.150974095830
0.0 0.0 0.0
13 0
      0.237137370570       0.000269261787
0.0 0.0 0.0
14 0
      0.177827941000       0.000024735421
0.0 0.0 0.0
15 0
      0.133352143220       0.000083165507
0.0 0.0 0.0
16 0
      0.100000000000       0.000021928109
0.0 0.0 0.0
17 0
      0.074989420933      -0.000014214509
0.0 0.0 0.0
18 0
      0.056234132519      -0.000232263517
0.0 0.0 0.0
19 0
      0.042169650343      -0.000003439242
0.0 0.0 0.0
20 0
      0.031622776602       0.000000029184
0.0 0.0 0.0
21 0
      0.023713737057       0.000000002147
0.0 0.0 0.0
22 0
      0.017782794100      -0.000000000022
0.0 0.0 0.0
23 0
      0.013335214322       0.000000000164
0.0 0.0 0.0
24 0
      0.010000000000      -0.000000000048
0.0 0.0 0.0

#X-X 2 particle potential from He2C60-Ih
O-HEA3HEB3
25
0 0
     10.000000000000      16.533492358000
0.0 0.0 0.0
1 0
      7.498942093300      -6.924850494800
0.0 0.0 0.0
2 0
      5.623413251900       5.780268985500
0.0 0.0 0.0
3 0
      4.216965034300       1.957403910100
0.0 0.0 0.0
4 0
      3.162277660200      -5.166130478700
0.0 0.0 0.0
5 0
      2.371373705700      -5.453338614800
0.0 0.0 0.0
6 0
      1.778279410000      14.041332271000
0.0 0.0 0.0
7 0
      1.333521432200      -8.195941750800
0.0 0.0 0.0
8 0
      1.000000000000       2.661365964600
0.0 0.0 0.0
9 0
      0.749894209330       0.363831061610
0.0 0.0 0.0
10 0
      0.562341325190       0.287533316820
0.0 0.0 0.0
11 0
      0.421696503430       0.026387463695
0.0 0.0 0.0
12 0
      0.316227766020       0.150974095830
0.0 0.0 0.0
13 0
      0.237137370570       0.000269261787
0.0 0.0 0.0
14 0
      0.177827941000       0.000024735421
0.0 0.0 0.0
15 0
      0.133352143220       0.000083165507
0.0 0.0 0.0
16 0
      0.100000000000       0.000021928109
0.0 0.0 0.0
17 0
      0.074989420933      -0.000014214509
0.0 0.0 0.0
18 0
      0.056234132519      -0.000232263517
0.0 0.0 0.0
19 0
      0.042169650343      -0.000003439242
0.0 0.0 0.0
20 0
      0.031622776602       0.000000029184
0.0 0.0 0.0
21 0
      0.023713737057       0.000000002147
0.0 0.0 0.0
22 0
      0.017782794100      -0.000000000022
0.0 0.0 0.0
23 0
      0.013335214322       0.000000000164
0.0 0.0 0.0
24 0
      0.010000000000      -0.000000000048
0.0 0.0 0.0

#X-X 2 particle potential from He2C60-Ih
O-HEB3HEB3
25
0 0
     10.000000000000      16.533492358000
0.0 0.0 0.0
1 0
      7.498942093300      -6.924850494800
0.0 0.0 0.0
2 0
      5.623413251900       5.780268985500
0.0 0.0 0.0
3 0
      4.216965034300       1.957403910100
0.0 0.0 0.0
4 0
      3.162277660200      -5.166130478700
0.0 0.0 0.0
5 0
      2.371373705700      -5.453338614800
0.0 0.0 0.0
6 0
      1.778279410000      14.041332271000
0.0 0.0 0.0
7 0
      1.333521432200      -8.195941750800
0.0 0.0 0.0
8 0
      1.000000000000       2.661365964600
0.0 0.0 0.0
9 0
      0.749894209330       0.363831061610
0.0 0.0 0.0
10 0
      0.562341325190       0.287533316820
0.0 0.0 0.0
11 0
      0.421696503430       0.026387463695
0.0 0.0 0.0
12 0
      0.316227766020       0.150974095830
0.0 0.0 0.0
13 0
      0.237137370570       0.000269261787
0.0 0.0 0.0
14 0
      0.177827941000       0.000024735421
0.0 0.0 0.0
15 0
      0.133352143220       0.000083165507
0.0 0.0 0.0
16 0
      0.100000000000       0.000021928109
0.0 0.0 0.0
17 0
      0.074989420933      -0.000014214509
0.0 0.0 0.0
18 0
      0.056234132519      -0.000232263517
0.0 0.0 0.0
19 0
      0.042169650343      -0.000003439242
0.0 0.0 0.0
20 0
      0.031622776602       0.000000029184
0.0 0.0 0.0
21 0
      0.023713737057       0.000000002147
0.0 0.0 0.0
22 0
      0.017782794100      -0.000000000022
0.0 0.0 0.0
23 0
      0.013335214322       0.000000000164
0.0 0.0 0.0
24 0
      0.010000000000      -0.000000000048
0.0 0.0 0.0

#X-X 2 particle potential from He2C60-Ih
O-HES3HES3
25
0 0
     10.000000000000      16.533492358000
0.0 0.0 0.0
1 0
      7.498942093300      -6.924850494800
0.0 0.0 0.0
2 0
      5.623413251900       5.780268985500
0.0 0.0 0.0
3 0
      4.216965034300       1.957403910100
0.0 0.0 0.0
4 0
      3.162277660200      -5.166130478700
0.0 0.0 0.0
5 0
      2.371373705700      -5.453338614800
0.0 0.0 0.0
6 0
      1.778279410000      14.041332271000
0.0 0.0 0.0
7 0
      1.333521432200      -8.195941750800
0.0 0.0 0.0
8 0
      1.000000000000       2.661365964600
0.0 0.0 0.0
9 0
      0.749894209330       0.363831061610
0.0 0.0 0.0
10 0
      0.562341325190       0.287533316820
0.0 0.0 0.0
11 0
      0.421696503430       0.026387463695
0.0 0.0 0.0
12 0
      0.316227766020       0.150974095830
0.0 0.0 0.0
13 0
      0.237137370570       0.000269261787
0.0 0.0 0.0
14 0
      0.177827941000       0.000024735421
0.0 0.0 0.0
15 0
      0.133352143220       0.000083165507
0.0 0.0 0.0
16 0
      0.100000000000       0.000021928109
0.0 0.0 0.0
17 0
      0.074989420933      -0.000014214509
0.0 0.0 0.0
18 0
      0.056234132519      -0.000232263517
0.0 0.0 0.0
19 0
      0.042169650343      -0.000003439242
0.0 0.0 0.0
20 0
      0.031622776602       0.000000029184
0.0 0.0 0.0
21 0
      0.023713737057       0.000000002147
0.0 0.0 0.0
22 0
      0.017782794100      -0.000000000022
0.0 0.0 0.0
23 0
      0.013335214322       0.000000000164
0.0 0.0 0.0
24 0
      0.010000000000      -0.000000000048
0.0 0.0 0.0

