O-HEA3
# Add commentary
35
0 0
0.0000000000 0.5008962513
0.0000 0.0000 0.0000
1 0
452.7023490103 -0.0033682450
0.0000 0.0000 0.0000
2 0
339.4797858650 0.0205513183
0.0000 0.0000 0.0000
3 0
254.5746123538 -0.0555893331
0.0000 0.0000 0.0000
4 0
190.9045426371 0.0819488231
0.0000 0.0000 0.0000
5 0
143.1585972478 -0.0543993799
0.0000 0.0000 0.0000
6 0
107.3540926939 -0.0319617290
0.0000 0.0000 0.0000
7 0
80.5044296305 0.1066182282
0.0000 0.0000 0.0000
8 0
60.3699684614 -0.0814751534
0.0000 0.0000 0.0000
9 0
45.2712118918 -0.0388075936
0.0000 0.0000 0.0000
10 0
33.9487112282 0.1305397456
0.0000 0.0000 0.0000
11 0
25.4580106406 -0.0852200878
0.0000 0.0000 0.0000
12 0
19.0908662606 -0.0320362203
0.0000 0.0000 0.0000
13 0
14.3161686797 0.0365994639
0.0000 0.0000 0.0000
14 0
10.7356409536 0.1194089059
0.0000 0.0000 0.0000
15 0
8.0506167021 -0.2184249132
0.0000 0.0000 0.0000
16 0
6.0371271324 -0.0040029425
0.0000 0.0000 0.0000
17 0
4.5272188904 0.5124298158
0.0000 0.0000 0.0000
18 0
3.3949443886 -0.8954785191
0.0000 0.0000 0.0000
19 0
2.5458560058 0.7248761351
0.0000 0.0000 0.0000
20 0
1.9091278267 -0.1096217070
0.0000 0.0000 0.0000
21 0
1.4316477641 -0.2398142392
0.0000 0.0000 0.0000
22 0
1.0735872643 -0.0651779686
0.0000 0.0000 0.0000
23 0
0.8050790445 0.2784060769
0.0000 0.0000 0.0000
24 0
0.6037257421 0.2242303394
0.0000 0.0000 0.0000
25 0
0.4527316594 -0.3042471812
0.0000 0.0000 0.0000
26 0
0.3395017656 -0.4121039279
0.0000 0.0000 0.0000
27 0
0.2545910949 -0.0430302824
0.0000 0.0000 0.0000
28 0
0.1909169028 0.3173067467
0.0000 0.0000 0.0000
29 0
0.1431678661 0.6140674607
0.0000 0.0000 0.0000
30 0
0.1073610434 0.6994918949
0.0000 0.0000 0.0000
31 0
0.0805096419 0.2575293885
0.0000 0.0000 0.0000
32 0
0.0603738771 -2.6262049969
0.0000 0.0000 0.0000
33 0
0.0452741430 0.4571869287
0.0000 0.0000 0.0000
34 0
0.0339509092 0.2179879447
0.0000 0.0000 0.0000

O-HEB3
# Add commentary
35
0 0
0.0000000000 0.5008962513
0.0000 0.0000 0.0000
1 0
452.7023490103 -0.0033682450
0.0000 0.0000 0.0000
2 0
339.4797858650 0.0205513183
0.0000 0.0000 0.0000
3 0
254.5746123538 -0.0555893331
0.0000 0.0000 0.0000
4 0
190.9045426371 0.0819488231
0.0000 0.0000 0.0000
5 0
143.1585972478 -0.0543993799
0.0000 0.0000 0.0000
6 0
107.3540926939 -0.0319617290
0.0000 0.0000 0.0000
7 0
80.5044296305 0.1066182282
0.0000 0.0000 0.0000
8 0
60.3699684614 -0.0814751534
0.0000 0.0000 0.0000
9 0
45.2712118918 -0.0388075936
0.0000 0.0000 0.0000
10 0
33.9487112282 0.1305397456
0.0000 0.0000 0.0000
11 0
25.4580106406 -0.0852200878
0.0000 0.0000 0.0000
12 0
19.0908662606 -0.0320362203
0.0000 0.0000 0.0000
13 0
14.3161686797 0.0365994639
0.0000 0.0000 0.0000
14 0
10.7356409536 0.1194089059
0.0000 0.0000 0.0000
15 0
8.0506167021 -0.2184249132
0.0000 0.0000 0.0000
16 0
6.0371271324 -0.0040029425
0.0000 0.0000 0.0000
17 0
4.5272188904 0.5124298158
0.0000 0.0000 0.0000
18 0
3.3949443886 -0.8954785191
0.0000 0.0000 0.0000
19 0
2.5458560058 0.7248761351
0.0000 0.0000 0.0000
20 0
1.9091278267 -0.1096217070
0.0000 0.0000 0.0000
21 0
1.4316477641 -0.2398142392
0.0000 0.0000 0.0000
22 0
1.0735872643 -0.0651779686
0.0000 0.0000 0.0000
23 0
0.8050790445 0.2784060769
0.0000 0.0000 0.0000
24 0
0.6037257421 0.2242303394
0.0000 0.0000 0.0000
25 0
0.4527316594 -0.3042471812
0.0000 0.0000 0.0000
26 0
0.3395017656 -0.4121039279
0.0000 0.0000 0.0000
27 0
0.2545910949 -0.0430302824
0.0000 0.0000 0.0000
28 0
0.1909169028 0.3173067467
0.0000 0.0000 0.0000
29 0
0.1431678661 0.6140674607
0.0000 0.0000 0.0000
30 0
0.1073610434 0.6994918949
0.0000 0.0000 0.0000
31 0
0.0805096419 0.2575293885
0.0000 0.0000 0.0000
32 0
0.0603738771 -2.6262049969
0.0000 0.0000 0.0000
33 0
0.0452741430 0.4571869287
0.0000 0.0000 0.0000
34 0
0.0339509092 0.2179879447
0.0000 0.0000 0.0000

O-HES3
# Add commentary
35
0 0
0.0000000000 0.5008962513
0.0000 0.0000 0.0000
1 0
452.7023490103 -0.0033682450
0.0000 0.0000 0.0000
2 0
339.4797858650 0.0205513183
0.0000 0.0000 0.0000
3 0
254.5746123538 -0.0555893331
0.0000 0.0000 0.0000
4 0
190.9045426371 0.0819488231
0.0000 0.0000 0.0000
5 0
143.1585972478 -0.0543993799
0.0000 0.0000 0.0000
6 0
107.3540926939 -0.0319617290
0.0000 0.0000 0.0000
7 0
80.5044296305 0.1066182282
0.0000 0.0000 0.0000
8 0
60.3699684614 -0.0814751534
0.0000 0.0000 0.0000
9 0
45.2712118918 -0.0388075936
0.0000 0.0000 0.0000
10 0
33.9487112282 0.1305397456
0.0000 0.0000 0.0000
11 0
25.4580106406 -0.0852200878
0.0000 0.0000 0.0000
12 0
19.0908662606 -0.0320362203
0.0000 0.0000 0.0000
13 0
14.3161686797 0.0365994639
0.0000 0.0000 0.0000
14 0
10.7356409536 0.1194089059
0.0000 0.0000 0.0000
15 0
8.0506167021 -0.2184249132
0.0000 0.0000 0.0000
16 0
6.0371271324 -0.0040029425
0.0000 0.0000 0.0000
17 0
4.5272188904 0.5124298158
0.0000 0.0000 0.0000
18 0
3.3949443886 -0.8954785191
0.0000 0.0000 0.0000
19 0
2.5458560058 0.7248761351
0.0000 0.0000 0.0000
20 0
1.9091278267 -0.1096217070
0.0000 0.0000 0.0000
21 0
1.4316477641 -0.2398142392
0.0000 0.0000 0.0000
22 0
1.0735872643 -0.0651779686
0.0000 0.0000 0.0000
23 0
0.8050790445 0.2784060769
0.0000 0.0000 0.0000
24 0
0.6037257421 0.2242303394
0.0000 0.0000 0.0000
25 0
0.4527316594 -0.3042471812
0.0000 0.0000 0.0000
26 0
0.3395017656 -0.4121039279
0.0000 0.0000 0.0000
27 0
0.2545910949 -0.0430302824
0.0000 0.0000 0.0000
28 0
0.1909169028 0.3173067467
0.0000 0.0000 0.0000
29 0
0.1431678661 0.6140674607
0.0000 0.0000 0.0000
30 0
0.1073610434 0.6994918949
0.0000 0.0000 0.0000
31 0
0.0805096419 0.2575293885
0.0000 0.0000 0.0000
32 0
0.0603738771 -2.6262049969
0.0000 0.0000 0.0000
33 0
0.0452741430 0.4571869287
0.0000 0.0000 0.0000
34 0
0.0339509092 0.2179879447
0.0000 0.0000 0.0000

O-HEA4
# Add commentary
35
0 0
0.0000000000 0.5008962513
0.0000 0.0000 0.0000
1 0
452.7023490103 -0.0033682450
0.0000 0.0000 0.0000
2 0
339.4797858650 0.0205513183
0.0000 0.0000 0.0000
3 0
254.5746123538 -0.0555893331
0.0000 0.0000 0.0000
4 0
190.9045426371 0.0819488231
0.0000 0.0000 0.0000
5 0
143.1585972478 -0.0543993799
0.0000 0.0000 0.0000
6 0
107.3540926939 -0.0319617290
0.0000 0.0000 0.0000
7 0
80.5044296305 0.1066182282
0.0000 0.0000 0.0000
8 0
60.3699684614 -0.0814751534
0.0000 0.0000 0.0000
9 0
45.2712118918 -0.0388075936
0.0000 0.0000 0.0000
10 0
33.9487112282 0.1305397456
0.0000 0.0000 0.0000
11 0
25.4580106406 -0.0852200878
0.0000 0.0000 0.0000
12 0
19.0908662606 -0.0320362203
0.0000 0.0000 0.0000
13 0
14.3161686797 0.0365994639
0.0000 0.0000 0.0000
14 0
10.7356409536 0.1194089059
0.0000 0.0000 0.0000
15 0
8.0506167021 -0.2184249132
0.0000 0.0000 0.0000
16 0
6.0371271324 -0.0040029425
0.0000 0.0000 0.0000
17 0
4.5272188904 0.5124298158
0.0000 0.0000 0.0000
18 0
3.3949443886 -0.8954785191
0.0000 0.0000 0.0000
19 0
2.5458560058 0.7248761351
0.0000 0.0000 0.0000
20 0
1.9091278267 -0.1096217070
0.0000 0.0000 0.0000
21 0
1.4316477641 -0.2398142392
0.0000 0.0000 0.0000
22 0
1.0735872643 -0.0651779686
0.0000 0.0000 0.0000
23 0
0.8050790445 0.2784060769
0.0000 0.0000 0.0000
24 0
0.6037257421 0.2242303394
0.0000 0.0000 0.0000
25 0
0.4527316594 -0.3042471812
0.0000 0.0000 0.0000
26 0
0.3395017656 -0.4121039279
0.0000 0.0000 0.0000
27 0
0.2545910949 -0.0430302824
0.0000 0.0000 0.0000
28 0
0.1909169028 0.3173067467
0.0000 0.0000 0.0000
29 0
0.1431678661 0.6140674607
0.0000 0.0000 0.0000
30 0
0.1073610434 0.6994918949
0.0000 0.0000 0.0000
31 0
0.0805096419 0.2575293885
0.0000 0.0000 0.0000
32 0
0.0603738771 -2.6262049969
0.0000 0.0000 0.0000
33 0
0.0452741430 0.4571869287
0.0000 0.0000 0.0000
34 0
0.0339509092 0.2179879447
0.0000 0.0000 0.0000

O-HEB4
# Add commentary
35
0 0
0.0000000000 0.5008962513
0.0000 0.0000 0.0000
1 0
452.7023490103 -0.0033682450
0.0000 0.0000 0.0000
2 0
339.4797858650 0.0205513183
0.0000 0.0000 0.0000
3 0
254.5746123538 -0.0555893331
0.0000 0.0000 0.0000
4 0
190.9045426371 0.0819488231
0.0000 0.0000 0.0000
5 0
143.1585972478 -0.0543993799
0.0000 0.0000 0.0000
6 0
107.3540926939 -0.0319617290
0.0000 0.0000 0.0000
7 0
80.5044296305 0.1066182282
0.0000 0.0000 0.0000
8 0
60.3699684614 -0.0814751534
0.0000 0.0000 0.0000
9 0
45.2712118918 -0.0388075936
0.0000 0.0000 0.0000
10 0
33.9487112282 0.1305397456
0.0000 0.0000 0.0000
11 0
25.4580106406 -0.0852200878
0.0000 0.0000 0.0000
12 0
19.0908662606 -0.0320362203
0.0000 0.0000 0.0000
13 0
14.3161686797 0.0365994639
0.0000 0.0000 0.0000
14 0
10.7356409536 0.1194089059
0.0000 0.0000 0.0000
15 0
8.0506167021 -0.2184249132
0.0000 0.0000 0.0000
16 0
6.0371271324 -0.0040029425
0.0000 0.0000 0.0000
17 0
4.5272188904 0.5124298158
0.0000 0.0000 0.0000
18 0
3.3949443886 -0.8954785191
0.0000 0.0000 0.0000
19 0
2.5458560058 0.7248761351
0.0000 0.0000 0.0000
20 0
1.9091278267 -0.1096217070
0.0000 0.0000 0.0000
21 0
1.4316477641 -0.2398142392
0.0000 0.0000 0.0000
22 0
1.0735872643 -0.0651779686
0.0000 0.0000 0.0000
23 0
0.8050790445 0.2784060769
0.0000 0.0000 0.0000
24 0
0.6037257421 0.2242303394
0.0000 0.0000 0.0000
25 0
0.4527316594 -0.3042471812
0.0000 0.0000 0.0000
26 0
0.3395017656 -0.4121039279
0.0000 0.0000 0.0000
27 0
0.2545910949 -0.0430302824
0.0000 0.0000 0.0000
28 0
0.1909169028 0.3173067467
0.0000 0.0000 0.0000
29 0
0.1431678661 0.6140674607
0.0000 0.0000 0.0000
30 0
0.1073610434 0.6994918949
0.0000 0.0000 0.0000
31 0
0.0805096419 0.2575293885
0.0000 0.0000 0.0000
32 0
0.0603738771 -2.6262049969
0.0000 0.0000 0.0000
33 0
0.0452741430 0.4571869287
0.0000 0.0000 0.0000
34 0
0.0339509092 0.2179879447
0.0000 0.0000 0.0000

O-HES4
# Add commentary
35
0 0
0.0000000000 0.5008962513
0.0000 0.0000 0.0000
1 0
452.7023490103 -0.0033682450
0.0000 0.0000 0.0000
2 0
339.4797858650 0.0205513183
0.0000 0.0000 0.0000
3 0
254.5746123538 -0.0555893331
0.0000 0.0000 0.0000
4 0
190.9045426371 0.0819488231
0.0000 0.0000 0.0000
5 0
143.1585972478 -0.0543993799
0.0000 0.0000 0.0000
6 0
107.3540926939 -0.0319617290
0.0000 0.0000 0.0000
7 0
80.5044296305 0.1066182282
0.0000 0.0000 0.0000
8 0
60.3699684614 -0.0814751534
0.0000 0.0000 0.0000
9 0
45.2712118918 -0.0388075936
0.0000 0.0000 0.0000
10 0
33.9487112282 0.1305397456
0.0000 0.0000 0.0000
11 0
25.4580106406 -0.0852200878
0.0000 0.0000 0.0000
12 0
19.0908662606 -0.0320362203
0.0000 0.0000 0.0000
13 0
14.3161686797 0.0365994639
0.0000 0.0000 0.0000
14 0
10.7356409536 0.1194089059
0.0000 0.0000 0.0000
15 0
8.0506167021 -0.2184249132
0.0000 0.0000 0.0000
16 0
6.0371271324 -0.0040029425
0.0000 0.0000 0.0000
17 0
4.5272188904 0.5124298158
0.0000 0.0000 0.0000
18 0
3.3949443886 -0.8954785191
0.0000 0.0000 0.0000
19 0
2.5458560058 0.7248761351
0.0000 0.0000 0.0000
20 0
1.9091278267 -0.1096217070
0.0000 0.0000 0.0000
21 0
1.4316477641 -0.2398142392
0.0000 0.0000 0.0000
22 0
1.0735872643 -0.0651779686
0.0000 0.0000 0.0000
23 0
0.8050790445 0.2784060769
0.0000 0.0000 0.0000
24 0
0.6037257421 0.2242303394
0.0000 0.0000 0.0000
25 0
0.4527316594 -0.3042471812
0.0000 0.0000 0.0000
26 0
0.3395017656 -0.4121039279
0.0000 0.0000 0.0000
27 0
0.2545910949 -0.0430302824
0.0000 0.0000 0.0000
28 0
0.1909169028 0.3173067467
0.0000 0.0000 0.0000
29 0
0.1431678661 0.6140674607
0.0000 0.0000 0.0000
30 0
0.1073610434 0.6994918949
0.0000 0.0000 0.0000
31 0
0.0805096419 0.2575293885
0.0000 0.0000 0.0000
32 0
0.0603738771 -2.6262049969
0.0000 0.0000 0.0000
33 0
0.0452741430 0.4571869287
0.0000 0.0000 0.0000
34 0
0.0339509092 0.2179879447
0.0000 0.0000 0.0000

