O-e-
# Add commentary
12
0 0
5300.0326887553 130.8841536577
0.0000 0.0000 0.0000
1 0
2533.9692817099 -312.9958161718
0.0000 0.0000 0.0000
2 0
2263.4515970806 295.4930632158
0.0000 0.0000 0.0000
3 0
411.7453729855 9.5757704201
0.0000 0.0000 0.0000
4 0
294.0596342749 7.6375915079
0.0000 0.0000 0.0000
5 0
65.3513682314 116.2094504154
0.0000 0.0000 0.0000
6 0
64.9336679144 -108.8233109402
0.0000 0.0000 0.0000
7 0
2.5899062328 -15.8982807788
0.0000 0.0000 0.0000
8 0
14.6568504665 3.5492180327
0.0000 0.0000 0.0000
9 0
0.436361309 0.7374879399
0.0000 0.0000 0.0000
10 0
2.6015842048 17.5127075092
0.0000 0.0000 0.0000
11 0
0.0317655057 0.4221392563
0.0000 0.0000 0.0000