O-HEA3HEA3
# Add commentary
7
0 0
0.6013129221 0.7398314835
0.0000 0.0000 0.0000
1 0
8.2298598129 3.8145328444
0.0000 0.0000 0.0000
2 0
0.3123275432 0.1460133763 
0.0000 0.0000 0.0000
3 0
0.0554142115 -0.0002298302 
0.0000 0.0000 0.0000
4 0
16.310276895 14.6491868152 
0.0000 0.0000 0.0000
5 0
1.3347979426 15.2592386786 
0.0000 0.0000 0.0000
6 0
1.3241838016 -13.4365499834 
0.0000 0.0000 0.0000

O-HEB3HEB3
# Add commentary
7
0 0
0.6013129221 0.7398314835
0.0000 0.0000 0.0000
1 0
8.2298598129 3.8145328444
0.0000 0.0000 0.0000
2 0
0.3123275432 0.1460133763 
0.0000 0.0000 0.0000
3 0
0.0554142115 -0.0002298302 
0.0000 0.0000 0.0000
4 0
16.310276895 14.6491868152 
0.0000 0.0000 0.0000
5 0
1.3347979426 15.2592386786 
0.0000 0.0000 0.0000
6 0
1.3241838016 -13.4365499834 
0.0000 0.0000 0.0000

O-HEA3HEB3
# Add commentary
7
0 0
0.6013129221 0.7398314835
0.0000 0.0000 0.0000
1 0
8.2298598129 3.8145328444
0.0000 0.0000 0.0000
2 0
0.3123275432 0.1460133763 
0.0000 0.0000 0.0000
3 0
0.0554142115 -0.0002298302 
0.0000 0.0000 0.0000
4 0
16.310276895 14.6491868152 
0.0000 0.0000 0.0000
5 0
1.3347979426 15.2592386786 
0.0000 0.0000 0.0000
6 0
1.3241838016 -13.4365499834 
0.0000 0.0000 0.0000

O-HEA4HEA4
# Add commentary
7
0 0
0.6013129221 0.7398314835
0.0000 0.0000 0.0000
1 0
8.2298598129 3.8145328444
0.0000 0.0000 0.0000
2 0
0.3123275432 0.1460133763 
0.0000 0.0000 0.0000
3 0
0.0554142115 -0.0002298302 
0.0000 0.0000 0.0000
4 0
16.310276895 14.6491868152 
0.0000 0.0000 0.0000
5 0
1.3347979426 15.2592386786 
0.0000 0.0000 0.0000
6 0
1.3241838016 -13.4365499834 
0.0000 0.0000 0.0000

O-HEB4HEB4
# Add commentary
7
0 0
0.6013129221 0.7398314835
0.0000 0.0000 0.0000
1 0
8.2298598129 3.8145328444
0.0000 0.0000 0.0000
2 0
0.3123275432 0.1460133763 
0.0000 0.0000 0.0000
3 0
0.0554142115 -0.0002298302 
0.0000 0.0000 0.0000
4 0
16.310276895 14.6491868152 
0.0000 0.0000 0.0000
5 0
1.3347979426 15.2592386786 
0.0000 0.0000 0.0000
6 0
1.3241838016 -13.4365499834 
0.0000 0.0000 0.0000

O-HEA4HEB4
# Add commentary
7
0 0
0.6013129221 0.7398314835
0.0000 0.0000 0.0000
1 0
8.2298598129 3.8145328444
0.0000 0.0000 0.0000
2 0
0.3123275432 0.1460133763 
0.0000 0.0000 0.0000
3 0
0.0554142115 -0.0002298302 
0.0000 0.0000 0.0000
4 0
16.310276895 14.6491868152 
0.0000 0.0000 0.0000
5 0
1.3347979426 15.2592386786 
0.0000 0.0000 0.0000
6 0
1.3241838016 -13.4365499834 
0.0000 0.0000 0.0000

O-HES3HES3
# Add commentary
7
0 0
0.6013129221 0.7398314835
0.0000 0.0000 0.0000
1 0
8.2298598129 3.8145328444
0.0000 0.0000 0.0000
2 0
0.3123275432 0.1460133763 
0.0000 0.0000 0.0000
3 0
0.0554142115 -0.0002298302 
0.0000 0.0000 0.0000
4 0
16.310276895 14.6491868152 
0.0000 0.0000 0.0000
5 0
1.3347979426 15.2592386786 
0.0000 0.0000 0.0000
6 0
1.3241838016 -13.4365499834 
0.0000 0.0000 0.0000

O-HES4HES4
# Add commentary
7
0 0
0.6013129221 0.7398314835
0.0000 0.0000 0.0000
1 0
8.2298598129 3.8145328444
0.0000 0.0000 0.0000
2 0
0.3123275432 0.1460133763 
0.0000 0.0000 0.0000
3 0
0.0554142115 -0.0002298302 
0.0000 0.0000 0.0000
4 0
16.310276895 14.6491868152 
0.0000 0.0000 0.0000
5 0
1.3347979426 15.2592386786 
0.0000 0.0000 0.0000
6 0
1.3241838016 -13.4365499834 
0.0000 0.0000 0.0000

