#Fitted from CCSD(T)/def2-TZVPPD with constant ROH		
O-H_1H_1		
26		
1	0	
10.000000000	1.313644267	
0.0	0.0	0.0
2	0	
7.498942093	3.312208762	
0.0	0.0	0.0
3	0	
5.623413252	-4.290599715	
0.0	0.0	0.0
4	0	
4.216965034	-2.400490962	
0.0	0.0	0.0
5	0	
3.162277660	6.160643793	
0.0	0.0	0.0
6	0	
2.371373706	2.406172066	
0.0	0.0	0.0
7	0	
1.778279410	-6.852617537	
0.0	0.0	0.0
8	0	
1.333521432	-1.043562213	
0.0	0.0	0.0
9	0	
1.000000000	7.556790649	
0.0	0.0	0.0
10	0	
0.749894209	0.777037995	
0.0	0.0	0.0
11	0	
0.562341325	-8.976316536	
0.0	0.0	0.0
12	0	
0.421696503	0.575296040	
0.0	0.0	0.0
13	0	
0.316227766	8.672468936	
0.0	0.0	0.0
14	0	
0.237137371	-0.855388714	
0.0	0.0	0.0
15	0	
0.177827941	-6.271012179	
0.0	0.0	0.0
16	0	
0.133352143	1.152328020	
0.0	0.0	0.0
17	0	
0.100000000	3.403807143	
0.0	0.0	0.0
18	0	
0.074989421	-1.745300340	
0.0	0.0	0.0
19	0	
0.056234133	-1.349326021	
0.0	0.0	0.0
20	0	
0.042169650	1.605561812	
0.0	0.0	0.0
21	0	
0.031622777	-0.267553445	
0.0	0.0	0.0
22	0	
0.023713737	0.034566428	
0.0	0.0	0.0
23	0	
0.017782794	-0.185356609	
0.0	0.0	0.0
24	0	
0.013335214	-0.103128899	
0.0	0.0	0.0
25	0	
0.010000000	0.128087663	
0.0	0.0	0.0
26	0	
0.000000000	0.085213897	
0.0	0.0	0.0

O-H-A_1H-A_1		
26		
1	0	
10.000000000	1.313644267	
0.0	0.0	0.0
2	0	
7.498942093	3.312208762	
0.0	0.0	0.0
3	0	
5.623413252	-4.290599715	
0.0	0.0	0.0
4	0	
4.216965034	-2.400490962	
0.0	0.0	0.0
5	0	
3.162277660	6.160643793	
0.0	0.0	0.0
6	0	
2.371373706	2.406172066	
0.0	0.0	0.0
7	0	
1.778279410	-6.852617537	
0.0	0.0	0.0
8	0	
1.333521432	-1.043562213	
0.0	0.0	0.0
9	0	
1.000000000	7.556790649	
0.0	0.0	0.0
10	0	
0.749894209	0.777037995	
0.0	0.0	0.0
11	0	
0.562341325	-8.976316536	
0.0	0.0	0.0
12	0	
0.421696503	0.575296040	
0.0	0.0	0.0
13	0	
0.316227766	8.672468936	
0.0	0.0	0.0
14	0	
0.237137371	-0.855388714	
0.0	0.0	0.0
15	0	
0.177827941	-6.271012179	
0.0	0.0	0.0
16	0	
0.133352143	1.152328020	
0.0	0.0	0.0
17	0	
0.100000000	3.403807143	
0.0	0.0	0.0
18	0	
0.074989421	-1.745300340	
0.0	0.0	0.0
19	0	
0.056234133	-1.349326021	
0.0	0.0	0.0
20	0	
0.042169650	1.605561812	
0.0	0.0	0.0
21	0	
0.031622777	-0.267553445	
0.0	0.0	0.0
22	0	
0.023713737	0.034566428	
0.0	0.0	0.0
23	0	
0.017782794	-0.185356609	
0.0	0.0	0.0
24	0	
0.013335214	-0.103128899	
0.0	0.0	0.0
25	0	
0.010000000	0.128087663	
0.0	0.0	0.0
26	0	
0.000000000	0.085213897	
0.0	0.0	0.0

O-H-A_1H-B_1		
26		
1	0	
10.000000000	1.313644267	
0.0	0.0	0.0
2	0	
7.498942093	3.312208762	
0.0	0.0	0.0
3	0	
5.623413252	-4.290599715	
0.0	0.0	0.0
4	0	
4.216965034	-2.400490962	
0.0	0.0	0.0
5	0	
3.162277660	6.160643793	
0.0	0.0	0.0
6	0	
2.371373706	2.406172066	
0.0	0.0	0.0
7	0	
1.778279410	-6.852617537	
0.0	0.0	0.0
8	0	
1.333521432	-1.043562213	
0.0	0.0	0.0
9	0	
1.000000000	7.556790649	
0.0	0.0	0.0
10	0	
0.749894209	0.777037995	
0.0	0.0	0.0
11	0	
0.562341325	-8.976316536	
0.0	0.0	0.0
12	0	
0.421696503	0.575296040	
0.0	0.0	0.0
13	0	
0.316227766	8.672468936	
0.0	0.0	0.0
14	0	
0.237137371	-0.855388714	
0.0	0.0	0.0
15	0	
0.177827941	-6.271012179	
0.0	0.0	0.0
16	0	
0.133352143	1.152328020	
0.0	0.0	0.0
17	0	
0.100000000	3.403807143	
0.0	0.0	0.0
18	0	
0.074989421	-1.745300340	
0.0	0.0	0.0
19	0	
0.056234133	-1.349326021	
0.0	0.0	0.0
20	0	
0.042169650	1.605561812	
0.0	0.0	0.0
21	0	
0.031622777	-0.267553445	
0.0	0.0	0.0
22	0	
0.023713737	0.034566428	
0.0	0.0	0.0
23	0	
0.017782794	-0.185356609	
0.0	0.0	0.0
24	0	
0.013335214	-0.103128899	
0.0	0.0	0.0
25	0	
0.010000000	0.128087663	
0.0	0.0	0.0
26	0	
0.000000000	0.085213897	
0.0	0.0	0.0

O-H-B_1H-B_1		
26		
1	0	
10.000000000	1.313644267	
0.0	0.0	0.0
2	0	
7.498942093	3.312208762	
0.0	0.0	0.0
3	0	
5.623413252	-4.290599715	
0.0	0.0	0.0
4	0	
4.216965034	-2.400490962	
0.0	0.0	0.0
5	0	
3.162277660	6.160643793	
0.0	0.0	0.0
6	0	
2.371373706	2.406172066	
0.0	0.0	0.0
7	0	
1.778279410	-6.852617537	
0.0	0.0	0.0
8	0	
1.333521432	-1.043562213	
0.0	0.0	0.0
9	0	
1.000000000	7.556790649	
0.0	0.0	0.0
10	0	
0.749894209	0.777037995	
0.0	0.0	0.0
11	0	
0.562341325	-8.976316536	
0.0	0.0	0.0
12	0	
0.421696503	0.575296040	
0.0	0.0	0.0
13	0	
0.316227766	8.672468936	
0.0	0.0	0.0
14	0	
0.237137371	-0.855388714	
0.0	0.0	0.0
15	0	
0.177827941	-6.271012179	
0.0	0.0	0.0
16	0	
0.133352143	1.152328020	
0.0	0.0	0.0
17	0	
0.100000000	3.403807143	
0.0	0.0	0.0
18	0	
0.074989421	-1.745300340	
0.0	0.0	0.0
19	0	
0.056234133	-1.349326021	
0.0	0.0	0.0
20	0	
0.042169650	1.605561812	
0.0	0.0	0.0
21	0	
0.031622777	-0.267553445	
0.0	0.0	0.0
22	0	
0.023713737	0.034566428	
0.0	0.0	0.0
23	0	
0.017782794	-0.185356609	
0.0	0.0	0.0
24	0	
0.013335214	-0.103128899	
0.0	0.0	0.0
25	0	
0.010000000	0.128087663	
0.0	0.0	0.0
26	0	
0.000000000	0.085213897	
0.0	0.0	0.0

O-X0.5+X0.5+
26		
1	0	
10.000000000	1.313644267	
0.0	0.0	0.0
2	0	
7.498942093	3.312208762	
0.0	0.0	0.0
3	0	
5.623413252	-4.290599715	
0.0	0.0	0.0
4	0	
4.216965034	-2.400490962	
0.0	0.0	0.0
5	0	
3.162277660	6.160643793	
0.0	0.0	0.0
6	0	
2.371373706	2.406172066	
0.0	0.0	0.0
7	0	
1.778279410	-6.852617537	
0.0	0.0	0.0
8	0	
1.333521432	-1.043562213	
0.0	0.0	0.0
9	0	
1.000000000	7.556790649	
0.0	0.0	0.0
10	0	
0.749894209	0.777037995	
0.0	0.0	0.0
11	0	
0.562341325	-8.976316536	
0.0	0.0	0.0
12	0	
0.421696503	0.575296040	
0.0	0.0	0.0
13	0	
0.316227766	8.672468936	
0.0	0.0	0.0
14	0	
0.237137371	-0.855388714	
0.0	0.0	0.0
15	0	
0.177827941	-6.271012179	
0.0	0.0	0.0
16	0	
0.133352143	1.152328020	
0.0	0.0	0.0
17	0	
0.100000000	3.403807143	
0.0	0.0	0.0
18	0	
0.074989421	-1.745300340	
0.0	0.0	0.0
19	0	
0.056234133	-1.349326021	
0.0	0.0	0.0
20	0	
0.042169650	1.605561812	
0.0	0.0	0.0
21	0	
0.031622777	-0.267553445	
0.0	0.0	0.0
22	0	
0.023713737	0.034566428	
0.0	0.0	0.0
23	0	
0.017782794	-0.185356609	
0.0	0.0	0.0
24	0	
0.013335214	-0.103128899	
0.0	0.0	0.0
25	0	
0.010000000	0.128087663	
0.0	0.0	0.0
26	0	
0.000000000	0.085213897	
0.0	0.0	0.0

O-X0.5+Y0.5+
26		
1	0	
10.000000000	1.313644267	
0.0	0.0	0.0
2	0	
7.498942093	3.312208762	
0.0	0.0	0.0
3	0	
5.623413252	-4.290599715	
0.0	0.0	0.0
4	0	
4.216965034	-2.400490962	
0.0	0.0	0.0
5	0	
3.162277660	6.160643793	
0.0	0.0	0.0
6	0	
2.371373706	2.406172066	
0.0	0.0	0.0
7	0	
1.778279410	-6.852617537	
0.0	0.0	0.0
8	0	
1.333521432	-1.043562213	
0.0	0.0	0.0
9	0	
1.000000000	7.556790649	
0.0	0.0	0.0
10	0	
0.749894209	0.777037995	
0.0	0.0	0.0
11	0	
0.562341325	-8.976316536	
0.0	0.0	0.0
12	0	
0.421696503	0.575296040	
0.0	0.0	0.0
13	0	
0.316227766	8.672468936	
0.0	0.0	0.0
14	0	
0.237137371	-0.855388714	
0.0	0.0	0.0
15	0	
0.177827941	-6.271012179	
0.0	0.0	0.0
16	0	
0.133352143	1.152328020	
0.0	0.0	0.0
17	0	
0.100000000	3.403807143	
0.0	0.0	0.0
18	0	
0.074989421	-1.745300340	
0.0	0.0	0.0
19	0	
0.056234133	-1.349326021	
0.0	0.0	0.0
20	0	
0.042169650	1.605561812	
0.0	0.0	0.0
21	0	
0.031622777	-0.267553445	
0.0	0.0	0.0
22	0	
0.023713737	0.034566428	
0.0	0.0	0.0
23	0	
0.017782794	-0.185356609	
0.0	0.0	0.0
24	0	
0.013335214	-0.103128899	
0.0	0.0	0.0
25	0	
0.010000000	0.128087663	
0.0	0.0	0.0
26	0	
0.000000000	0.085213897	
0.0	0.0	0.0

O-Y0.5+Y0.5+
26		
1	0	
10.000000000	1.313644267	
0.0	0.0	0.0
2	0	
7.498942093	3.312208762	
0.0	0.0	0.0
3	0	
5.623413252	-4.290599715	
0.0	0.0	0.0
4	0	
4.216965034	-2.400490962	
0.0	0.0	0.0
5	0	
3.162277660	6.160643793	
0.0	0.0	0.0
6	0	
2.371373706	2.406172066	
0.0	0.0	0.0
7	0	
1.778279410	-6.852617537	
0.0	0.0	0.0
8	0	
1.333521432	-1.043562213	
0.0	0.0	0.0
9	0	
1.000000000	7.556790649	
0.0	0.0	0.0
10	0	
0.749894209	0.777037995	
0.0	0.0	0.0
11	0	
0.562341325	-8.976316536	
0.0	0.0	0.0
12	0	
0.421696503	0.575296040	
0.0	0.0	0.0
13	0	
0.316227766	8.672468936	
0.0	0.0	0.0
14	0	
0.237137371	-0.855388714	
0.0	0.0	0.0
15	0	
0.177827941	-6.271012179	
0.0	0.0	0.0
16	0	
0.133352143	1.152328020	
0.0	0.0	0.0
17	0	
0.100000000	3.403807143	
0.0	0.0	0.0
18	0	
0.074989421	-1.745300340	
0.0	0.0	0.0
19	0	
0.056234133	-1.349326021	
0.0	0.0	0.0
20	0	
0.042169650	1.605561812	
0.0	0.0	0.0
21	0	
0.031622777	-0.267553445	
0.0	0.0	0.0
22	0	
0.023713737	0.034566428	
0.0	0.0	0.0
23	0	
0.017782794	-0.185356609	
0.0	0.0	0.0
24	0	
0.013335214	-0.103128899	
0.0	0.0	0.0
25	0	
0.010000000	0.128087663	
0.0	0.0	0.0
26	0	
0.000000000	0.085213897	
0.0	0.0	0.0
