#Fitted from CCSD(T)/def2-TZVPPD with constant RHH		
O-H-A_1		
27		
1	0	
13.892336977	9.839539381	
0.0	0.0	0.0
2	0	
10.000000000	15.916259785	
0.0	0.0	0.0
3	0	
7.498942093	-18.199008237	
0.0	0.0	0.0
4	0	
5.623413252	6.723316202	
0.0	0.0	0.0
5	0	
4.216965034	4.671467422	
0.0	0.0	0.0
6	0	
3.162277660	1.703771884	
0.0	0.0	0.0
7	0	
2.371373706	0.297676262	
0.0	0.0	0.0
8	0	
1.778279410	0.967600283	
0.0	0.0	0.0
9	0	
1.333521432	1.034932150	
0.0	0.0	0.0
10	0	
1.000000000	0.657621305	
0.0	0.0	0.0
11	0	
0.749894209	-0.327381267	
0.0	0.0	0.0
12	0	
0.562341325	0.221528399	
0.0	0.0	0.0
13	0	
0.421696503	-0.255694044	
0.0	0.0	0.0
14	0	
0.316227766	0.097853405	
0.0	0.0	0.0
15	0	
0.237137371	0.744489008	
0.0	0.0	0.0
16	0	
0.177827941	-0.750090202	
0.0	0.0	0.0
17	0	
0.133352143	-0.309090719	
0.0	0.0	0.0
18	0	
0.100000000	-0.998800172	
0.0	0.0	0.0
19	0	
0.074989421	0.718795407	
0.0	0.0	0.0
20	0	
0.056234133	0.228002288	
0.0	0.0	0.0
21	0	
0.042169650	0.573744431	
0.0	0.0	0.0
22	0	
0.031622777	-0.056969092	
0.0	0.0	0.0
23	0	
0.023713737	-0.392241803	
0.0	0.0	0.0
24	0	
0.017782794	-0.569609681	
0.0	0.0	0.0
25	0	
0.013335214	0.759323484	
0.0	0.0	0.0
26	0	
0.010000000	-0.194525832	
0.0	0.0	0.0
27	0	
0.000000000	0.138912412	
0.0	0.0	0.0

O-H-B_1		
27		
1	0	
13.892336977	9.839539381	
0.0	0.0	0.0
2	0	
10.000000000	15.916259785	
0.0	0.0	0.0
3	0	
7.498942093	-18.199008237	
0.0	0.0	0.0
4	0	
5.623413252	6.723316202	
0.0	0.0	0.0
5	0	
4.216965034	4.671467422	
0.0	0.0	0.0
6	0	
3.162277660	1.703771884	
0.0	0.0	0.0
7	0	
2.371373706	0.297676262	
0.0	0.0	0.0
8	0	
1.778279410	0.967600283	
0.0	0.0	0.0
9	0	
1.333521432	1.034932150	
0.0	0.0	0.0
10	0	
1.000000000	0.657621305	
0.0	0.0	0.0
11	0	
0.749894209	-0.327381267	
0.0	0.0	0.0
12	0	
0.562341325	0.221528399	
0.0	0.0	0.0
13	0	
0.421696503	-0.255694044	
0.0	0.0	0.0
14	0	
0.316227766	0.097853405	
0.0	0.0	0.0
15	0	
0.237137371	0.744489008	
0.0	0.0	0.0
16	0	
0.177827941	-0.750090202	
0.0	0.0	0.0
17	0	
0.133352143	-0.309090719	
0.0	0.0	0.0
18	0	
0.100000000	-0.998800172	
0.0	0.0	0.0
19	0	
0.074989421	0.718795407	
0.0	0.0	0.0
20	0	
0.056234133	0.228002288	
0.0	0.0	0.0
21	0	
0.042169650	0.573744431	
0.0	0.0	0.0
22	0	
0.031622777	-0.056969092	
0.0	0.0	0.0
23	0	
0.023713737	-0.392241803	
0.0	0.0	0.0
24	0	
0.017782794	-0.569609681	
0.0	0.0	0.0
25	0	
0.013335214	0.759323484	
0.0	0.0	0.0
26	0	
0.010000000	-0.194525832	
0.0	0.0	0.0
27	0	
0.000000000	0.138912412	
0.0	0.0	0.0

O-H_1		
27		
1	0	
13.892336977	9.839539381	
0.0	0.0	0.0
2	0	
10.000000000	15.916259785	
0.0	0.0	0.0
3	0	
7.498942093	-18.199008237	
0.0	0.0	0.0
4	0	
5.623413252	6.723316202	
0.0	0.0	0.0
5	0	
4.216965034	4.671467422	
0.0	0.0	0.0
6	0	
3.162277660	1.703771884	
0.0	0.0	0.0
7	0	
2.371373706	0.297676262	
0.0	0.0	0.0
8	0	
1.778279410	0.967600283	
0.0	0.0	0.0
9	0	
1.333521432	1.034932150	
0.0	0.0	0.0
10	0	
1.000000000	0.657621305	
0.0	0.0	0.0
11	0	
0.749894209	-0.327381267	
0.0	0.0	0.0
12	0	
0.562341325	0.221528399	
0.0	0.0	0.0
13	0	
0.421696503	-0.255694044	
0.0	0.0	0.0
14	0	
0.316227766	0.097853405	
0.0	0.0	0.0
15	0	
0.237137371	0.744489008	
0.0	0.0	0.0
16	0	
0.177827941	-0.750090202	
0.0	0.0	0.0
17	0	
0.133352143	-0.309090719	
0.0	0.0	0.0
18	0	
0.100000000	-0.998800172	
0.0	0.0	0.0
19	0	
0.074989421	0.718795407	
0.0	0.0	0.0
20	0	
0.056234133	0.228002288	
0.0	0.0	0.0
21	0	
0.042169650	0.573744431	
0.0	0.0	0.0
22	0	
0.031622777	-0.056969092	
0.0	0.0	0.0
23	0	
0.023713737	-0.392241803	
0.0	0.0	0.0
24	0	
0.017782794	-0.569609681	
0.0	0.0	0.0
25	0	
0.013335214	0.759323484	
0.0	0.0	0.0
26	0	
0.010000000	-0.194525832	
0.0	0.0	0.0
27	0	
0.000000000	0.138912412	
0.0	0.0	0.0

O-X0.5+
27		
1	0	
13.892336977	9.839539381	
0.0	0.0	0.0
2	0	
10.000000000	15.916259785	
0.0	0.0	0.0
3	0	
7.498942093	-18.199008237	
0.0	0.0	0.0
4	0	
5.623413252	6.723316202	
0.0	0.0	0.0
5	0	
4.216965034	4.671467422	
0.0	0.0	0.0
6	0	
3.162277660	1.703771884	
0.0	0.0	0.0
7	0	
2.371373706	0.297676262	
0.0	0.0	0.0
8	0	
1.778279410	0.967600283	
0.0	0.0	0.0
9	0	
1.333521432	1.034932150	
0.0	0.0	0.0
10	0	
1.000000000	0.657621305	
0.0	0.0	0.0
11	0	
0.749894209	-0.327381267	
0.0	0.0	0.0
12	0	
0.562341325	0.221528399	
0.0	0.0	0.0
13	0	
0.421696503	-0.255694044	
0.0	0.0	0.0
14	0	
0.316227766	0.097853405	
0.0	0.0	0.0
15	0	
0.237137371	0.744489008	
0.0	0.0	0.0
16	0	
0.177827941	-0.750090202	
0.0	0.0	0.0
17	0	
0.133352143	-0.309090719	
0.0	0.0	0.0
18	0	
0.100000000	-0.998800172	
0.0	0.0	0.0
19	0	
0.074989421	0.718795407	
0.0	0.0	0.0
20	0	
0.056234133	0.228002288	
0.0	0.0	0.0
21	0	
0.042169650	0.573744431	
0.0	0.0	0.0
22	0	
0.031622777	-0.056969092	
0.0	0.0	0.0
23	0	
0.023713737	-0.392241803	
0.0	0.0	0.0
24	0	
0.017782794	-0.569609681	
0.0	0.0	0.0
25	0	
0.013335214	0.759323484	
0.0	0.0	0.0
26	0	
0.010000000	-0.194525832	
0.0	0.0	0.0
27	0	
0.000000000	0.138912412	
0.0	0.0	0.0

O-Y0.5+
27		
1	0	
13.892336977	9.839539381	
0.0	0.0	0.0
2	0	
10.000000000	15.916259785	
0.0	0.0	0.0
3	0	
7.498942093	-18.199008237	
0.0	0.0	0.0
4	0	
5.623413252	6.723316202	
0.0	0.0	0.0
5	0	
4.216965034	4.671467422	
0.0	0.0	0.0
6	0	
3.162277660	1.703771884	
0.0	0.0	0.0
7	0	
2.371373706	0.297676262	
0.0	0.0	0.0
8	0	
1.778279410	0.967600283	
0.0	0.0	0.0
9	0	
1.333521432	1.034932150	
0.0	0.0	0.0
10	0	
1.000000000	0.657621305	
0.0	0.0	0.0
11	0	
0.749894209	-0.327381267	
0.0	0.0	0.0
12	0	
0.562341325	0.221528399	
0.0	0.0	0.0
13	0	
0.421696503	-0.255694044	
0.0	0.0	0.0
14	0	
0.316227766	0.097853405	
0.0	0.0	0.0
15	0	
0.237137371	0.744489008	
0.0	0.0	0.0
16	0	
0.177827941	-0.750090202	
0.0	0.0	0.0
17	0	
0.133352143	-0.309090719	
0.0	0.0	0.0
18	0	
0.100000000	-0.998800172	
0.0	0.0	0.0
19	0	
0.074989421	0.718795407	
0.0	0.0	0.0
20	0	
0.056234133	0.228002288	
0.0	0.0	0.0
21	0	
0.042169650	0.573744431	
0.0	0.0	0.0
22	0	
0.031622777	-0.056969092	
0.0	0.0	0.0
23	0	
0.023713737	-0.392241803	
0.0	0.0	0.0
24	0	
0.017782794	-0.569609681	
0.0	0.0	0.0
25	0	
0.013335214	0.759323484	
0.0	0.0	0.0
26	0	
0.010000000	-0.194525832	
0.0	0.0	0.0
27	0	
0.000000000	0.138912412	
0.0	0.0	0.0
