O-E+
#
75
1 0
0.00100000 5.54184931e-05
0.0 0.0 0.0 
2 0
0.00200000 -3.13779492e-04
0.0 0.0 0.0 
3 0
0.00400000 9.04049799e-04
0.0 0.0 0.0 
4 0
0.00800000 -2.12522077e-03
0.0 0.0 0.0 
5 0
0.01600000 3.87173851e-03
0.0 0.0 0.0 
6 0
0.03200000 -8.73601204e-03
0.0 0.0 0.0 
7 0
0.06400000 1.14735475e-02
0.0 0.0 0.0 
8 0
0.12800000 -4.72928673e-02
0.0 0.0 0.0 
9 0
0.25600000 2.69561602e-02
0.0 0.0 0.0 
10 0
0.51200000 -5.99547227e-01
0.0 0.0 0.0 
11 0
1.00000000 2.49567001e+00
0.0 0.0 0.0 
12 0
2.00000000 -1.58853626e+01
0.0 0.0 0.0 
13 0
3.00000000 1.02869857e+02
0.0 0.0 0.0 
14 0
4.00000000 -4.84505922e+02
0.0 0.0 0.0 
15 0
5.00000000 1.57737036e+03
0.0 0.0 0.0 
16 0
6.00000000 -3.49472769e+03
0.0 0.0 0.0 
17 0
7.00000000 5.16289083e+03
0.0 0.0 0.0 
18 0
8.00000000 -4.86613802e+03
0.0 0.0 0.0 
19 0
9.00000000 2.64938801e+03
0.0 0.0 0.0 
20 0
10.00000000 -6.35277087e+02
0.0 0.0 0.0 
21 0
20.00000000 2.96324097e+00
0.0 0.0 0.0 
22 0
30.00000000 -1.33083641e+00
0.0 0.0 0.0 
23 0
40.00000000 6.90328891e-01
0.0 0.0 0.0 
24 0
50.00000000 -1.91894701e-01
0.0 0.0 0.0 
25 0
100.00000000 3.28071254e-03
0.0 0.0 0.0 
26 0
0.00100000 1.83725966e-04
0.0 0.0 2.00122407 
27 0
0.00200000 -1.04025627e-03
0.0 0.0 2.00122407 
28 0
0.00400000 2.99714747e-03
0.0 0.0 2.00122407 
29 0
0.00800000 -7.04562920e-03
0.0 0.0 2.00122407 
30 0
0.01600000 1.28357643e-02
0.0 0.0 2.00122407 
31 0
0.03200000 -2.89620251e-02
0.0 0.0 2.00122407 
32 0
0.06400000 3.80376269e-02
0.0 0.0 2.00122407 
33 0
0.12800000 -1.56787465e-01
0.0 0.0 2.00122407 
34 0
0.25600000 8.93662878e-02
0.0 0.0 2.00122407 
35 0
0.51200000 -1.98764623e+00
0.0 0.0 2.00122407 
36 0
1.00000000 8.27375871e+00
0.0 0.0 2.00122407 
37 0
2.00000000 -5.26638762e+01
0.0 0.0 2.00122407 
38 0
3.00000000 3.41038823e+02
0.0 0.0 2.00122407 
39 0
4.00000000 -1.60625604e+03
0.0 0.0 2.00122407 
40 0
5.00000000 5.22936981e+03
0.0 0.0 2.00122407 
41 0
6.00000000 -1.15858798e+04
0.0 0.0 2.00122407 
42 0
7.00000000 1.71162498e+04
0.0 0.0 2.00122407 
43 0
8.00000000 -1.61324413e+04
0.0 0.0 2.00122407 
44 0
9.00000000 8.78337112e+03
0.0 0.0 2.00122407 
45 0
10.00000000 -2.10609936e+03
0.0 0.0 2.00122407 
46 0
20.00000000 9.82387002e+00
0.0 0.0 2.00122407 
47 0
30.00000000 -4.41204866e+00
0.0 0.0 2.00122407 
48 0
40.00000000 2.28860929e+00
0.0 0.0 2.00122407 
49 0
50.00000000 -6.36177904e-01
0.0 0.0 2.00122407 
50 0
100.00000000 1.08763645e-02
0.0 0.0 2.00122407 
51 0
0.00100000 1.36899585e-04
0.0 0.0 4.13094978 
52 0
0.00200000 -7.75125193e-04
0.0 0.0 4.13094978 
53 0
0.00400000 2.23326139e-03
0.0 0.0 4.13094978 
54 0
0.00800000 -5.24990156e-03
0.0 0.0 4.13094978 
55 0
0.01600000 9.56429738e-03
0.0 0.0 4.13094978 
56 0
0.03200000 -2.15804360e-02
0.0 0.0 4.13094978 
57 0
0.06400000 2.83429270e-02
0.0 0.0 4.13094978 
58 0
0.12800000 -1.16826829e-01
0.0 0.0 4.13094978 
59 0
0.25600000 6.65893826e-02
0.0 0.0 4.13094978 
60 0
0.51200000 -1.48105207e+00
0.0 0.0 4.13094978 
61 0
1.00000000 6.16501432e+00
0.0 0.0 4.13094978 
62 0
2.00000000 -3.92413610e+01
0.0 0.0 4.13094978 
63 0
3.00000000 2.54117786e+02
0.0 0.0 4.13094978 
64 0
4.00000000 -1.19686735e+03
0.0 0.0 4.13094978 
65 0
5.00000000 3.89655315e+03
0.0 0.0 4.13094978 
66 0
6.00000000 -8.63297077e+03
0.0 0.0 4.13094978 
67 0
7.00000000 1.27538079e+04
0.0 0.0 4.13094978 
68 0
8.00000000 -1.20207441e+04
0.0 0.0 4.13094978 
69 0
9.00000000 6.54474144e+03
0.0 0.0 4.13094978 
70 0
10.00000000 -1.56931497e+03
0.0 0.0 4.13094978 
71 0
20.00000000 7.32004731e+00
0.0 0.0 4.13094978 
72 0
30.00000000 -3.28754407e+00
0.0 0.0 4.13094978 
73 0
40.00000000 1.70530849e+00
0.0 0.0 4.13094978 
74 0
50.00000000 -4.74034426e-01
0.0 0.0 4.13094978 
75 0
100.00000000 8.10429178e-03
0.0 0.0 4.13094978 
